2.264106799196052844e+00
-4.128510367864393515e+00
-9.301840061594671027e+00
-1.913641370635690109e+01
-9.860416552030851989e+00
5.244509074583517005e+00
3.007291183510417909e+01
-3.126641426888087949e+01
-1.646045861728040549e+01
-3.803289196208713641e+00
-1.829589050050402577e+01
-9.800890539315101790e+00
-2.591105502730464583e+00
-2.035301138572764845e+00
3.708475817247104089e+01
-4.870447208811882867e+00
-4.385543092528111586e+00
-1.579694925101542968e-01
3.413280307253189871e+00
-4.451796728164199024e-01
7.825507490462641158e+00
8.043283655773036500e+00
-9.435749394495433151e+00
-6.312431891519672433e+00
7.597056465742893394e+00
-1.041925259613375232e+01
-6.380953334220808237e+00
2.514011352872276728e+00
-1.600106238693557259e+01
-1.996725854196339611e+01
7.536168414631159607e+00
-1.189865490615794830e+00
-5.984187209829448406e+00
-3.203570729230366787e+00
3.679071084043368245e+01
-4.501055578327552098e+00
6.358189445321655420e+00
2.017480546480067805e+00
3.195533206289788986e+00
2.830612890366203160e+01
1.219999347786546906e+01
8.295942405098612582e+00
7.594638134624114301e-01
6.136979025612248506e+00
-1.088296105926916724e+01
5.861836059733131599e+00
-6.778630560329234278e+00
-4.831655174201744174e+00
-1.539266302698064948e+01
3.071176580133624867e+01
-1.185046633449139009e+01
-1.782782696452269633e+01
-2.675706065793204758e+01
-1.972275076946247196e+01
-2.424846577001348091e+00
-2.155872187256071992e+00
1.890569951099106416e-01
2.446452024257990576e+00
4.355788527223103834e+00
1.477564822412400680e+01
-1.476631867554879962e+00
1.224190613903077107e+01
-6.180227525568846580e-01
1.360225328666777145e+01
1.486300462421129787e+01
-1.191238893124064724e+00
1.791122164008125850e+01
5.165983777575091196e+00
5.946321907335566870e+00
1.066937569607623715e+01
-8.913959397122727779e+00
-1.894290277096135711e+01
7.466121744453954712e+00
-3.763306392021333657e+00
1.573120648963232071e+01
-3.435465433753163822e+00
4.457915549681625400e+00
1.645583505095023469e+01
1.531543338174554236e+01
6.951322165823856203e+00
-4.643807281453295133e+00
1.484879102562635822e+01
1.342497555411713783e+01
-1.142058294812035868e+01
7.072995003775645051e-03
1.409855320814554247e+01
-1.349359952982706545e+01
3.444569078350174607e+01
3.568618980055869194e+00
-4.879401970820141266e+00
-1.580131627867723942e+01
-1.342705467477968284e+01
-3.167331718959719566e+01
4.612625735132622196e-01
-1.563791180543859483e+01
-9.002091518128006342e+00
-3.090412794061323076e+00
-1.271289377335991766e+01
8.183746508066377601e+00
4.812308106048673650e+00
6.624652766863249553e+00
1.754739527212139549e+00
5.131777144907240240e-02
-2.455731931603064133e+00
4.229292763910975594e+01
-3.257885034406493130e+00
-1.744999503379101569e+01
-3.871232086560474528e+01
-1.193113644274184182e+01
6.379229455908062008e+00
8.245156095435191901e+00
-2.136564080972384616e+01
-1.726311924723506408e+01
-9.416410522013192619e+00
-1.646185786143308150e+01
7.444629249307881835e+00
-2.475500143606135239e+00
1.866889296875970672e+01
3.245282317866580168e+00
-1.626518319325345630e+01
-5.158890557739340466e+00
1.763864177373821818e+01
4.974302515287848614e+00
-4.067039267804219982e+00
-1.664952125083245704e+01
-3.752875092221783060e+00
-1.494896397101232122e+00
-1.084193701391200726e+01
8.528010361896654956e+00
-1.541434058260998796e+01
-1.179245918088824219e+01
6.511661384484161985e+00
6.729688500984792654e+00
-2.800314369996735664e+01
-3.033294574638816243e+00
-1.030266723112329430e+01
2.167591075365076136e+01
-1.511819100766458135e+01
7.776517766104063867e+00
3.690027640365542538e+00
-1.759007284078613864e+01
-1.734165293677419584e+01
1.454673006432727789e+01
1.100241062617882015e+01
-7.737407956327064795e+00
1.045413469643086835e+01
1.253463843425200075e+01
-5.338764713712046417e-01
1.147646921169446443e+01
1.428786209997420542e+01
-1.623731535189879338e+01
-1.715019994889930288e+01
1.578986918023585773e+01
-2.067912989814894242e+00
4.107146950715563349e+00
1.594344905757971986e+01
-9.625225107847485972e+00
-1.114701452045736296e+01
-2.043391360012438795e+01
-1.346252811903879687e+00
-1.918273401555246505e+00
-7.613740977550501832e+00
1.509019560171655705e+01
-1.208695080559488133e+01
-1.006706118937069405e+01
-1.542749130375594646e+01
-1.582116289281044175e+01
8.261176172219133917e+00
-4.459003339673042632e+00
-2.594442119274927627e+00
2.062851879920067688e+01
1.886576526500042661e+01
-4.262225453180941592e+00
5.983234394458756711e+00
2.075615097194308589e+01
-2.034170488854032399e+01
-1.172139536031257379e+01
1.972060420236330813e+01
6.352457168014857825e-01
-9.803323427823718461e+00
-1.232128646376428271e+00
-1.955627108534310210e+01
-1.729598846020679659e+01
1.813672240425541915e+01
4.860162049933514083e-02
-3.241821913486006679e+01
6.158526172405855093e+00
2.651391461583616049e+01
-6.453171179236066202e+00
-6.143636081290276607e+00
9.233850742078248075e+00
-5.659449830893071187e+00
-2.717490270507600414e+01
-1.760332806631576119e+01
-1.349344031845888736e+01
2.039352294740330862e+01
-4.671932123089137079e+00
1.212693713823058772e+01
1.489933781612148511e+00
-1.918226384942353491e+01
1.414594492537793080e+01
1.436239738532507193e+00
-1.703470985806781357e+00
4.844546438546506906e+00
9.640433315104255385e+00
3.867762937803011170e+01
3.105908111114365155e+00
-1.225805388299515286e+01
2.118766033245482738e+00
8.775601898511231624e+00
2.122900942456896978e+00
1.060690895612355789e+01
-1.273639310592404872e+00
-2.296615815378936887e+01
-1.193780567265599757e+01
-2.903157114709440378e+00
1.005121896776094026e+01
1.392846649010934534e+01
8.057550340848221637e+00
1.712132835759536675e+01
-2.902918896705192253e+01
-1.313746800716453045e+01
1.144168452850541584e+01
5.238559776014087177e+00
-4.191753389821253251e+01
6.025890370361413950e+00
1.630052612674157331e+01
7.110102472197060486e+00
3.330423127113743931e+01
9.151381638742787317e+00
6.563594752792002218e+00
-5.762662543407889970e+00
-1.697850788231662023e+01
-2.066043793054403466e+01
-2.525741498465905011e+01
-1.964582883217968146e+01
-5.754671232679148263e-01
-8.573697097144032497e+00
-2.376405660649834317e+01
1.402186603585069236e+01
1.783102569361408740e+01
-5.748339800200386485e+00
-4.401094390443891946e+00
-2.024062179441144593e+01
-3.214030926084355855e+01
-1.935329261679297375e+01
1.480922091562186260e+01
1.714792607398082813e+00
-3.135217275009083870e+00
-2.047361857947955954e+01
2.658549045886826079e+01
3.813179750755650588e+01
1.926249658368825024e+01
2.405252621653527711e+01
7.945372885753156922e+00
-3.374187196286204227e+01
-2.440983872334822635e+01
1.203347191002805516e+00
-7.804466300799332679e+00
-1.345240273860493119e+01
-3.115897171182509418e+00
-3.210808777843202400e+00
-6.783824499784964601e+00
-5.675223531747858097e+00
-3.520497839487880753e+00
-2.668181117028958482e+01
1.613959352766731747e-01
-7.043541386378264768e+00
-3.116513586662708057e+00
6.544577129258430936e+00
-2.240558397836785787e+01
1.314206958799961455e+01
-2.087842844761496153e+01
-5.223974681115623575e+00
-2.070311671872022252e+00
1.541641020218185432e+01
1.569089698725830218e+01
7.712605163206287529e-01
1.399936776355029444e+00
-2.744004209938043815e+01
-1.567289943110875505e+01
-3.690689622153075788e+01
1.004034664568522217e+01
6.122698683352087556e+00
-1.900606179415454067e+00
1.734456097345396941e+01
-1.487018775305394058e+00
7.922677701029760655e+00
1.479513108992157377e+01
1.801836732806939345e+00
1.424278678007063981e+01
-9.729914985224953128e+00
3.406551419968334926e+01
3.250257187547868298e+00
-1.567951645807006855e+01
-5.208347378940750616e+00
-1.056648793726525204e+00
-1.331840531507820558e+01
-3.136019601039906846e+00
6.196225183749830556e+00
1.649057859322218533e+01
-1.176671709182365788e+01
-1.633667377498855267e+00
-1.287112502216873722e+01
1.302744934215047046e+01
2.304318687412324351e+01
1.149538458033378419e+01
-1.768591944443726405e+01
-1.753149483493916350e+01
-3.326433852224158727e+01
-2.724791240539065296e+00
7.549795556531197604e+00
1.857083394867321502e+01
-7.002254759177243271e-01
6.219780169455935592e+00
1.369905816423417200e+01
-2.918125614424383230e+01
1.333300142067087002e+01
-1.255604545326404420e+01
-7.387232402508778328e+00
1.799602933541650174e+01
-1.856566779078688967e+01
1.034562593358745897e+00
-1.575730197641163599e+01
8.084784869486304260e+00
-2.138708879907948912e+01
2.910961432580015940e-01
-4.807939148527657913e+00
-1.215122210687299287e+01
-1.358472289561834856e+01
-5.380947714667607684e+00
1.933879832085382944e+01
-2.289330262577485442e+01
2.775512850105172902e+01
1.324204899301699534e+01
-1.185561298309806944e+00
-3.006680883813934724e-01
-9.204275962393698052e+00
-2.207919036064059881e+01
-1.499147914101304213e+00
-3.938757295127266023e+00
2.128140573594690999e+00
7.735427348421545446e+00
5.038270059154208447e+00
-3.910944731053625389e+00
-5.652805456720066957e+00
-2.783525139010790461e+00
2.370505921323984300e+00
3.823056106058986359e+01
-3.954339112933014988e+00
6.670690713193902610e+00
-2.069595687735225553e+01
-8.359201579653254832e-01
1.770436169530001047e+00
-8.014009570386666503e-01
1.497368796455643292e+01
2.184474884809518969e+01
1.838319173961254194e+01
-3.389334519345725383e+00
-2.788806137043821076e-01
-2.055396556035333688e+01
1.352167691076191502e+01
3.111187137368317224e+01
9.916163141623105304e+00
-2.825628570183434363e+01
-8.568985757130085368e-01
3.847947237152626876e-01
-1.749457965553854422e+01
1.965683761865960477e+01
2.227087238806303304e+01
-2.749173349669399258e+01
-1.050241410505100603e+01
1.824140338259704563e+01
-9.614332709808289579e+00
1.133442049798133056e+01
8.348810870084609093e+00
8.752422231833865141e+00
-1.447473941773953321e+01
-2.587980038088164747e+01
-3.173165180632760762e+00
2.583099205823025102e+00
-7.809820011505358650e+00
3.226992988181184785e+01
-1.087719316233064148e+01
-1.558199281979220530e+00
2.237828489754686956e+00
-2.348604494656082764e+01
-1.341836175776513329e+01
3.869886855364872424e+00
2.166148957423889243e+01
-1.775435169949134639e+00
1.331124170385682248e+01
1.843435257495342761e+00
-1.956662117462886030e+01
3.370574674395112602e+00
1.964427445012463735e+01
3.648175427482721833e+00
-3.072304844822274728e+00
2.151753454685511713e+01
7.053169795995913205e+00
-1.150551341932179739e+01
-1.082516475505275011e+01
4.545759382317067221e+00
2.209185125921024451e+01
3.906213267701147629e+01
6.926903595515280898e+00
-3.003338032934686375e+00
-1.646017564926562926e+01
8.836514212578508776e+00
-2.173654427225070407e+01
-8.457456329416205065e+00
1.907599087250223491e+01
1.379203059370094797e+00
2.188158323755852308e+01
-6.350119895273953929e+00
-7.100459536949743633e-01
-2.679398889134808837e+00
6.911665867731253243e+00
3.838793629850964617e+00
-1.225695948054909223e+01
-3.058521404041638903e+01
-6.256204001856220387e+00
2.360579477934745896e+01
3.637009429187173737e+01
-1.587017443482887202e+01
-1.696955909368471893e+01
1.590972787268752953e+01
1.509534222994723329e+01
-1.141014605064934884e+01
-1.332215845937931853e+01
2.420515927421487135e+00
4.671683461389552150e+00
-9.068706656753233730e-02
2.467480374850182301e+01
1.190352824848997138e+01
-2.424506083353583463e+01
-5.649212613261019200e+00
2.046037272432721466e+01
-8.879898570762806642e+00
1.709463746143284268e+01
1.197416571707224087e+01
-2.493352937473823516e+01
-1.892936279765839114e+00
2.472244011139918740e+01
1.747944430829025464e+01
1.585023988093710479e+01
6.063793634286435363e+00
-4.975104451175171860e-02
3.481223571437015885e+00
2.256578389172479859e+01
-1.198561568815830825e+01
5.835682184861529898e+00
2.467665947114465297e+00
-2.501209989322182992e+01
-1.470482268453092978e+01
1.380387942178113647e+01
-3.571987360101600473e+01
-8.804498882397986392e+00
1.085593495106134476e+01
-1.296922403375117661e+01
-2.613055919741148703e+00
-3.599559759902999900e+01
1.892343396092438113e+01
-9.545924491273711787e-01
1.237317678269791443e+01
-3.154095136559438295e-01
3.101441288446657119e+00
-2.246686532546814874e+01
1.800603710553188108e+01
-1.157417309680334228e+01
2.876224217586444354e+01
-9.775494272918178851e+00
2.623893551471027763e+01
-2.790789755575826092e+00
-1.955153592346870539e+01
-5.068117395032235351e+00
-1.384852945890318043e-01
2.807572779353823655e+00
1.402475220576142334e+01
-8.096921944219317879e+00
-1.310817075097884654e+01
-1.688767706370326138e+01
-5.698399598967215596e+00
1.948299022118222013e+01
1.469114846829526089e+00
-1.086552990158610577e+01
1.366136900225465745e+00
-3.520956175034760882e+00
2.075066149348045741e+01
-8.448380311144683574e+00
-1.325567204002710042e+01
1.524083771756683081e+00
1.299937234450607804e+01
-4.765178336283206306e+00
-7.390723980639974933e+00
3.924209847653743921e+00
1.964648689102063983e+01
2.930294829736581619e+00
-7.598977566269336847e+00
-6.274343318910211575e-01
1.279335516963593200e+01
-9.980414603581603927e+00
2.909429075868247594e+01
5.119861147141621771e+00
7.920121189964899777e+00
3.574686145630540324e+00
-4.432317968879063486e+00
-1.268902046266969386e+01
-1.045059358793756310e+01
-4.958685238295539754e+00
2.713432836035046591e+00
8.303006450866440957e+00
3.943454542826417253e+01
-3.101047936712252096e+00
8.539807898078079162e+00
3.278307956793447442e+00
1.914214818731824197e+00
-1.372643175794392434e+01
1.378410591716011879e+01
-4.407127561802786531e+00
-3.146678382626583570e+01
9.995481727833162466e+00
-9.901962592728514867e-01
2.894403541828473791e+01
4.123499707029613326e+00
-1.856473038069733050e+01
6.063429366507053331e+00
2.547133039805804078e+00
2.302537440042357986e+01
7.976035355681945660e+00
8.077345070482316203e+00
3.978408121136797426e+00
-2.006331849259198918e+01
6.602866941753927854e+00
1.621379135785833370e+01
-1.234914003335635968e+01
1.074810118309796891e-01
-3.150315623378525842e+01
6.039266717457321576e+00
7.077244970654625433e+00
-4.715058445725691882e+00
2.712989617765129147e+00
1.476672315157018822e+01
-8.515183473367303080e+00
3.962639046681041499e+00
-3.367311888073700032e+01
-2.717310036329447698e+01
-1.693335915355638832e+01
9.805142205461631733e+00
1.190961460254303717e+01
3.170181543079086506e+00
-6.316334182104588635e+00
-2.200113557999541669e+00
-2.815027229676662301e+00
3.065273625007610026e+00
9.945500857415721541e+00
-5.034817050018972395e+00
1.757039053882522239e+01
-1.294351505045893447e+01
-1.154786533116184621e+00
3.200557245981891619e+00
-5.228961736117388170e+01
-9.254878363913697115e+00
1.495667842413828197e+01
2.074908012339961161e+01
7.470745812161768029e+00
7.825670686652465236e+00
-4.223115360829499565e+00
-2.798856241248524057e-01
-2.692371765578046805e+01
1.072304058656635384e+01
-7.792566500491813208e+00
4.254399716186941127e+00
-1.547627537048673751e+01
-2.767859542601004641e+00
-2.837819795133075829e+01
2.031836961372367867e+01
1.870936703774066245e+01
-2.214923269021815244e+01
3.143653731685126118e+01
-1.336962005538116927e+01
4.802177554531665393e+00
-2.561792242180949941e+01
-2.203923924987623195e+01
3.865989331352243852e+01
4.509253609571340249e+00
5.283064820207020063e+00
-1.357750382189262517e+01
-1.771545166566358631e+01
-1.679609391504752836e+01
2.617720063851792744e+01
-1.149833546664518735e+01
-2.167834773910029256e+01
1.930214891817253431e+01
2.767709289541168260e+01
1.994378786975179452e+01
-1.727806455269099928e+00
1.563289628924602326e-01
-9.640656345046258124e+00
5.270367821573160860e-01
-3.128958931843717650e+00
8.264754307653966237e+00
-6.598273533422234216e+00
-1.039175305733885146e+01
-2.361851682363351301e+01
-4.025602403701538989e+00
-5.743252723872723564e+00
-1.577442131465371489e+01
-3.435727359557668947e+00
2.822904511950330786e+01
1.406343104982430425e-01
-2.429330593243016168e+01
-5.277572459894904533e+00
-1.518525064440302330e+01
1.433297467734691466e+01
1.590296275956350769e+01
-4.072808652434286358e+00
1.625359446516523576e+01
2.031872658725026870e+00
8.681983104465073708e+00
-2.034200079264579841e+01
2.319507226493850993e+00
-1.588115110507544081e+01
-4.266985165081907283e+00
-3.428525288745431965e+01
2.703920653556170506e-01
4.637843224697402178e+00
1.280302053921884742e+01
-2.677669557692471258e+01
-1.141236778967773802e+01
-1.035438064098405420e+01
-7.754859002401399692e+00
2.161107064160761126e+01
1.178868985598040453e+01
9.997615082713450008e+00
-1.477863517606154886e+01
2.261928295498995212e+00
2.621191991608757377e+01
4.197953381561497110e+00
7.747582313262979525e+00
1.790951509792308016e+01
-1.478608988414370096e+01
-1.000382409621690893e+00
-9.427139420136978032e+00
3.391491566486637055e+01
1.049352920506889042e+01
-1.318509031024280986e+01
1.867437917472472719e+01
7.026819557797779225e+00
-1.707911749341277030e+01
1.963000258790992936e+00
4.305006371735544235e+00
2.654351566043611221e+00
-1.756552892836720003e+00
-6.089518923019834773e+00
2.451999190352055891e+01
8.245573084177443945e+00
1.295713732015392949e+01
2.141714260595576746e+01
6.523308798435561329e+00
-3.178050646419007563e+01
-2.525641669509156806e+00
-4.136503850340905331e+01
1.351449325133371282e+01
1.426541996459458339e+01
1.112775140797516382e+00
1.888332173238518052e+01
2.892784802376092035e+00
1.818698150438846284e+01
3.393140281969422034e+01
1.681338079550493347e+01
1.425726255587563251e+01
-2.016658773557189832e+01
4.266330715092765402e+00
-2.392596090784889995e+01
2.260687786247925501e+01
-5.277368369130519987e+00
1.411606895607819290e+01
8.394973558178209672e+00
-2.711840563898818779e+00
-3.030155974719532352e+01
-9.550051851738034614e+00
-5.367131492508546486e+00
3.917887627715683152e+01
3.760355555552862228e+01
