7.307955691367746809e+00
1.820265348569419128e+00
-2.338097545636804053e+00
3.381572670045777329e+00
-5.090607141418304060e+00
-1.357770203900006134e+00
5.188646854780134987e+00
1.655247229601536363e-01
4.771602812899113033e+00
2.440312853533188608e+00
7.218988253563449753e-01
2.509514807810872661e+00
-1.507121212545037281e-03
4.407859664584008463e-01
1.227066689849036996e+00
1.232494634804738753e+00
-1.451011391124162220e+00
-3.454918324242375327e+00
9.290120048152939347e+00
2.567202503764978605e+00
3.583639463873493636e+00
-3.909536918804299432e-01
-2.284945385491671477e+00
-5.573329614250502217e+00
-1.023296488614445998e+00
1.740982269109814462e+00
-4.649757610607693437e+00
4.352607677013988763e+00
-2.192149745473628286e+00
3.319580439383686965e+00
9.456165242382981617e+00
2.682940614816267555e+00
3.460335425114871022e-01
4.187344920247371149e+00
-8.087261468720699398e+00
-1.250016700579742235e+00
-3.830854884211654543e+00
3.334813822570712905e+00
1.876343593975905666e+00
-4.338375152262868850e-01
7.532691486276159587e-01
2.993858143013622630e+00
1.190829708101436069e+00
3.274046066088712514e+00
6.384080705657899646e-01
6.170671405762635509e-01
1.109055106033947080e+00
2.423751990485740748e+00
5.595523144895380163e+00
2.918408902326552923e+00
-1.380521591276295812e+00
-3.619113064778906708e+00
-1.012410204787249191e+00
1.279537495548838111e+00
-2.751685185220350771e+00
2.547282799267082787e+00
-7.155808115594777252e-01
5.090517910728708628e+00
6.749736867114908279e-01
5.261945405174271784e+00
2.591491977374885014e+00
5.943070806830220709e-01
1.697911252222359169e+00
-2.928150880514456489e+00
2.663277624822395495e+00
-1.864390206563755648e+00
-3.539534559014850146e+00
-7.433159657538632725e-01
5.461625840562485124e+00
1.325853507380381835e+01
3.844509013536988373e+00
-6.004597674938391139e-01
-5.359604968256990176e+00
2.570729037190999211e+00
-2.564148825430001555e+00
3.343689712790941293e+00
-3.884316688385416327e+00
3.307913217260156191e+00
4.490555570669985563e+00
-3.156716779375914883e-02
7.530647100206375733e+00
1.010424721383200275e+00
-1.440935451420069846e+00
6.140980166389206296e+00
-9.269946543216973645e-01
2.766401139013978216e+00
-2.830798848477828145e+00
-5.856778897565373398e-01
-4.567614321613172379e+00
-1.222850207410314249e+00
-3.504200548692683270e+00
-1.160516650190027921e+00
-3.455466299995063384e+00
-3.194134849132372445e+00
-1.996914213545700978e+00
-3.822216680854495507e+00
-1.223135985468220222e+00
6.968587856175363804e+00
2.874558666775076432e+00
4.021300339337526175e+00
-2.614869103924192029e+00
-9.463357855539610286e-01
2.930338872658218463e+00
4.498139045667651104e+00
1.184041489745153442e-01
-7.796544496823605286e+00
-1.837738643785584491e+00
6.444915587953801150e+00
-2.778239201610664733e+00
8.446587238140366161e-01
2.967186993477917589e+00
3.736167553576282607e+00
-1.754441882502519423e+00
6.224257202038829817e+00
-1.379969607861490699e+00
-1.014214671225292630e+00
1.609593751582910404e+00
-3.213926765284715881e-01
-2.042225352273632666e+00
-2.915930297838210450e+00
-6.534215040226856175e+00
4.931728562901995794e+00
2.547038408099954854e+00
2.526276849006380054e+00
1.247599051166907724e-01
1.086206302056533346e+00
1.769179613404372464e+00
1.952861376263332005e+00
-3.977217454529441198e+00
-1.517946025423048684e-01
3.002930260711165644e+00
2.861446252507895416e+00
1.304346519432805218e+00
-6.847279307153767425e-01
5.202798494825209730e+00
1.998782057628396558e-01
1.774138462820332052e+00
-2.876456676349012476e+00
-2.350135615748144557e-01
-2.845963283386498066e+00
2.156934225582262110e-01
3.348950666929145115e+00
6.333804256703217561e+00
-6.079868994218955436e+00
-7.667892575798519239e+00
-6.390791753852889112e-01
9.248269393725486509e+00
3.007174786048928183e+00
-6.709983198457619480e+00
6.366471311749261730e+00
-3.266827231556307165e+00
1.656324882239742724e+00
7.116561178288576262e-01
1.903787985251892634e+00
2.439642290523225121e-01
6.255867650541570235e+00
-4.477956074203214953e+00
-3.903550045885969766e+00
-1.512438344371390686e+00
4.464499939226550751e+00
6.500531935923686833e-01
3.204732145636957519e+00
3.674402588001655090e+00
-7.777758047794428364e+00
-4.485433098973643951e+00
-2.138074934461672072e+00
-4.843765264312802188e+00
2.320879824301234962e+00
6.802458457729875896e+00
-1.042357353521111207e+01
8.288340426068476763e-01
3.948581937822541743e+00
-5.005648067433758008e+00
-8.565265392522942722e-01
-6.312534535713605344e-01
1.140336631094595266e+00
4.036994752204748238e+00
-1.533293643974099618e+00
-1.360621102104511371e+00
-3.706585268633244112e+00
-3.723587388703422540e+00
-3.415583718464509477e+00
1.984611786059689909e+00
-5.691914610940207453e+00
-2.088644651026216437e+00
-2.497386484311749033e+00
-4.619193457812089676e+00
-3.324474655900290454e+00
-1.455402642892901888e+00
-4.533446219225266915e+00
3.930637380970686046e+00
-1.827902417822501402e+00
-1.735962201647244241e+00
8.581216001367742985e-01
3.381647024643562371e+00
-1.215091161283504695e-01
-3.315856567371475716e-01
3.757135870483389262e+00
6.481344305602484646e+00
-9.408754033635728931e-01
1.288888435801564203e+00
3.485141683687245528e+00
-3.637883015439797862e-01
4.736691590859691270e-01
1.679975819294443617e-02
-1.953528610354601458e+00
4.046359644654268228e-01
-5.003237024957303269e-01
1.469504122836515325e+00
7.278027682656462716e-02
7.534211675499900007e-01
-3.971654992632013492e+00
1.662393740482472904e+00
-2.044885143258316162e+00
1.131184979499823662e+00
-8.287729105454757494e-01
-5.727235966666838429e+00
2.015368636037261130e+00
-1.318150088740293269e+00
1.999245353793027480e+00
-8.468582725272838729e+00
-6.383766385319161962e+00
-2.454113877888553397e+00
3.078444383328870160e+00
-1.923789105552013545e+00
4.645530150959071847e+00
4.007523195649440595e+00
-2.896296127592205227e+00
-3.645249265859802801e+00
4.324942959203148085e+00
2.547042902196435143e+00
1.610543970718826490e+00
-7.175069300606210732e+00
-1.076218868521915262e+01
-6.810420392966052283e-01
-1.050405923726406954e+00
-1.914976137468156869e+00
-1.591321629365429757e+00
-1.506374544894078849e+00
-3.874836362641738141e+00
-6.069156218271236192e+00
-1.966889443096171863e+00
6.879757166401205382e+00
-6.658432405996097536e-01
-8.874623518302420244e-01
1.052515384885158944e+00
1.771975243186121096e+00
1.316065833010385822e-01
-8.547436972123623633e+00
6.554573329506617974e+00
1.177247752042408724e+00
3.823786349222309422e+00
-8.393705816508687079e+00
-1.805766656866881537e+00
-7.067576430845075031e-01
1.159747826027634154e+00
2.516661274940974025e+00
-1.045586747468537503e+01
-2.029315284487683557e-01
1.280781450940671196e+00
-4.118056328839432290e+00
5.539437657399119974e-01
-3.621009711382636720e+00
2.983348772624132117e+00
1.301874116912591917e-01
2.732027950890700829e+00
-7.039771961679308632e-01
-4.474089069785810224e+00
-3.184018777756717711e+00
-7.497648350602446499e+00
1.587161435076404947e+00
4.692884518028854757e+00
1.644839446588867382e+00
1.998394001150076926e+00
-5.929639567123865085e+00
-2.223409236075156503e+00
2.828413841817349006e+00
-2.625747357423394490e+00
1.415677864368653616e+00
-1.586551525988048272e+00
-2.011562372791297015e+00
-2.167795408265447588e+00
4.340574972281572741e+00
1.098838580643624496e+00
-9.783336153535989510e+00
2.864319250143865236e-02
-4.537870692395827632e+00
3.632777061735674717e-01
-7.866703829940662196e-01
1.789910788384141194e+00
2.671249523231134404e+00
-4.643758428661923787e-01
4.051713540808402847e+00
1.193635343849909880e+00
-1.097055839623159557e+00
-1.963564811721824954e+00
-8.404842120597349364e+00
2.947500780981630264e+00
1.290531325373240334e-01
-4.182023465010389351e+00
6.314375559593599085e-01
-8.591444870244058230e-02
8.261968464959390523e-02
-3.420029207028449481e+00
3.534983556263945115e+00
-5.797066635959643222e+00
-5.056289579350438324e+00
4.945629496226767730e-01
1.767709113897846684e+00
1.942439393621509858e+00
1.887143161560505211e+00
-3.549083424839061252e-03
-4.344000357315790595e+00
-1.600464503339715794e+00
1.341349626946777285e+00
-6.511822852890601254e+00
4.386568536585067513e+00
2.009266162596594185e+00
-2.361631520613844071e+00
-3.505227878798367946e+00
-3.979236971688776547e-01
3.044259162953677489e+00
-1.209196140475656600e+00
-2.416110635838086385e+00
5.913838524169768185e+00
-4.624971769148391587e+00
2.360275403100497993e+00
-2.370382385264537817e+00
-1.911242091503699392e+00
-3.936080079471242055e+00
3.078532817065866567e+00
-3.217816779715009012e+00
-1.610499914922665754e+00
1.152449374111857328e+00
-9.687827668693138605e-01
2.406902240646206503e-01
-2.151432229932130458e+00
-5.004590621863091116e+00
-4.249375616400111966e+00
-6.453420897061085126e-01
1.590352706338770350e+00
3.501780027404748363e+00
-2.188943383800930231e+00
9.387790849152302108e-01
7.743721195733593632e+00
-5.090287325430386645e+00
2.029964826839596892e+00
1.050005351248215923e+00
4.691594667574682909e+00
4.299112779062907563e+00
4.316636918442032567e+00
-9.582583457296039997e-01
-2.971431867234222146e+00
1.533258970401495946e-01
-3.486877152384388445e+00
-2.366054926980262429e+00
-8.981571467411528786e+00
-9.812001148007624129e-01
-6.289133095046467226e+00
-6.107535796790826144e-01
-2.286052366993483353e+00
4.821291276666939574e+00
-2.646914248917392687e+00
1.246330567044325210e+00
1.235526441087471672e-01
1.004152283677627988e+00
2.288576940832665052e+00
4.030124187668783442e+00
2.705395130671599979e+00
3.497087627005950328e+00
3.816448636662969296e+00
6.048945009621149005e+00
2.558882037215682637e+00
-4.022255930736334584e+00
-1.828859352616288847e+00
2.699792474765973616e+00
-8.651659121119341656e-01
-9.822582785915452419e-01
5.370464106550452144e+00
-9.069411684967763065e+00
-6.377462267404161445e+00
1.767483307492579980e+00
2.529688720933461976e+00
4.493743561577316470e+00
-2.729096772098723811e+00
-4.116484044313439838e-02
-2.041629398033134313e-01
-8.049698422164077272e+00
1.217416185182733912e+01
4.074435526246843686e+00
5.718421613870086073e-01
-8.323244472276963180e+00
-2.655968738468579726e+00
-1.569875585148332808e+00
-5.010244734732799188e+00
-8.431737730081532156e-01
-2.401549875732333028e+00
-2.231662164002320647e+00
-1.063636143680643409e+00
-2.429922569975365931e+00
5.232485835179171652e+00
-2.394755148430690372e+00
-2.292741843885314879e+00
-3.935971859423680552e+00
-4.058605683789791030e+00
-3.443038066153250032e+00
-1.402955267115247429e+00
-2.848880135497356303e+00
-3.536846406643701091e-03
-2.402299138178459081e+00
4.784287763589744280e+00
-3.850421379029907776e+00
1.607532687999502441e+00
-4.534570877167775294e+00
-4.760433595712256327e+00
-6.175709805779869832e+00
-1.700743514157478486e+00
-4.538212704811294351e+00
-3.818364251229665385e+00
-2.081377741467481446e+00
2.400872791388118266e+00
1.002324013099693722e+01
4.981157301736050869e+00
-3.781223569130138351e+00
-1.026740020435861878e+00
-3.549002673996237256e+00
1.439522694694206351e+00
-2.916765486922967110e+00
3.102626541405106853e+00
-1.826671524603604269e+00
-1.444029820252010321e+00
-2.983082481779024131e-01
1.245624959023384104e+00
-2.912353741479947189e+00
6.970319623563301370e-01
6.178217311421392299e-01
-2.804243017992830822e+00
5.464965438960753819e-01
-2.075652522686560753e-01
-5.533049086457609178e+00
1.272647567811477032e+00
-5.008972508143773261e+00
2.039684873514483243e+00
-5.739646841042328695e+00
-1.750448625206712849e+00
3.795008734659460758e-01
3.965712062434763485e+00
-6.728949267223772068e+00
1.853602842296047104e+00
1.706105454420716150e+00
3.359090382345822690e+00
-1.342691934703810119e+01
1.469462294516159950e+00
6.547443696529649415e+00
1.034562219125302329e-01
-9.738711082991570178e-01
4.221900459030450747e+00
2.752541098280665288e-01
-4.814861252282129911e+00
-2.466123483465436195e+00
-4.663534863140116338e-01
-3.508330665581206986e+00
2.642362102001923674e+00
-2.439297835732988418e+00
5.602679368784401426e+00
2.985266972137761599e+00
2.357261713177949858e+00
-3.328787647619833479e+00
-6.178725204088959533e-01
-3.197300842998124892e+00
3.112613641788653851e+00
-4.655666592068604004e+00
-3.298915453413862942e+00
-5.414946094908452690e-01
3.554361427044118393e+00
2.004138445691431514e+00
-6.061176015567465214e+00
-1.941943854658106261e+00
2.958461035961106766e+00
-1.293404064051331348e+00
2.456616638202676839e+00
-8.146825823868097949e-01
-3.915557242913756397e+00
1.675360700865953900e+00
3.979968594366007917e-01
-4.424270333147635625e+00
-9.569083712325090474e+00
-7.579646706264814071e+00
2.706252572512168442e+00
-1.551284220520994017e+00
3.542056006139977953e+00
-2.510548503616470306e+00
-3.031295784665882564e+00
-5.159138190791405343e+00
2.322149246515423648e+00
-3.507660196290538934e+00
-8.068827577487763802e-01
1.797414805806077931e+00
-3.131289760056625848e+00
1.110393515050682511e+00
-6.899888321043546879e-01
2.193955150957009881e+00
-3.354229290450839063e+00
6.971332227413924443e+00
-3.882510550994155540e+00
6.138841736237838909e+00
5.498451807379720613e+00
-9.578584647976389199e-01
-3.888579359013670356e+00
7.495625432119875642e-01
-3.358299132405620502e-01
2.788608547132353621e+00
-2.463579322697264651e+00
-2.994301490952331335e-01
-4.115365597031296119e+00
6.435178748277563976e+00
3.527479533757521546e-01
-1.503999986346639117e-01
-9.781008916838224154e-01
9.180282833236237394e-01
-9.107050690027288509e-01
2.493573734594749958e+00
-7.143968984178165726e+00
-1.975139030382331740e+00
-2.909209254660721555e+00
6.736927002164457612e+00
-7.720631343241878497e+00
-3.803908759148794339e+00
6.932795665921872796e+00
7.806624502383008313e-01
-4.011503334255444031e+00
-4.401255823797791678e+00
3.946535654037579111e+00
-9.783138407052316410e+00
8.474801911801803644e-01
-3.867780483318513429e+00
-5.246639394192388339e-01
4.008352065150578625e+00
1.957434717428108151e+00
5.993268979286176190e+00
-1.087551024368666130e+00
5.889922451333649001e-01
-1.933562752403270579e+00
7.324241263954187620e-01
-1.539088745784482848e+00
-3.670498362084050337e-01
-8.943021319440624950e-01
9.452308348473559274e-02
1.695130952669179347e+00
5.617683722358639997e+00
2.858915827055820147e-01
-2.935766561452206158e+00
1.179490917269759631e+00
-3.880494748075319134e+00
2.728949412061456137e+00
4.713655491508296436e+00
-5.898320459807044003e+00
-3.585520782962078989e+00
7.289507209461127069e+00
-2.603471814479362045e+00
2.214332484721176275e+00
-4.143426887489695121e-01
-4.430500331685398585e-01
4.042480579453233247e+00
3.305260002512330431e+00
1.772831020911002753e+00
-8.494524171876575380e+00
-2.803475851090825088e+00
9.655823086155171708e+00
-6.161693079900685266e-01
-8.676444390776435256e+00
-9.889498535015581737e+00
-2.449876987190975797e+00
-4.496126251536002982e+00
-3.563106839432479411e+00
2.754584663943802081e+00
-3.018750452077201274e-01
4.202672396433762891e+00
3.527461061919958230e+00
-1.554141274828979846e-01
5.211757771129418293e-01
-5.703514629269594849e+00
3.871800172541523644e+00
-4.542575470261599691e+00
-4.556702368513879442e+00
-6.703652440938610901e+00
-2.402789229098790891e+00
7.872775185373225293e-01
-6.196965729332615247e-02
9.413021842333082478e-01
3.757572833838531245e+00
1.537139986219393073e+00
2.486606430518789601e+00
2.869863227902580860e+00
1.427410220793520423e+00
-1.527108336044247228e+00
4.765134341890412628e+00
3.201053444892043132e+00
1.923118898898674933e+00
-4.055353391412183761e+00
-1.521260924089214539e+00
-7.755480376060364112e-01
-3.374320642945239257e+00
3.491566549118566343e+00
1.326581405615442133e+00
2.756269186841521002e+00
-3.361088555932716382e+00
3.222151487389869562e+00
2.495052610228333911e+00
2.914447922496960164e+00
-1.027121483582727279e+01
1.034810641167190237e+00
-1.306356623657360050e+00
-3.464423541720412558e+00
-4.784492239736060526e+00
5.156399202412691452e+00
-5.030547481432344981e+00
1.180331778588618707e+00
5.837185924267025428e-01
6.882804132137896325e+00
4.442440478684567040e+00
-1.121197404108093210e+00
-3.076716984035835267e+00
6.080591729122833300e+00
2.531441455616016967e-01
1.901247143322190691e+00
-6.612087516236881957e-01
-2.224471131374008426e-01
-3.780469090897649043e+00
4.242074470156215860e+00
-1.075059496209676668e+00
6.837141102217224820e+00
-1.084219349009517330e+00
-6.189262084344617776e+00
-3.274468380129651024e+00
-1.893404581195327285e+00
8.261637746866155041e-01
-5.586476417048589660e+00
-9.897446082579468563e-01
2.637913568529227426e+00
-3.610733844208537047e+00
1.135649903813113815e+00
1.074793247831442589e+00
-3.715510574009602607e+00
3.276280347662746006e+00
6.921976318756411395e+00
5.225751808334646142e+00
-5.518639516789117572e+00
-1.148733679980694200e+00
-9.419895229038968143e-01
-3.734045938344972004e+00
-1.439059931931762737e+00
1.347931895185102036e+00
-1.100417256363643848e+00
2.002975043548644862e+00
-2.625615677926790070e+00
4.504827773793422807e+00
-1.886718758480346647e+00
6.154030865992051735e-01
-1.264151229350413352e+00
3.936830643111806083e+00
5.271622466813747465e+00
2.441379347145518519e+00
5.707885472077978584e+00
3.167924747584706102e-01
-1.214081243755484874e+00
1.173079416732281111e-01
9.952167658894039981e-01
3.640244817205591232e+00
3.449196979569388422e+00
-2.672738293515631192e+00
1.125796375167705143e+00
8.053235917674591571e-01
-2.386156301522691425e+00
-1.823440496812154477e+00
-5.834280613326239262e-01
-1.395411001212338853e+00
4.613644311659924391e+00
6.624151971599903099e+00
-4.200345582353430807e+00
-1.344724335682551342e+00
-4.149981278103308746e+00
4.965894903099822066e+00
5.546611237578003006e+00
1.634226215782556668e+00
1.337762713064845510e+00
1.581655978443819555e+00
9.854975900872631200e-02
1.745298815045737362e+00
-1.028312439119671851e-02
6.053072915254469777e+00
-2.047392255062295163e+00
4.045982438747014243e+00
1.643824690776818143e+00
5.357977414128263227e+00
2.552667251649144653e+00
-1.053706256089963489e+00
-1.113200203006967648e-01
-3.050653698200537223e-01
4.933426419471718560e+00
3.165407298413618786e+00
-1.562714031370709966e+00
3.107533606537154824e+00
-2.337440929440711024e+00
4.257717363719501158e+00
-9.265059721341377674e-01
-1.428482455687559716e-01
7.731424458912865560e-01
9.302125013553385058e-01
5.129101642924034365e-01
-1.217683220108151110e-01
-2.314735793822461751e+00
-1.068721167029434094e+00
-6.301400659359921441e-01
-1.541540229827516928e+00
-3.417173623672289828e+00
-2.348099275269132757e+00
3.203660506182409051e+00
-3.973785540807584837e+00
-2.810632534421053208e+00
5.210788986975210868e+00
1.900056214027830315e+00
-1.298484056607986492e+00
4.737964611014967353e+00
-2.579956006755871556e+00
1.958625022030294760e+00
1.359212094501383916e+00
7.235038652489521604e-01
-9.796136422136612065e-01
1.794999762670254961e+00
-6.942034831928537431e-01
-4.567089201975058188e+00
1.490678250471195732e-01
-4.010193185589668197e+00
-4.617160822619561955e+00
-3.122694838520495564e-02
6.175705077582431812e-01
2.405931356023378154e+00
3.143872127990698040e+00
-9.743776554592942230e-02
-3.929863299242109420e+00
6.680014304360730737e-01
-4.828314898227736407e+00
-3.342809236745428514e+00
2.866023772259898017e+00
1.161428221619116963e+00
-2.211709319557163322e+00
2.600666727480188456e+00
1.149850639389146556e+00
-2.780462976691082666e-01
1.892254300680016765e+00
4.200633604099619944e+00
5.376646252083243649e-01
1.383201516279112253e+00
-1.156209932791208539e+00
-1.306860899500241757e+00
5.467221701484636043e+00
-2.127941666700119860e+00
-1.425964717183828778e+00
3.953886714553564996e+00
-1.387104339343752990e+00
-6.309337717980349147e+00
-1.353612880018009079e+01
-2.675932368221575874e+00
1.783371967918536916e+00
1.143369167278503129e+00
-3.401345370562272930e+00
-6.737861701903796741e-01
2.395650227114222375e+00
1.038581386407204876e+00
8.327545495124096808e-01
-7.632769106903406708e+00
-3.917679902180182250e-01
8.091975838280841771e+00
3.365774337435121666e+00
-4.308025731454630858e+00
7.029719831664502649e-01
3.598629960048449483e+00
4.224851484590585571e+00
7.821183260735089515e-01
1.068592617092996466e+00
2.631645090479779459e+00
7.905572336230719532e-01
-7.894467016625735134e+00
-2.294497913377016030e-01
-6.784180600819554208e+00
-2.588742085324154729e+00
-1.792126562439516402e+00
4.552423689658785300e+00
-4.569903143617674246e+00
-7.558551482776287855e-02
-2.729312723393355622e-01
1.981891438543673223e+00
-2.666562794722398877e+00
-9.527132084094240838e+00
-3.448726124192395659e+00
6.375372797561740246e-01
-1.233577744118450781e+00
3.262493219127129418e+00
-1.666359690186720588e+00
-2.043429944459814074e+00
8.695170451866264472e+00
-4.077408620614860979e+00
4.593493925002891665e+00
4.506079131908593993e+00
2.767119539902167968e+00
6.643546845028425185e-01
7.948417354269578183e+00
3.032178775056930675e+00
-1.931799035628112726e+00
-2.087971060057443484e+00
3.582023093369036459e+00
-6.213376555636207499e-02
-1.980957742229932039e+00
-4.769311349077271167e+00
-3.908414939159546631e+00
-2.078563245359266176e+00
2.601194186919109974e+00
4.456890261880187332e+00
1.521665062850969807e+00
-1.000088229490367908e+00
3.108610700045874697e+00
-1.488705769659468103e+00
-2.164827052983980593e+00
2.287525391198948377e+00
7.357530764799998124e+00
-3.506423349940448020e+00
3.272487142089610224e+00
3.639940158529422209e-01
-5.329912470762356858e-01
4.873672244770538842e-01
-6.075594246365924711e+00
4.366302480200149994e+00
5.064738447999608262e+00
2.717713795503528207e+00
6.914136500085685810e-01
3.974856768565793175e+00
3.586269330317241710e+00
4.796857736022650087e+00
-2.079297943881206479e-01
5.744360324655668926e+00
-1.391705405402748230e+00
3.085896146879911761e+00
-3.451904899369577784e-01
6.299955134809298585e+00
1.543624747843915568e+00
-3.858158230069431927e+00
4.089430296669863019e+00
-2.863907905201671600e+00
-1.778855623402831876e+00
1.314957313788486903e+00
2.559922905453190012e+00
-1.256383181609256328e-01
7.418554984106636496e+00
-2.171957293071633543e+00
-7.694620042001030669e+00
1.288295282312442058e+00
-6.434984974140690817e+00
-3.013616485176203064e+00
-7.362325519146478037e+00
5.609499983056015715e+00
6.783204703343565178e+00
8.949249815870881086e-01
-2.532236921953200937e-01
-3.733533466820899260e+00
-3.780891485965527377e+00
5.112271528407058341e+00
-6.063152500811643364e+00
8.468540270393403180e-01
-1.263396502712680336e+00
-1.544058594458181055e+00
-7.892190271173509242e-01
-4.034050749375124312e+00
-1.994096419063046577e+00
-8.373376779625296251e+00
2.576126009526980454e+00
8.860540019664718159e+00
1.839550041112862910e+00
-2.372538121308892745e+00
3.700842172853446854e-01
-3.568998714996283184e+00
-1.535549862971259394e-01
-1.867121837018336006e+00
8.743246872252643520e-01
-6.727155593436251024e+00
-2.492049664783099860e+00
-5.396387597823986582e+00
-2.428077811542775244e+00
1.132492720161142330e+01
-5.445882918760724944e-02
-1.128201911708364147e-01
-2.176469265446837387e+00
2.776594255124401611e-01
5.004454087270011620e+00
7.464021074469897599e+00
6.076921363035853174e-01
3.764785628169270648e+00
-3.478401934031117859e-01
-7.604668477877331689e+00
1.025852536765184952e+00
2.311778741327831455e+00
-1.581194830737309376e+00
3.602946060220596713e+00
1.418260296610738047e+00
-1.459847681755639393e-01
-3.339986618176597588e+00
-5.293147668383325843e+00
3.797874888328972798e+00
-6.007021296035378377e+00
-6.305141323540823350e+00
7.800591121391564631e-01
5.146272846502052190e+00
3.600863623908197031e+00
-7.166970633662086421e+00
5.694328439270456066e+00
2.240873601680918537e+00
-4.363246920190017697e+00
-5.861367012982057645e+00
-6.799175282081882266e+00
-8.017029291224528897e-01
-1.859712543186037070e+00
4.105306208641506416e+00
-2.605915548300298035e+00
1.143533226355925247e+00
1.470792317501569801e+00
-6.344994641563821425e-01
6.875946397189570902e+00
2.629577847955350212e+00
8.075653837395513790e+00
4.635351979158332192e+00
-8.141628449288969449e+00
-4.856909618579190457e-01
-2.792016396729038341e+00
-1.772363848099449912e+00
-7.757524145069072397e-02
-7.310202957087674758e-01
-7.025312591751834423e-01
2.849929745250347146e+00
1.001230643579934521e-01
1.273205238757995961e+00
-3.061018742247231916e+00
-5.312770103690517276e-01
-3.349177476544889398e+00
-4.580049843594551362e-01
6.285696482841574007e-01
-2.445084217870456378e+00
3.330842666764291415e+00
2.952515031414556290e+00
-2.862149854264589344e+00
6.353657000957053214e+00
-3.296652893404182216e-01
8.146971931437952952e-01
2.214299905142310898e+00
-2.749087506182736007e+00
-2.860712345159139414e+00
-3.692165112552008743e+00
2.209796917435498997e+00
-2.516434282601868855e+00
-5.947645963064802643e-01
3.352897801835022840e+00
-6.429564669736586024e-01
-1.592829898343097295e+00
-3.661600106586733183e-01
8.839887552950951743e+00
3.011372367845493780e+00
3.188122499607255023e+00
-2.913652752313436345e+00
7.057171123736853957e+00
-1.124437161811411845e-01
-1.529616451856929515e+00
-1.658689601588747120e+00
7.106582191398450377e+00
1.985595644848570984e+00
-5.065109628236127426e-01
-1.515407092372451636e+00
-6.516404548606828939e+00
-2.517982016484317853e+00
5.199579678675706473e-01
-4.455385146801380536e+00
-1.818619437906482617e+00
-3.776902458191259804e+00
3.372833497666985814e+00
7.017908224342941370e-01
3.605532181392752111e+00
4.452302602671244891e+00
-2.520746726519440095e+00
-1.200628653655301292e+01
7.286865517165628248e-01
-7.236549476017384297e-02
-6.607053717867966469e+00
-1.852422819260450382e+00
2.262183073109977016e+00
3.523659529323497352e-01
-3.528979568171804804e+00
2.566947941868790384e+00
-6.816315039074394289e-01
1.071323891555380436e+00
4.682283096923200105e+00
-2.739465425379695951e+00
5.713116839849885498e-01
-4.031090986484556105e+00
3.435127823264305658e-01
5.375485055643313137e-01
-5.668073981410380213e+00
9.296751632345663374e-01
5.296360637662297144e+00
-3.576647477522103546e+00
6.415649533831274676e-02
3.793242578673289067e+00
3.553393012079181901e+00
9.563568233128242335e-01
2.136727074239910262e-01
5.540598355696386701e-01
5.953355320266372486e-01
1.015829506420401485e+00
-4.142822102024788400e+00
-4.089994445979478144e+00
2.847526153745535638e+00
1.701770146883029522e+00
3.366315832409219944e+00
-1.919513166037493557e+00
1.776009334316420718e+00
-4.635843104425361183e+00
5.094333078857751218e+00
3.416484720922049467e-01
-6.417354068102738118e+00
1.589737694566448090e+00
2.723615459854066057e+00
-4.905550132117236117e+00
-2.017334004151629667e+00
6.883479814682381459e+00
-2.250153697572049527e+00
1.143274399369339056e+00
-4.079899824087732441e+00
-9.744469111924736193e-01
4.296381952660056847e+00
-3.531170510821772801e-01
2.478608077214833560e+00
-1.613881783709752993e+00
1.328577968545644250e+00
4.217019503556485027e+00
2.705896986068483390e-01
-7.832980876295745354e-01
-3.403926414722056037e+00
9.713284101744626753e+00
-5.126691470526299810e+00
-5.319437484038278541e-01
5.391634054499561124e-01
-4.543053303569181800e+00
