-6.622552580124299482e+01
-5.683270066225866657e+01
4.208142323430485732e+01
6.319519108834810162e+00
1.244214039008115336e+01
2.090796740274079113e+01
-3.540621986015676015e+01
-6.475355295953774259e+01
1.371819595785462376e+01
-2.115774288578391449e+01
4.349178210787883359e+01
2.566166447695414377e+01
-4.720770151839545292e+01
-2.783783456310909799e+01
4.363344797745524062e+01
-7.537477015510366130e+01
-2.665787937195545965e+01
-5.582529954438563635e+01
-1.031166958899752473e+01
-1.056643308650506157e+02
-6.203888792061438551e+01
-7.804484245771267581e+01
2.788112037639861818e+00
-6.475919187909812536e+01
4.373426108691727876e+01
-3.549112165003587904e+01
6.592667285316051107e+01
8.493110907298747847e+00
-1.603802030575694104e+01
-2.889328233668418733e+01
2.899283560250233904e+01
2.145288008845560768e+01
-8.052294070925805158e+01
-2.319662760414739733e+00
-3.283817194502005066e+01
8.819563679379285759e+01
9.807103712911754201e+01
6.540308824067081694e+00
-6.801341807354897462e+00
-1.378487241665579575e+02
-1.040427854473720686e+02
2.321209908461110061e+01
-7.265251999280209816e+01
3.079822764177679417e+00
-1.125382445035167578e+01
9.934075351776570528e+01
-5.734583704637218915e+01
4.318506646328015108e+01
4.364147102863179128e+01
-2.078717800053044940e+01
-5.742162474341006373e+01
9.940793225257186805e+01
1.917171046193902839e+01
-6.524330141812358264e+00
1.631727417923592327e+01
7.074520122778231723e+01
2.806455202661925341e+01
-3.775063512341891681e+01
-2.688887809320851829e+01
6.202498577742217023e+00
-8.784351297134217873e+01
8.901378267855800885e+00
5.766774548888455598e+01
2.369229867159583947e+01
4.386566971539414794e+01
-7.661146708605338418e+00
5.214291723962589487e+01
1.479502868368015278e+01
2.582396382232163745e+01
-4.896417083944276527e+01
-5.030474876625824976e+01
4.804213316249574461e+01
-9.970169544580755883e+00
7.366103662280207232e+01
-4.670381444883886246e+01
2.942745676065328198e+01
5.914306842070325843e+01
3.966840786968207055e+01
-4.041088815133205969e+01
2.516511522626603536e+01
-6.814735104333796301e+01
-1.036064257894340734e+01
2.287142329452778000e+01
5.827939248538369554e+01
-4.198962592848241115e+01
-8.008420371212251609e+01
1.772812914923238736e+01
-2.281070039288877283e+01
3.510521209050190805e+01
1.650237275214458421e+01
-1.397606808542933265e+02
4.589708468263076213e+00
-3.036242413841745957e+01
1.159829569171395791e+00
8.910246307857137538e+01
-7.938115622197753396e+01
-5.676290647521020105e+01
-1.558061290693754231e+01
-5.438046671482555894e+01
-5.015320922614857579e+01
-1.213740219810708254e+02
-2.871913100234427318e+01
-1.112231277048910414e+02
-7.245114929510313573e+01
-6.843865057597055568e+01
-4.606289208286585790e+01
4.671284462865957465e+01
-5.073726177376974533e+01
5.034709840853727059e+01
1.961550303367709702e+01
3.768923618405872134e+01
-5.538968601491431798e+01
7.935626102652425118e+01
2.965419589822448021e+00
5.363513203626381909e+01
-7.816563499604684750e+01
5.595343956176198219e+01
-1.856237338903769896e+01
1.428713187882799218e+01
3.619727786624297039e+01
-4.952780112190075101e+01
-5.423871104088096473e+01
1.704717460282732588e+01
7.310100371986390400e+00
2.040172466876760016e+00
5.068584077353183659e+01
5.576076608605875862e+01
7.410141991382742788e+01
-9.541302175923515705e+00
4.490325587798242424e+01
1.619675066673820041e+01
-4.401570880269735397e+01
6.237818395609308908e+01
-1.768907338706372911e+01
-8.326247122435604808e+01
-5.159899104634374822e+01
-2.970856689248665816e+01
4.946318195041587273e+01
-2.665490921291946425e+00
-4.300370076428143840e+00
2.427073351086147746e+00
2.562564808573997155e+00
-3.871674705452142717e+01
-6.559564747197204326e+01
6.811425436223055385e+01
-7.475361026188072344e+01
-3.505065596269423622e+01
1.248412929211694866e+01
-7.991560777366348134e+01
1.663286754840912351e+01
7.125385059817066491e-01
-8.303432626215271739e+01
6.549641354733833509e+01
-5.395533567496186400e+00
-5.080317598131235712e+01
6.194715355628458298e+01
2.174309788658923992e+01
-8.242096343152461202e+01
-2.522264629814082681e+01
-1.621998677799608970e+02
1.060735531162207579e+01
-6.392767134516507355e+00
-6.789020490809264174e+01
5.928459466905638209e+01
-3.866082273155015958e+00
-3.378932682099855356e+01
-7.665201464301347301e+00
-1.185938371188591418e+02
2.833255839679197052e+01
6.176760360996153310e+01
-1.965734446064262642e+01
6.055921418527949385e+01
-7.734952204975934364e+01
-5.205275015820890872e+01
-4.034031308558261486e+01
4.876821654085441082e+01
4.695874186659580118e+01
-1.952930030264098704e+01
4.765546744142442037e+01
5.072550154194147609e+01
-1.495966635817951129e+01
7.703618777109277005e+01
9.428340252403133093e+01
2.595876321215303761e+01
-5.318827000397681637e+00
8.538827094793642658e+00
6.859411237708849285e+01
2.197852806100361889e+01
3.709882252115913559e+01
2.709174536551424950e+01
-5.731337529641987771e+01
2.215202611582838266e-01
-2.956053695392205860e+00
-2.240212013072193642e+01
-1.161876128564300643e+02
-1.172622006517937976e+01
4.912054894141623151e+01
-1.543550256276541077e+01
1.287085471115361486e+02
8.236008950091176928e+01
6.046112336018268962e+01
-1.028426717633952734e+02
-1.900366132998832569e+01
-9.093192291102573677e+01
9.418321679428369464e+01
-1.550527134821946262e+01
-4.138707504455396702e+01
2.026776878554981920e+01
2.845049239263471819e+01
6.956794182774609681e+01
-4.047647310334422599e+01
-1.303903560528720007e+01
-4.399250476294536583e+00
5.006381478796227213e+01
1.089790010091408234e+01
3.321871175117094310e+01
6.704849462672225968e+01
4.943472478075629795e+01
-2.495397204253492163e+01
2.625177458414530207e+01
5.517078428282919944e+00
-6.080528046740008463e+00
-4.383063244070703490e+01
4.677360514683857673e+01
1.617793714528761750e+00
2.978575040713025857e+01
4.585767749360118728e+01
-3.040016617174169511e+01
-4.059835602485592432e+01
6.309740521452388862e+01
1.759552811955514073e+01
-5.392117709447979479e+01
-6.670143801382302229e+01
2.499089055646275881e+01
-1.159336627061361469e+01
3.641408985791226627e+01
3.929608105901166937e+01
-3.595644749400427287e+01
3.743004451053531056e+01
-1.085768720147737980e+02
-2.633324206711569104e+01
3.047336013958519985e+01
3.606614738774824502e+01
3.416265879949951056e+01
-2.757939832308203876e+01
1.093362927276266383e+01
4.445288825694068180e+01
-1.036677241998255425e+02
4.757240080243594349e+01
-6.305070483647867263e+01
1.764917537039105255e+01
-9.549539095736702166e+01
1.240838588057908143e-01
4.067177987186143184e+01
-5.231368179647773786e+00
5.260322564883531271e+01
-4.479842618781569996e+01
-1.137433618907562405e+01
-8.947124462353907859e+01
-2.330610289562358162e+01
-4.093124870715963759e+00
2.470227314510809435e+01
5.722600657074128350e+01
-5.036943476362120009e+01
-5.942068878646922059e+01
-5.072838695655576657e+01
3.277398546251437494e+01
1.581771672949663632e+01
4.285209371863737005e+01
-5.813972666789718247e+00
6.885717047361090692e+01
2.243080850789064584e+01
4.720321597326301344e+01
7.795032242887905305e+00
2.351596071758973849e+01
8.878380646738849080e+00
-6.602064084903015839e+01
-2.851856631867632075e+01
9.204606004423757781e+01
-5.169631446373160344e+01
-3.807077412439042519e+00
2.726201740102680660e+01
-1.635021755393688281e+01
4.522979639993704382e+01
-1.693301786658944152e+01
1.565503278207590832e+01
-6.292165577927525177e+00
8.847008066620979605e+00
-3.186304069827463081e+01
1.053883106597157138e+02
-1.160048925502792372e+02
-4.194287471975928838e+01
-7.170641566710617809e+00
-1.118176407193259365e+02
-3.156696244448162769e+00
-1.908193160969299740e+01
-1.814765985910710100e+01
-1.790967650215006657e+01
1.758361358104340155e+01
6.409750075050140161e+00
-1.929425911693492779e+01
2.003960072456946406e+01
9.365894806029557174e+01
-8.250755526374138782e+00
8.887183628552630665e-01
-1.947379881972978666e+01
-5.415450019310148377e+01
-1.092973102578263109e+02
4.596022302693828721e+01
-6.009353616604973780e+01
-4.439013154788785442e+01
5.774217711442062040e+01
-1.960337722997598320e+01
-8.350778903179495671e+00
-2.044771066979379981e+01
6.129066113850712583e+01
-3.580921170696969114e+01
6.093500622514353182e+01
-3.380335731849362446e+01
-2.916533822027357203e+01
-6.792991500739422861e+01
4.049158720350754948e+01
2.575395248024345918e+01
3.274941035614816975e+00
2.979367412918032443e+01
1.007867716867594687e+01
3.052224178531458776e+01
8.078500990180376817e+00
1.012090398387740890e+02
4.912353772425303333e+01
2.430870345850632575e+01
2.777724217494113290e+01
4.110461652448251613e+01
-5.409548941599392435e+01
3.649467615790090491e+01
-5.312868120267933136e+01
6.258145335065330528e+01
-1.954912622367830721e+01
3.996362344560370872e+01
7.258990450955509743e+01
-7.754741794446340464e+01
4.740205542063289812e+01
4.592017487454981506e+00
6.751859482931295986e+01
5.605714340753766578e+01
-1.001640560013748882e+02
6.139601583438216181e+01
8.798374735953494508e+00
1.742010296957056781e+01
4.278775968289534859e+01
-4.395121394577782326e+01
-4.805584271318839740e+01
8.610362808209101715e+00
-6.525325560097439848e+01
-7.516159038976552154e+01
4.112900379052650379e+01
-3.932885452678170424e+01
-1.905306011354216267e+01
-7.444301784123048549e+01
-8.231767094182761468e+01
-2.000975979089039924e+01
-1.944254723598892198e+01
-2.575155005701221356e+00
4.481019040057667979e+01
-5.261969757965063366e+01
1.379890479229521461e+01
-1.843885522851003316e+02
4.934643283496825461e+01
-5.072343997715713471e+01
-2.331344537499449032e+01
5.093368552603278943e+01
-1.185757361244806845e+02
-4.790789331060539524e+01
-1.039638859836579243e+01
7.186058627459000547e+01
-8.240952921474015369e+00
2.304043966947645572e+01
1.403344877643605741e+02
6.508951420132016885e+00
1.484169679255921039e+02
1.020285050487328107e+02
2.255976946438174480e+01
3.528775275942234835e+00
6.221731235154696549e+01
5.231546207647211588e+01
-3.531770790978601582e+01
-7.100363817665264321e+01
5.707123190725275919e+01
-6.270347153093406689e+01
3.875060851053195421e+01
5.592229900678822929e+01
7.698905029487302265e+00
-5.515984394582709172e+01
1.051742788708245655e+02
-5.080999496044923625e+00
4.648531044199681617e+01
1.310225862639941496e+01
-6.540653882090010995e+01
6.479310233993386703e+01
-2.363430993118165091e+01
1.794746881899501645e+01
1.673639387554370472e+01
-5.355435146688022030e+01
-9.621320612556964136e+00
7.681652155912848912e+01
-7.882183714663236529e+00
1.537258326521554253e+01
4.086383692819705260e+01
-6.751178531932234250e+01
2.332236913252629407e+01
-3.838249419564234444e+01
3.970540576433791102e+00
1.235424797004666964e+01
5.006032596875894569e+01
2.469482867297469397e+01
-3.465501668030120896e+01
-9.601369676908969808e+00
5.393651118265152178e+01
7.675759243776145979e+01
-1.652621181436319731e+01
3.803814001639601594e-01
9.577088268732895315e+00
3.961868288381554493e+01
-7.859013654908027036e+01
2.508534637071575979e+00
-3.462002875704810378e+01
-1.099706873725799738e+02
2.803911827644603250e+01
-5.764719784485183141e+01
-2.007293895345857138e+01
-9.612659325537240562e+00
-5.152584650497655616e+01
5.149700762671344023e+01
6.827454509808745797e+01
-2.510761658217273862e+01
2.885899325889181100e+01
-2.314436523567916737e+00
1.181815739936565706e+02
4.375009887791539143e+01
-3.488656210812034431e+01
3.551471244418348761e+01
-3.826979594115655914e+01
2.604394060651648601e+01
1.178779309027299576e+02
2.463770716411460526e+01
-1.058708764239568900e+01
-2.554635992610646511e+01
7.236050750426130662e+01
-4.351855457578395203e+01
4.893331110296585962e+01
-1.197462275285524669e+01
1.696546001253060609e+01
-4.595291344653853827e+01
3.094312606814956368e+01
-6.779235379233884196e+00
-3.638039420546193980e+01
1.768208625530817812e+02
-3.152253159019977602e+00
-2.226503881108615701e+01
4.007892849730537499e+00
1.089982588979443250e+02
2.214958798911002091e+01
1.181735159930404144e+01
-7.644924283467268822e+01
4.668555402990738656e+01
2.960650376021437769e+00
2.322581047379362928e+01
7.035503159106847981e+00
2.222982866939678459e+01
1.053735398106191390e+01
-3.611142327410187391e+01
-4.993043174164017728e+01
-7.799764619448139058e+01
7.558207603353103821e+01
2.502250583474850298e+00
-4.390695238921651367e+01
-1.539184848645511039e+01
-1.506662633781435057e+00
-4.877361277355467450e+01
-5.577052492724567045e+00
-6.384639107975696248e+01
-6.962110561936959208e+00
1.050534436853499756e+02
-5.085020023009550982e+01
-2.375942411231040552e+00
8.675692605375546407e+01
1.318181127424096211e-01
-1.016513675141290030e+01
-8.481860775331426794e+00
1.236814982716423827e+01
4.350144649379986106e+01
6.316143921136964678e+01
-6.624117023602764220e+01
-5.617423003290865324e+01
-6.208924337644523916e+01
-4.786709591886578608e+01
5.704808264128277351e+00
-2.664527769659236256e+01
-2.789770828707052885e+01
-1.007868826637086324e+00
-2.628145270669493883e+00
3.918952596529629062e+01
-4.305312437251838276e+01
-4.447486595148274091e+01
7.220628960516236816e+01
2.404602109167884549e+01
2.030265663487781325e+01
4.272781012787689292e+00
1.021849624669732037e+01
-1.251031861173799520e+01
4.382076737736241512e+01
1.748129245910495655e+01
-3.328437024360881225e+01
-6.291648411184034018e+01
3.019195806918287417e+01
1.858199967939594899e+01
1.779095303639673986e+01
7.555587728716659512e+01
-3.533859914974784289e+01
-3.343442224119383610e+01
7.137743606487484271e+01
-7.677717110107546716e+01
-2.754881825019440100e+01
2.955897414581051663e+01
-1.221609719237592984e+00
-1.953398206264786552e+01
8.577224416928426365e+01
-4.194389645833819458e+00
1.046071994708419339e+01
-1.407951902375787157e+01
-8.893099532707715582e+01
-2.630942855165458027e+01
-7.472835772666625687e+00
2.182392643969289026e+01
5.005254886605057152e+01
2.375052215329501060e+00
-4.652939953920262184e+01
7.072799909382034400e+01
-2.037805734937497348e+01
5.470945608325087051e+01
5.560836991459458645e+00
4.327692870514430723e+01
-7.326591371508854422e+01
-3.371440733692192993e+01
-5.367983895700042751e+01
3.640925488702295354e+01
1.949968189921276718e+01
3.767674143764588646e+00
1.337463745091382172e+01
5.575015175320347538e+01
5.753768278560234961e+01
6.481442878140832420e+01
1.001494241912862009e+02
9.745701887458680801e+01
8.117939702959715120e+00
-1.082730145135665545e+01
-1.417468247166626005e+00
1.029403766106740470e+01
-4.755371637063993973e+01
-5.415166420184276319e+01
6.773075344086881167e+00
2.493536951695966764e+01
2.432907152405481099e+01
7.482532276971465990e+01
-3.462398524784765641e+01
-8.677195862424960637e+01
6.459991938384553123e+01
-5.780110768476721006e+01
-2.778861883126722176e+01
9.312330839357858991e+00
-4.650077748150707180e+01
7.900734641814000270e+01
-6.599912740387787835e+01
2.469886525749718231e+01
-9.423480559660123390e+01
3.340592073986567101e+00
-6.139616204763988172e+00
-7.791678282974829983e+01
-2.507042373587532680e+01
-7.873197048218550265e+01
-8.599186453513642903e+01
1.482464438840846910e+01
3.150916253376918164e+01
3.979674524742623021e+01
-3.603193565727909231e+01
4.009764935232814764e+01
5.715386958487397351e+01
-5.124732226634892385e+01
4.886809783624849501e+01
-4.192982205112242156e+01
-5.870886006962577142e+01
1.036760359274243655e+02
-8.890622163090259278e+01
2.091405253242227502e+01
6.209615753356469980e+00
-1.259800611912352686e+01
8.269445019887668025e+01
3.623731172546496282e+01
-5.874379721852203318e+01
6.757002642679162818e+01
-4.505161503155448344e+01
8.475749467320293107e+00
1.535723947071942774e+01
-1.302227423702327691e+00
-6.508233839774470653e+01
4.024830070439664098e+01
-2.381116285656029063e+01
-1.960674306363094033e+01
1.451003710696295101e+01
2.798250493961449337e+01
3.545064718828790262e+00
4.793612808624173383e+00
-6.555352849498713397e+01
-1.137607481470767112e+01
-6.164688712734559317e+01
-3.768928985238917306e+01
-2.542023707323448178e+01
4.249403338556194143e+01
-1.345764145184573835e+01
-3.359557671131717438e+00
-4.845645438726253929e+01
-3.597290276472408266e+01
5.618414842140324339e+01
6.449482058018442387e+01
4.467167490014242759e+01
-5.223698753156748609e+01
-1.535194065403306851e+01
-3.957504418554886882e+01
-7.264888355487619265e+01
-4.117020889078460044e+01
2.152210092943311537e+01
-6.513702180180072965e+00
1.756841127115269074e+01
1.554262747934766686e+01
4.555592509849104488e+01
3.057362311989005477e+01
1.944224898038640958e+01
1.025461386253636675e+01
1.753202963467472131e+01
6.528843927559245230e+01
3.434948658114349573e+00
4.397936974609429939e+01
4.041622258089540765e+01
2.783259971291309398e+01
8.891214277686842138e+01
-5.450680499016008440e+01
4.126856042846640804e+01
8.891958253942526369e+01
1.933102853413992861e+01
3.561864767863263381e+01
-8.752168118297776189e-02
2.375510406150785414e+01
6.989745975602554395e+00
-1.147954287222395742e+01
1.627520198968580800e+01
-2.209730813485874279e+01
1.466162579586219294e+01
3.988591817071831969e+01
-1.025096492863069741e+01
-1.378991244167767860e+01
5.670614298333265424e+01
-3.798551300297811650e+01
4.879066966488529999e+01
2.020568036311468418e+01
1.613328565920558688e+01
-6.928180669245413092e+00
6.391118515508005249e-01
-1.608125974988815088e+01
3.759692639926237234e+01
6.495209434471007626e+01
5.147170895949082592e+01
-1.135265374740753508e+01
-1.753273311134212875e+01
-2.717237530213023078e+01
4.272855576174330849e+01
-2.063406251077754217e+00
2.561917958124882944e+01
2.755692930503425941e+01
-7.842157849863080799e+01
-2.942225296550885361e+01
-7.094853951433498196e+01
1.511549526567948831e+01
-8.127735631750536527e+01
2.425066728001116800e+01
-4.441368798130349127e+00
-3.658793445734192318e+01
1.542554560184770107e+00
-2.450963869833775277e+01
-1.110692866287644449e+02
-4.993913228296256079e+01
4.848118851561898168e+01
1.895725987857618122e+01
-6.066515259736211974e+00
2.972784740221166189e+01
-1.571915648652096742e+01
6.292567867789796310e+01
-5.771932257436557734e+01
1.429131544607361981e+01
2.513042615305721128e+01
-1.719804945442315613e+01
-8.401284407327352710e+01
2.449124192537615841e+01
5.089374413485103332e+01
1.692460608480972795e+01
-9.232225192623165810e+01
-1.359156618681332773e+01
-6.494863849756470131e+01
1.134215325818966491e+01
7.238139038388376889e+01
6.507781785351623682e+01
2.872630802661958072e+01
6.692416255484053522e+01
5.192135967005096830e+01
5.017480179096809678e+01
7.933819831853668347e+01
1.580346405941780219e+01
5.849118373200828103e+01
2.046489513052984677e+01
-5.309163314567887149e+00
5.648711168400147642e+01
-3.040434414340261426e+01
-3.338662547286449289e+00
-2.123356300097840155e+00
3.492784766202918689e+01
2.525840163202505195e+01
-2.934516622530679442e+01
-1.163612013303090542e+01
-8.128182379630208843e+00
2.254548516152041771e-01
1.272281530881519629e+01
1.165215952760351001e+02
6.998067356557922380e+01
3.981345696336140350e+01
-1.140495303284647122e+01
9.417611932196761870e+01
-1.127419137598649854e+02
-7.061041472573839428e+01
3.090088790635221017e+01
7.904857607177024192e+01
1.215079541293370902e+01
2.051508769942031307e+01
4.731850930288068469e+01
-1.007728472555387178e+01
1.467134628748866554e+01
-4.627393896544714380e+01
-6.290976558457628443e+01
5.539927709820849699e+00
-4.536356130548917065e+01
-8.688369184065244610e+01
-4.946335968223968393e+01
2.861088466911378347e+01
1.515569893736113158e+02
1.038729198399375520e+02
-3.077400527786709006e+01
5.294721790578554987e+01
-5.560873366306260124e+01
-4.569230073460416008e+01
-3.659241946044489424e+01
2.389382943657535563e+01
2.135342603708597053e+01
-2.567607506577544285e+01
-3.631539861708448313e+01
-8.050853860713647236e+01
-2.301133123686538440e+01
2.365163245615804755e+01
3.731905724263815216e+01
-4.679521400760155814e+01
3.519188100871610203e+01
-5.684461334008187094e+01
-5.656039471966801102e+01
2.219007878454661409e+01
-3.413944960651844696e+01
9.050106566457613155e+01
2.490038642165686866e+01
-1.239139189730275348e+01
3.455611515527075994e+01
-3.810026405163375074e+01
1.446733097783838673e+01
-4.444674947531181886e+01
7.491887518904057686e+01
1.193753867459151152e+01
6.478482896309186856e+01
-4.374520990316258917e+01
-3.562262707477044898e+01
5.991491613881017919e+00
-1.967444884332403277e+01
1.961935781045290383e+01
2.720200854821090530e+00
6.138557655445411854e+01
-4.563584986241820474e+01
6.783463844394098885e+01
7.142556438070607783e+01
-7.411838473305043351e+01
-5.240049025899266866e+01
-3.216039205996438710e+01
-6.348035046562880979e+00
-1.152649940552699981e+01
-1.210552026631754430e+01
4.102220391247357156e+01
-9.308217714967385703e+00
7.527025733347251446e+01
-6.437170181406498770e+00
9.611804892845368897e+01
8.347863081297111076e-01
3.314222053448570193e+01
1.119232899887035693e+01
8.839124441210978844e+00
1.841677608934060473e+01
2.660404890880823991e+00
5.851394213674742417e+01
-2.939377696773033577e+01
1.863887427859817691e+01
-7.015361065614396807e+01
-4.974863287742344653e+01
-2.211014198359515071e+00
-4.751036324767270713e+01
-2.067027041394572606e+01
-6.098142701829902990e+01
7.261229670977076012e+01
-6.289581838045181428e+01
7.450671437690614596e+01
-9.125933401383148791e+00
-5.110658071216445819e+01
-8.004356720029841554e+00
7.200882644038939873e+01
5.990367064201150171e+00
6.311992948292012073e+01
-1.643167388593279199e+01
2.280622313608218121e+01
-2.767867606053415841e+01
2.422365655580169630e+01
3.651368271592733805e+01
-6.345899152618744665e+01
3.877706864119441832e+01
8.053727108872823237e+01
4.830517971910849440e+01
6.774244470293237441e+01
1.097960394502196024e+01
-3.782305804691370099e+01
-2.658990227728613220e+01
6.367669441555959509e+01
4.822848179890281983e+01
6.253717956960420210e+00
1.452365644941169265e+01
3.159190761226420108e+01
-2.188748371628055267e+01
4.374005525154942120e+01
1.504362996624324467e+01
6.982769014711189470e+01
-8.463970967905783027e+01
-6.994361268454515823e+01
3.310452678303710261e-02
6.347098324119028945e+01
4.005789080733143948e+01
-2.888756231919410666e+00
-9.567903194785122878e+01
1.718569870316687798e+01
-2.745135859507332299e+01
-1.504755827177117666e+01
8.764751584003814600e+00
-2.115171830500989358e+01
-8.528369720838315970e+01
5.448582773104058674e+01
-3.096330449853708444e+01
-5.779159430399061392e+01
6.449618494494981746e+01
-3.304344946421178264e+01
-3.463043300896514864e+01
-2.370941375849972843e+01
5.134632415742932920e+01
-5.359289847612545543e+01
-6.461123128579315278e+01
-1.034586567808065780e+02
-4.688495969691967247e+01
-1.596325110438061579e+01
7.516613395517430263e+01
-4.239871551045235520e+01
3.259285171424004801e+01
4.777892259421287946e+01
3.837079235106421038e+01
-1.484803977753679050e+01
7.708836073225695884e+01
7.538509186946656371e+01
-7.157579077636769682e+01
6.149180461477108395e+00
6.367156291724912620e+01
5.745485453225109751e+01
-2.930636327664304019e+01
2.609534501482098534e+01
-1.336860981498020706e+01
-5.740137732484456023e+01
1.467800536968176175e+02
5.949935601338320623e+01
-2.194852085098367045e+00
4.807230541364795329e+01
8.399508679995976479e+01
-1.090085527174417308e+02
-3.520934307277533293e+01
5.948691774574835556e+00
6.617243171469750607e+00
-2.388689228814251564e+01
-2.451557124371003482e+01
-1.844465304802550065e+01
2.218583553203178838e+01
4.788745930840264720e+01
-1.954751242789329879e+01
-4.551255550390297344e+01
4.618796868020874058e+01
2.560468122943293778e+01
6.233405575561810075e-01
-4.055523790065972634e+01
2.550903133871521078e+01
-7.193264530846353466e+01
-5.841578696281138861e+01
-6.434971967946535365e+00
1.547825805415437372e+01
-4.895744003116971754e+01
-3.851486554769912374e+01
5.294953966689350011e+01
-4.036698121537861539e+01
-4.754682566400338040e+00
-3.452573251402072430e+01
7.893127157498945223e+01
4.444312315517646539e+01
-3.034648438799916548e+01
2.185066732652325072e+01
-1.275155799413513691e+01
-1.848049294098183992e+01
-3.833794310046352649e+01
3.877813946342146068e+01
-2.457022203460266141e+01
-7.887781364746574297e+01
4.922846568958079416e+01
5.130343682686683593e+01
1.123758462014894377e+02
5.325227910335316039e+01
2.928355313108275482e+01
4.516657215844494289e+01
9.832257775972374247e+01
2.900923729672818752e+00
6.257128818114875202e+00
-3.255587404028088372e+01
1.987717855492531172e+01
3.192760193782207878e+01
4.879419530561300178e+01
2.338856437413503642e+01
1.792030973593112364e+01
3.305029807529122898e+00
1.822320665481151281e+01
2.069418618251300046e+01
-1.058638896259189579e+02
-1.714633234363621384e+01
2.614369752190911811e+01
-4.038306874535663837e+01
1.995304117496701224e+01
-2.676628464695402343e+01
-1.403822042116655844e+01
3.727682097266095695e+01
1.226771744933901331e+01
-9.433934802889024240e+01
-2.240698560002434547e+01
3.399953708403133845e+01
6.653933586140522038e+01
3.224247174850840736e+01
7.717377801555704764e+01
-1.866179105101129920e+01
4.106817754423331301e+00
2.752397829442885779e+01
-3.703572691004173123e+01
-1.692259138593583145e+01
-9.973080164099738454e+01
5.949690227970254597e+01
1.244283732172505097e+02
-7.468198305953754357e+01
-5.752076277144087868e+01
3.454151572800118686e+01
4.543695860944629317e+01
-3.681797438624182917e+01
-8.121339265525226381e+01
-5.762445891214471061e+01
-8.758858516958861173e+01
-4.458071486490312907e+01
4.508458079131146690e+01
-1.173233156537841104e+01
-9.754998255321817169e+01
6.440467970195577152e+01
7.156740675928769235e+01
3.900484601427049824e+01
7.455919808854453379e+01
4.501933230589622070e+01
-1.705828113683181435e+00
4.472734446427652699e+01
-4.643249734950056506e+01
-9.317099162883444308e+00
-8.841803917533493262e+00
-5.103562592255808283e+01
3.485663400163855385e+01
-1.495148129423212247e+01
4.063506163080727163e+01
1.243967691814814280e+01
4.301838707838174258e+01
7.257625656210139198e+01
6.745568114396967907e+00
-2.337149844809037802e+01
2.827741610692096330e+01
-2.780841712351110662e+00
-8.690506666642056643e+01
-5.014896686843857054e+01
-1.742341255539112410e+01
-3.273598752608200613e+01
2.517490772946899114e+01
-5.627655300950963380e+01
3.939200452108736528e+01
-1.320430157754366540e+01
-3.611224977399533032e+01
6.432517119099176739e+01
6.954584580001683491e+01
-8.547330449880426784e+01
-1.071147283107509764e+02
-1.843649719662611375e+01
5.266633010227560163e+01
-3.971446851933853850e+01
4.208679032261576580e+00
9.832196210581088280e+01
-1.161583731171643485e+00
1.482226126670299138e+01
6.916851994502233936e+01
-5.370920749994797205e+01
-5.673653766518060593e+01
-2.053024522430558108e+01
9.956151459413057125e+01
-4.314441175713181309e+01
-2.263062535463340907e+01
-1.955271989443458702e+00
2.545796223751051812e+01
-1.986720651322192666e+01
5.418629233351170882e+01
2.796236221767263785e+01
4.730259793519917366e+01
-5.647454261197042058e+01
2.182697708223121680e+01
-1.213614006673081169e+00
-8.752964448733160907e+01
3.688352870966062369e+01
3.958839708153417547e+01
2.018131789572326795e+01
6.864082618766533805e+00
-6.142635943064868087e+01
-1.322781257956032874e+01
