2.273476585043517684e+00
4.922036773775472440e+00
-1.448440790842206116e+00
1.191529811667967786e+00
4.323721184465216361e+00
-1.455742886636927524e+00
9.699761774853743468e-01
1.704000012884414605e-01
-4.224956717446140431e+00
-2.489578520872656187e-01
7.256183462982679355e-02
2.497339605282240527e+00
3.891889078370853738e+00
-1.076635463352861422e+00
-1.312571691878551494e+00
2.683354679184849712e+00
1.931279798768117839e+00
6.301293803809621119e-01
1.834348277090375845e+00
1.391217003015060794e+00
-4.770808699976248235e+00
4.494377576482419201e+00
-1.495774983114522838e+00
5.280336409538675113e+00
1.146723581795838998e+00
-2.234508906421912577e+00
1.163093727724915816e+00
4.689164286908381385e+00
2.429481947869884806e+00
1.478747608869893204e+00
-5.638398378752478290e-01
-4.778498319406370598e+00
3.754249211886576454e+00
-2.855151609988085148e+00
4.720129426506346482e-01
-1.423510907820650484e+00
1.458423713641799013e+00
2.729132387719754860e+00
3.728848771432267950e-02
-5.914624018412502071e-01
-3.189180105829646505e-01
-4.029479151388180469e+00
-1.907632896925392618e+00
-1.373873838870418584e+00
4.996005566345292359e-01
-2.431009660688407514e+00
-7.524736201468014141e-01
4.790751391629670231e+00
8.433600820969860967e-01
-7.828849150141541369e-01
3.550877502814532960e+00
-2.122207613338018550e+00
6.762870623264927161e-01
6.943114265281876696e-01
-2.872689100237395543e+00
3.986829168497623699e-01
8.210770870986593417e-01
-9.917547300995588344e-01
-2.217564214448466409e+00
-2.951450522258407538e-01
-1.550050932298231210e+00
1.058020417295735704e+00
5.479487942931871025e-01
3.507457750387066753e+00
-4.919938981253526578e-01
3.128936760126422634e+00
-2.879679314215672914e+00
3.252927194985317794e+00
-2.087733982664048860e+00
-1.100645284531131640e+00
1.219011756713828110e+00
-1.542844834297358414e+00
3.844445978389866014e-01
4.033322728995909046e+00
-8.638674337512444179e-01
9.575254120417306947e-01
-5.064486812161826279e+00
-1.185343559183787754e+00
-2.128372857702730325e+00
-2.159449955528265352e+00
1.147311294844997498e+00
9.809895138169981710e-01
3.709981448180149854e+00
5.707466013437635155e+00
-1.137776765920737621e+00
9.613594909946152622e-01
1.109909536416283427e+00
-3.175192287639733379e+00
-2.220166574104955881e+00
3.294696728360284155e+00
-2.060694552397587920e+00
1.197197874118572702e+00
-3.044242526628614165e+00
-2.300758330445433764e+00
-1.127880644549812850e+00
-1.057632849210125459e+00
2.661614681369834479e+00
-3.853369485269347861e-01
1.313720678176330203e+00
8.869069669329696648e-01
3.026277461121868129e+00
9.344263956426140938e-01
-1.387377180937604537e-01
-1.937735993857666816e+00
-2.894072341546670035e+00
-1.889373505072760029e-01
-3.777586422786410658e+00
-2.038010617185500362e+00
-8.370130916366602669e-02
-3.414723920186637507e+00
2.449517429717277928e+00
1.317763585141974225e+00
1.795670696199957339e+00
-2.018710977982657084e+00
-3.399421668893493065e-02
-2.810192091872352194e+00
-1.371607426406802333e+00
4.185056832312735509e+00
-8.357023874301561239e-02
4.562116195001533758e-01
4.159015790852588879e+00
-2.505966587957430547e-01
2.193119519797158912e+00
-5.798116784621675235e-01
-2.535556090726227119e+00
4.249569617229679297e-01
3.606044107413653999e-01
-3.182759501064470697e+00
3.823924222584270005e+00
-1.920276573773384232e+00
-2.890749037679837485e+00
-2.437701853447911127e+00
-6.531326546631978758e+00
9.950739287197720717e-01
1.347060952836917735e+00
1.100772413190638233e+00
-2.244857531096521086e+00
1.909950994048169592e+00
1.750062075503275416e+00
-3.345704955941538827e+00
-2.745827012791743016e+00
1.307299571179006081e+00
7.465172545086511402e-01
6.334342208590010292e-01
-3.928382340081389756e+00
1.319079978489184013e+00
-9.580463190171565335e-01
-2.652766225592393390e+00
-2.049302467942995420e+00
2.854308986843001605e-01
-7.160889669577896743e-01
3.079696738617978546e+00
-3.403726403266726486e+00
1.612855763910026052e+00
-2.318183817121062695e+00
-3.470753305373941000e+00
6.442205871999937550e-01
-2.855578090619455001e+00
-1.046968257886549125e+00
6.552663873329651611e-01
7.179613318031179414e-01
1.942348786287768192e+00
6.326420560305013652e+00
2.488038887833696755e-01
-1.152349553345228816e+00
2.045332654562639907e-01
-1.030900292524192352e+00
-7.357715741052353042e-01
8.282490225844865162e-01
-1.400532102164186554e+00
-3.147132321945915745e+00
1.746838201896394605e+00
-9.026008244027718952e-01
-5.086218899202832322e-01
6.326370930333786724e-01
4.553165452915548528e+00
1.165266393729542660e+00
-1.710959258082405121e+00
-2.297870211000168916e-01
-3.045839852679351534e+00
9.723254053966456922e-01
-2.682318061279390431e+00
-3.073811990613873335e-01
-1.836773356781815414e+00
3.010940980618694029e-04
-2.888663201574269479e+00
1.461685666176640197e+00
1.666839371568695771e+00
1.300351399948290521e+00
-3.437538195050565903e+00
-2.665697140788249264e+00
-1.070417786949589001e+00
2.320622980064298346e+00
-5.555899345039514436e-01
-2.766610796896896041e+00
-1.763876516960997343e+00
-2.891262347701623714e+00
9.470741020031319124e-01
1.078153492951418602e-01
-2.768399012026730333e+00
5.828904951320541539e-01
1.706799759752191115e+00
3.730764529672958574e-02
-1.235630048304214856e-02
-7.704486953415516926e-01
3.724726743047320099e+00
-1.202804099808364668e+00
1.224997188354696398e+00
-1.836042339992185024e+00
-2.037167745562848964e+00
4.979989584168293959e-01
1.329987329462729129e+00
4.052579986106059629e+00
1.545473238488914935e+00
-1.246218686211246540e+00
1.964693343558330252e+00
-3.170867435298992731e+00
-8.753239440237579050e-01
1.668394714130116308e+00
-1.865896328957785677e-01
6.797828589616223827e-01
1.254780676344468437e+00
-8.606317033582009390e-01
-1.701657438884923934e+00
1.655546684639150889e+00
1.434650868049833994e+00
-3.038481728477468113e+00
9.671769183095619837e-01
8.244103779584008862e-01
2.220946045738640073e+00
-2.266783614331283614e-01
1.697851568111410914e-01
-2.376897656470357667e+00
5.285881727862619783e+00
-2.504243046714830223e-01
4.706049171014615728e-01
-1.680829424410356543e+00
-3.267951211860258276e+00
-1.403053039107602817e+00
-1.376124050673455113e-01
-2.341492861480525711e+00
-4.351506251828416438e+00
7.057450924773778222e-01
-1.086382232835406692e+00
-2.627524424536249903e+00
-8.735482147877565717e-01
2.639720494236272863e-01
1.585565563083519924e+00
1.385547676821567542e+00
-1.236598642980232476e+00
-3.247268500871135721e+00
1.744034432564788073e+00
1.128381828482132310e+00
3.798592353546746736e+00
-1.874410315806415817e+00
7.710297423285694673e-02
4.354142259282741456e+00
2.345009077002353060e+00
1.554711837709320088e+00
-3.458405836703755121e-01
-2.442630016684170513e-02
-2.755803984927952754e+00
-1.851997700165080474e+00
2.289121572785303815e+00
1.983206846911631960e+00
-1.420910973459714288e+00
1.632789903167523260e+00
-2.754050525110252501e+00
2.695322876369948828e-01
-2.976607559208939158e+00
-1.532456988481011972e+00
-7.709115183782599967e-02
2.680948463485232303e+00
7.133351667997630541e-01
1.275639904272349856e+00
1.749360578571005131e+00
9.529325186396371272e-01
1.472346337466337918e+00
-2.306896960699426291e+00
2.169784964629990043e+00
-3.107458488844812572e-01
1.082789622718763223e+00
-5.214468008643975416e-01
-2.930730184363313784e-01
-3.694348102198263817e-02
5.168960893881300311e-01
2.834509839056766012e+00
-4.026331168565510099e-01
-1.470807609064755272e+00
2.905345917500298469e+00
1.248128129609506587e+00
-6.288862833106025896e-01
1.313719610552930295e+00
-1.558132048974213202e+00
8.404606618648511329e-01
-2.523553931258163963e-01
6.711223956476176644e-01
1.890690526942282179e-01
-2.203393685947268921e+00
-1.363470312239896565e+00
-1.231780341365840137e-01
-7.976810461091088378e-01
-2.276422562635953994e+00
-3.643103052356312155e+00
5.382302885129822689e-01
-9.612420501589735711e-01
3.203566016701431707e+00
-7.521319465495484025e-01
-4.690965624520692323e+00
3.781213414683952223e+00
2.030074212682035917e+00
1.085655263555296013e-01
-2.819310603849958241e+00
-9.817478012533819021e-01
-1.498185291787981654e+00
-1.123295844543358069e+00
6.118468747765015703e-01
3.216471204141958529e-01
2.578763921074186172e+00
-1.908406152939843281e+00
-6.533671269621081912e-01
-1.522843915092086942e-01
-5.912404015125858336e-01
3.132127804248211245e+00
-2.496129509305243799e-01
3.243163436183440496e-01
4.755015663287701422e+00
-6.805790554832802375e-01
-5.249896920777756826e+00
5.862212801368062998e-01
2.060671366465842702e+00
2.721528457500205889e+00
2.639848690170814471e+00
9.164845283771555495e-01
3.359115765716029323e+00
-4.325056933357701583e-01
2.337086746892332867e-01
-2.015220306679323059e+00
-4.133109104375339848e-01
9.126601255808091118e-01
1.896313286282979682e+00
-3.232203351789822321e+00
-9.557508295445398261e-01
-6.505757215334746490e-01
1.912080759567661437e+00
3.361152494410859504e+00
-2.836930285355026893e+00
-2.138916025627507267e+00
-3.104808627416069111e-01
-2.100757783360702291e+00
-4.578831521237978763e-01
-1.800284434386361654e-01
1.556562724555870858e+00
3.292632403364086358e+00
-6.197767646728651048e-02
1.961247901143998718e-01
1.101470875278707240e-01
8.878879419714362342e+00
4.191214321233433182e+00
1.735814836998691657e+00
-6.582418358055890373e-01
1.681149630743576040e+00
3.960427434301714733e+00
-2.947371802418047970e+00
2.913544151668659765e+00
-3.628263890625343269e+00
3.941213259353498977e+00
-3.004450019313681608e+00
2.066447513165418082e-01
-2.506018414653239823e+00
-5.007137120111639916e-01
-1.093342969247474095e+00
-1.056721152214512571e+00
1.964361227578538482e+00
7.110544091259378696e-01
2.116674728116085369e+00
-3.390540880803697643e+00
-2.214092771712380170e+00
-4.970493908471317335e-01
3.654197428203981302e-01
3.784831163081734395e+00
-2.407304773739861403e+00
6.177370272369502313e-01
-3.452222672121469937e+00
-3.272044946507742580e+00
-3.695413806324556294e+00
1.574189867840146473e+00
1.898247468042856934e+00
-2.051001610975191625e+00
-1.278275817135773096e+00
1.040467729412738018e+00
-6.374431332092287406e-01
-2.556728662080865355e+00
-1.510851824321500558e+00
-2.841014827071702165e+00
1.599013125360105203e+00
1.610840463753289598e+00
1.533780423780932711e+00
-7.182859612888019551e-01
2.144819462171153823e+00
1.277991269878004932e+00
2.716131214100334645e+00
8.152291567171900954e-01
-3.394742261180453191e+00
-7.201494292980346046e-01
-1.121277657717124399e+00
9.483015021849929838e-01
-5.272413898985517378e-01
2.224314986308073117e+00
-1.743926574138416452e+00
2.782897264339310617e+00
-3.871828855315777029e-01
3.390065416957977362e+00
-3.435683320139581109e+00
7.080453297941047275e-01
2.623804846018879644e+00
1.076384797188642661e+00
-2.547569677223471274e+00
3.735843231887520099e-01
5.685771273757850963e+00
1.621886842076725843e+00
1.720814303657883571e+00
-3.355963438480360495e+00
-1.634696099708005779e+00
-2.368180253389298606e+00
-1.841228681392238498e+00
1.480920612510937540e+00
1.283439381818963110e+00
2.438689555356537308e+00
2.737387405051204148e+00
4.867332459773461295e-01
-1.078241739920069664e+00
4.334354168292934517e+00
-1.669417365563230504e+00
1.601232081596602796e+00
2.695083470898705924e-01
1.837039840653473810e-01
-6.745423875871350283e-01
3.750475425344840907e+00
-7.557496605542284307e-01
-8.450214368765987527e-02
-5.075401017118575941e-01
-3.757952595835095444e+00
-3.244217639997576619e+00
1.541893827149090512e+00
-1.504425822266831858e+00
1.616098322147375421e-01
-3.167751472211235431e+00
2.261549526175656410e+00
8.603298463801967166e-01
1.589693942439600161e+00
2.005287616494700664e+00
2.364916022819035124e+00
-4.922162264707290014e+00
-1.503491221766577013e+00
2.668059449887190127e+00
-3.566433189254329950e-01
-1.255688472792446386e-01
-4.574350310146602094e-02
-2.199952775046790432e+00
3.247564554398189252e+00
-2.957376634192399933e+00
-1.308755384882950956e+00
-2.665369024325241476e+00
-8.361872005781453288e-01
-1.350325050149917772e+00
-1.521788572752671431e-01
1.481780582103971788e+00
-1.998700347124430454e+00
3.143621613849396645e+00
3.091775499088429413e+00
1.314843985272890148e+00
6.799630919404888729e-01
1.787812174622596562e+00
1.273008844490466807e+00
1.208493435079134759e+00
4.278887802598374535e-02
-1.725859149882468246e-01
-1.513209376381694060e+00
1.750734866957524671e+00
-2.382325477745730335e+00
-1.026759024619324556e+00
4.998247470377491508e-01
-1.383458154132103601e+00
2.237273467284705220e+00
1.495902418855449723e+00
-9.717996429979365303e-01
-1.441159258291046852e+00
-1.338945253801155699e+00
-1.527433900558403224e+00
-1.502595255583795586e+00
-1.197011000922929558e+00
-3.866196923908685523e+00
7.018773920643555098e-01
3.543060433470492931e+00
-6.928565786100691071e-01
3.472487348324294398e+00
3.779869265298938075e+00
1.207328266698326935e+00
2.140730570680060563e+00
7.973201523235989852e-01
2.738635510199779688e+00
5.239192451190282540e+00
1.228892634288190955e+00
-3.467367479278173903e-01
2.285272793491735399e+00
-2.476582544776933403e+00
-2.694163612138457786e+00
6.464694223928881822e-01
1.175620403117703994e+00
-1.267674456329768162e+00
-2.995411765932571413e+00
-1.608353206606267127e+00
-2.343560904408868995e-01
9.093150562799168224e-02
4.888875416571375476e-01
8.778143638775464108e-01
1.902734558895979422e+00
5.017680192507231851e+00
2.630797290648800413e+00
2.746895007923365606e-01
1.006867933018309458e+00
1.513277351022134454e+00
1.309672052776439166e+00
3.814327436003048799e+00
4.217382313113668957e+00
-2.629543248583356529e+00
-1.367827512346432295e-01
2.146400542254928379e+00
2.916571874265801334e+00
2.088451899476428952e-02
2.010387838651856107e+00
3.003471540535703754e-01
-3.149497574562488689e-01
-9.025222529261582860e-01
1.308746197878055462e+00
-2.556250390571804143e+00
2.545795859612834278e+00
1.555912149847387571e+00
-2.108901142782070082e+00
-3.185051163975710420e+00
-1.535208444040806697e+00
-8.489195685118042789e-01
3.740538010763440724e+00
3.478989490618972225e-01
-4.592554301677301276e-01
9.108587059882420345e-01
3.530897189068506137e+00
-2.964476589229270709e-01
1.929725493646360590e+00
-4.124075850605492199e+00
7.668837069863430056e-01
2.563558694706848939e-01
1.094825281293920760e+00
-2.590380774031213473e+00
1.902296626468827689e+00
-5.233469640637016695e+00
-4.114455227891506084e+00
5.779628260519097394e-01
5.260986000299105569e+00
-2.640604396427834732e+00
3.861249866818883270e+00
-2.275877925843164284e+00
-6.216907559420780105e-01
3.430340770619905166e-01
9.271209013549324141e-01
4.828309348482725527e-01
3.295771462543445551e+00
2.798359388475090803e+00
1.692109579894657934e+00
-1.927580615576181544e-01
5.779881272436979245e+00
-4.963618658816653095e-01
1.914613798130366362e+00
-5.201683034584630327e+00
2.410373755919390959e+00
8.716258406011490045e-01
-2.070225014568714883e+00
5.223999448358218611e-01
7.767368832074734719e-01
-8.987922900836931017e-01
3.184068505053197384e+00
-6.096084483208099591e-01
4.344422529552154910e-01
1.181377459362471960e+00
-7.666326679557189383e-01
-1.917029997705377964e+00
-7.752853212894332824e-01
-5.061766254031464518e-01
1.193236532881999379e+00
-5.259356086572012146e+00
-1.285178338165557710e+00
-1.230183930981021412e+00
3.347069104241995330e-01
1.755052327974407689e+00
2.860263905230411297e+00
1.670267609534099584e+00
-6.366473161734556019e-01
6.816252060376324362e-01
1.564581519131844622e-01
-2.482470807674740446e-02
2.341480471563651466e+00
8.526982389347118607e-01
-2.415727609095403849e+00
2.152053231632731212e+00
-4.350495817860100090e+00
7.287865838559246523e-01
-2.891791419993612333e-01
-8.213956135473736708e-01
-5.474402623871092999e-01
-3.771705342411864059e-01
8.227852986653398926e-01
1.770323254374718047e+00
-7.018332434848527646e-01
2.124327627007666308e+00
5.595103109101657424e+00
-3.628386144236393829e+00
2.006190658192998022e+00
7.329154524740988386e-01
5.615558460555128972e-01
2.123265524116718872e+00
8.792186168740017127e-01
-4.040476593595754284e-01
1.247703700383406833e-02
-3.998274255536284016e+00
-1.357622790891999776e+00
-1.400239831840955684e+00
-3.321834021988731678e+00
-3.915769743378217260e+00
2.820003492633780695e+00
-3.772870068882489214e+00
4.206482322370474591e+00
-1.554299592351107595e+00
3.342669715789564400e+00
-2.343973929701532288e+00
-2.265450032605554664e+00
8.326636230505553016e-01
3.447643010984203560e+00
1.365770885152263858e+00
-3.392520793117470568e-02
1.174109117473793429e+00
-1.772394273198169667e+00
1.031394419380755600e+00
1.590724993499366580e+00
-1.730656928831074026e+00
1.560806316452430398e+00
-2.508139998648191593e+00
1.459048877831087498e+00
2.891566954180605498e-01
1.074885870910897490e+00
-4.907409270665358259e-01
-1.538455454472996475e+00
-6.322354609565309369e-01
1.687933327428174035e+00
2.225069735061113274e+00
8.402706223453413337e-01
2.611725593750719443e-01
4.070012290647589737e+00
1.535822316739987592e+00
-1.966316768041286300e-01
-1.471544037738907296e+00
1.425462432291585424e-01
2.386389103453530058e+00
-2.008132583615586331e+00
-5.855849157698507224e-01
-2.035179907422389078e+00
-3.646246701436974824e-01
-4.376992495141492689e+00
-3.608672667494480457e+00
-3.861789852265506973e-01
3.203646969680533196e+00
3.647238273705685430e+00
3.962604264020652689e-01
-3.008017122170096425e+00
-1.824430985164221308e+00
-5.942208617687660954e-01
-4.530918112387174901e+00
2.082867817679960432e+00
3.589767856836378335e-01
-3.166023787934960865e+00
1.287637654097467443e+00
4.218473539770739578e+00
-1.104347458940786009e+00
-9.471267156537932497e-01
2.250585719691525988e+00
1.755629398215064807e+00
-4.495060536898384029e+00
-2.636181818540202393e+00
1.587111816911162432e+00
2.378660422577559608e+00
1.811465073412272364e+00
2.249014448415925571e+00
-1.833627980815448755e-01
5.356308118554750086e-01
-1.230892163933933192e-01
1.339363695387603581e+00
1.957058480856968541e-02
-1.961794745852968980e+00
3.262897824766690658e-01
-1.054470672799253883e+00
1.949599780531907189e+00
-2.875578279100670542e+00
-3.536892279723906185e+00
2.594726649398176210e+00
-1.194735085590724832e+00
-2.343101997214556143e-01
1.499656409035629467e+00
2.801502500297332610e+00
1.274778709768279894e+00
4.907780226266350576e-01
-3.415194555242528018e+00
-8.874665835316715157e-01
2.300492601378084423e+00
9.408849504332611247e+00
1.316393800503934619e+00
1.487695307937665579e+00
2.903881499918751885e+00
-2.649632445281262960e+00
5.737657013029224817e-01
1.853335955291228077e+00
1.948827522380313315e+00
1.923799328278544607e+00
1.872288225114594751e-01
-5.139794990157259491e+00
-3.640525200594745048e+00
2.645252577814799499e-01
5.068568303115837947e-01
-2.461739092387726480e+00
-3.799945720392476467e+00
1.131224859178575626e-01
4.682113007128332782e+00
-2.596438292477232679e+00
2.566619099398701032e+00
-1.629495054550538224e+00
-1.313807149233450655e+00
1.938698315606090627e+00
-2.951491928866206482e+00
1.254570728367122356e+00
4.766297337054233862e-01
-1.399595193501174561e+00
-3.356645879623891826e-01
-1.324856667999902538e+00
-1.769093029289745267e-01
-1.525927069753328258e+00
4.619734297911024523e-01
1.335726002123724943e+00
2.650188458397803259e+00
-1.151171363274357873e+00
1.267206700802455011e+00
5.480668654177891508e-01
4.270097887089505662e+00
2.710949569656281311e-01
7.205546578284181436e+00
1.135137540280291901e+00
-3.053495618380012377e+00
7.783235627443221283e-01
-2.152727332904191826e+00
6.167732335921419784e-01
1.082700653756563547e+00
5.712548183745169705e-01
-2.333732243611632562e+00
-8.637840233301363746e-01
1.820201693079992467e-02
-2.623406387137236173e+00
1.231980861141694361e-01
-1.029262827194935337e+00
1.982481910364350952e+00
-1.696969470692659243e+00
-1.881723708272240891e+00
1.330470721059835437e+00
-3.134413751612194154e+00
1.238177731789860569e+00
-3.145723180215020953e+00
-2.059412151923913470e+00
-1.718879161941394562e+00
-1.009136095778127018e+00
3.263520756794739963e-01
1.622456938229670520e+00
2.680491779682182329e+00
-1.917476555360667634e+00
-3.566580743992486813e+00
-2.367730147356630788e+00
3.128764381603547751e+00
1.566147310684952831e+00
1.703630246220784183e+00
4.065514153919332685e+00
-4.217286753476523486e+00
-3.170715362857767783e-01
2.746663307615801131e+00
4.292650843191277155e-02
2.502192027733294299e-01
-1.159990715316840060e+00
-3.028546513125871975e+00
4.004209625744830081e-01
-2.547662346993685434e-01
-2.377153970510851533e+00
-2.023190845106570546e-01
3.472594269699660785e+00
-1.340992541614052458e+00
3.153243603453085964e+00
2.401460110923087088e-01
7.782788186152127530e-01
3.438161336768780885e+00
2.543790321580942759e+00
4.873916417052685190e+00
2.749930031557395793e+00
-2.369193286590717928e+00
-1.617200828829713721e+00
-2.309120167147162839e+00
-3.089392025264403041e-01
5.918712972790666216e-01
4.482185215561836245e+00
3.340807329748372911e+00
-8.600252699403692080e-01
1.168971580739713190e+00
1.161775028249938613e+00
4.000964445658881097e-01
-3.255028521380808559e+00
-2.291187344070282794e+00
4.568152267170029202e-01
1.115083878348845481e+00
-7.686637478461313400e-01
-1.786589615588549673e+00
6.695439158411093938e-01
2.098955925514671250e+00
1.568328932101957562e+00
2.024751684824308562e+00
-5.328337995661336368e-02
-1.232637645979328012e+00
1.606283908034808805e+00
2.829118888202564186e-01
-4.880219945155515604e-01
-1.295498858262000397e+00
-1.049004541380472944e+00
-2.959095553721196037e-01
-3.093462815756954143e+00
-1.365276676357210839e+00
-8.171966646535766543e-02
-1.388168972810428725e+00
-1.991727735696877666e-01
2.507209934496628545e+00
2.835406462072414868e+00
-1.596061203214693913e+00
-1.654718014290736505e+00
-1.188337095335053384e+00
4.472918010322062266e-01
2.405963129990878357e+00
1.468600661959641229e+00
-4.846619617200408348e-01
-3.342926721079142904e+00
-2.043065335515199976e+00
9.407418952023793857e-01
1.428875416502680462e+00
-2.862909098046969802e+00
-1.879399971811066550e+00
3.253332861678326360e+00
3.485193447595239746e+00
1.384616752293162500e+00
-3.798420598698288853e-01
-2.848981375619436540e-01
3.681407481279824534e+00
8.180317572519196778e-01
4.717090852302530113e-02
-1.140717142598820733e+00
1.829413394804853876e+00
8.736404286219257020e-01
3.164271306780068294e+00
-2.457012499360873292e+00
-1.127844184472302391e+00
-9.173540697619722017e-01
-1.962181576065049615e-01
-1.490966695011121668e-01
-4.957858689778230077e-02
-3.052023698137992902e+00
3.906422308778556118e+00
1.551635268483297025e+00
-4.801721760355914803e-01
1.134518238108305876e+00
-1.026329978782444918e+00
-2.996422087313426630e+00
1.644277617984823747e+00
1.027600075493126930e+00
-2.344535684478655568e+00
3.910264726808126978e-01
-2.777627652560915372e+00
1.693619568674790132e+00
-1.482665266871938003e+00
2.061289150697066752e+00
1.581410356553188068e+00
9.163896573943344226e-01
3.110732177185415281e+00
-8.719118916271018094e-01
-8.287940766267798409e-01
2.947065324981121393e+00
-1.667809675313285389e-01
6.160532030209797671e-01
-5.778007963584499418e-01
3.396371011870421786e+00
6.019605941538258564e-01
1.152553401086924056e+00
-2.874977384131664149e+00
2.020001799653823760e+00
2.063643814244965569e+00
3.253676956929310471e+00
6.276663706639162399e+00
-3.322687912178366787e+00
6.673135183239389256e-01
-8.736142891006026812e-01
-3.321456833377490980e+00
4.380973359120263311e+00
7.620002003948911362e-01
-2.775559469415788350e+00
5.189247200747856142e-02
1.839677287528232785e+00
9.943622606761401972e-01
9.290406705383820185e-01
3.445289974852633330e-01
9.452796552172431088e-01
1.113769567623933199e+00
5.244749534564100424e-01
2.577713465955926431e+00
-1.795763743855994243e-01
-1.435636686475819102e-01
-1.772725310980978186e+00
3.656744679859933456e+00
2.350438848700440619e+00
-7.682698965764719889e-02
7.792214164780784103e-01
2.571687384713131408e+00
1.775365001059361347e+00
1.454255760894837213e+00
-2.746887730920791526e+00
1.427635655185030439e+00
2.904537278699288461e-01
4.117282539077774528e-01
7.400286460544117650e-01
4.929087426982615483e+00
-1.104301652942610179e+00
-2.901453156285202617e+00
4.984341911703794814e+00
3.669769414354284165e-01
1.256870949065081344e+00
2.569358056907676158e+00
2.936644499958962040e+00
-4.363338115096614622e+00
-2.221999548579984385e+00
-1.668660806246186734e+00
-2.549204619413225181e+00
-5.959531649156313282e-01
3.814734567847635205e-01
2.367139072707731717e+00
-7.022194987186650694e-01
1.382300920869569349e+00
-5.302576779221624292e+00
-2.047725159260146199e+00
7.750001446302569041e-01
7.646120673986870342e-01
4.976793543241564421e-01
1.717582745837015201e-01
1.550736999943658212e+00
5.516412050061029193e-01
-7.479330897988176186e-02
-4.361373592320836878e-01
6.581652878868833323e-01
1.929151554892606590e+00
1.374940515158301624e-01
-3.315597227728020790e+00
3.233122783186135329e+00
1.933085443986046315e+00
-2.104030698219804485e+00
-2.470654122597551350e+00
-1.282019797584037057e+00
-1.552024802985173757e+00
-1.966637275912269001e+00
3.066594855058111246e-01
-1.817486857071856754e+00
-2.787593387526520194e-01
9.846765401159653930e-01
4.945454927469341566e-01
-1.026924187672028976e+00
2.975964928659332598e-01
1.012683349665454369e+00
1.868043824144660636e+00
-2.391217559186457287e+00
2.804088031392749425e+00
-6.950819507620452420e+00
1.747047089492629324e-01
4.363804132317182116e+00
-1.359758221539106859e+00
1.433144749617454305e-01
-1.746992819276080411e+00
-2.074220449847746561e+00
1.671370084734094874e+00
-5.610167817023916648e-01
7.748364175127208098e-01
-7.070403750301457180e-01
-2.870427892429872951e+00
5.512178777357535253e+00
7.407712982823344561e+00
3.341504301332875571e+00
-1.173469744990804475e+00
-7.288154782418782007e-01
-4.121829327650964103e+00
1.564655772747954310e-01
-1.902735822984029213e+00
-3.466672901373591298e+00
2.309947015546805371e+00
-3.587069002958591657e+00
1.311362258370851741e-01
2.547406305625094625e+00
2.377492674770896208e+00
3.616191139833797863e-02
-1.690861337111272622e+00
-1.234476958173872596e+00
-1.597446287316760749e+00
1.371580955807450763e+00
4.140971834957727360e-01
-2.617381728783874095e+00
-1.020901861433945346e+00
1.597457982574659763e+00
-1.241124254955002559e+00
1.730624385037721424e+00
-1.386366984956701742e-01
-3.478888394706905807e+00
-1.395037154677143953e-01
2.148555112490285524e+00
-7.511850527827388380e-01
5.439175320239401756e+00
8.098562109207513293e-01
-1.727559227515635509e+00
1.132281055312820417e+00
4.514997631938781453e+00
1.986388882028749858e+00
6.957663765260384547e-01
-1.741597802228416203e+00
-3.111345816369720740e+00
-2.865648691973812667e+00
-6.337330108422352115e-01
-2.338089027655041896e+00
-7.486994952615133592e-01
3.041351873605468548e+00
1.581230641243977608e+00
-1.350020746040289765e+00
5.310020353645987790e-01
-5.669405761422609658e+00
-2.414038136202231399e+00
-4.001795433833002846e+00
4.442469757181261691e+00
-3.964216680830750406e+00
