-3.983983977429311540e+00
-5.909259356826157550e+00
-1.029698373630265706e+01
5.864637112937187169e+01
4.365058459121522461e+00
-8.779831712361023222e+00
1.059605204979704496e+01
-5.178197462313395505e+00
-4.313893022023611579e+00
-1.744513425202229229e+01
-1.657607086734986357e+00
1.065051158760478245e+01
1.518751246977954317e+01
1.570289220633368643e+01
-1.502932989477311843e+01
1.914274408052523313e+01
-1.744876706454317361e+00
1.524135850366318579e+01
-3.517662486757666329e+01
3.636014961915630295e+01
-6.196857843961059764e+00
7.308349317039117388e+00
-3.877181880520279122e+00
-1.814277637308608604e+01
-1.093669603863385076e+00
-6.237852098541500467e+00
2.396476638328243780e+01
6.911302772994405430e+00
-2.202133826642650405e+01
-3.285988106121948960e+01
-3.301372166140127185e+00
3.471213214374778744e+01
3.458654061516298839e+00
-1.948850598352601082e+01
-7.250350203232930335e-02
-1.884403374450342739e+01
2.116571713027163071e+01
-1.779572787116434895e+01
-5.565249843130137819e+00
-1.583199282896476046e+00
-6.043396334291056604e+00
1.924799269416759984e+01
1.439575095497898261e+01
-2.848115726322761176e+01
1.866046562951775201e+01
2.771082106338278450e+01
-1.835290950951458910e+01
-1.852771014703468566e+01
1.219950005118844061e+01
2.988809548538736038e+01
-2.069437831236613334e+01
-2.626089030421135284e+00
4.027605939194369711e+00
3.555630363331964361e+00
3.486765192179154838e+01
1.790568677056152325e+01
-3.503804019867830988e+01
2.073032821225057276e+01
1.055923295855033395e+01
-7.159143160839007258e+00
-1.906655826519912722e+01
4.824120997632886931e-01
-3.318863936191027619e+01
-1.364385633725484936e+00
-7.672280964006787940e+00
-2.571782625122046895e+01
2.171766057693317009e+01
-8.282710849605026127e+00
-1.004505327766817047e+01
2.388518275009711900e+01
6.741731883047778595e+00
1.568804999573884551e+01
8.848359977959473710e+00
1.885051476753042010e+01
4.317040409586429206e+00
9.821563393849665147e+00
1.121324818709238791e+01
2.093527189435792479e+01
-9.493480077221574831e+00
1.328712896394716791e+00
9.722720105739753649e+00
3.279356585881967590e+01
-4.680692547201511289e+00
-1.294928270054543340e+01
-1.163766457852510250e+01
-1.031266131250592011e+01
-8.665495784759139397e+00
-6.698762035528760705e+00
-1.203551917849836528e+01
-1.229844743979235844e+01
1.735692711975927693e+01
-9.839764579291404800e+00
-1.954746499713615648e+01
1.254018053726546533e+01
-1.955602443209117691e+00
2.322455284681831245e+01
4.169931554045566457e+01
-6.648493946078204431e-02
3.481387635954847326e+01
-2.210107565639819072e+01
-1.741167282445929132e+01
-2.600816660803712566e+01
4.627733578008214721e+01
7.534615045162410318e+00
4.602893274459020745e+00
-3.516662699445090112e+01
-1.545842388192493821e+01
-2.904013807954595627e+00
1.636654937160775924e+00
-1.131897898586944073e+01
-4.090326989577523165e+00
2.519203235654708806e+01
-2.650823970714121458e+01
-9.291219092930319334e+00
1.615124592907301704e+01
1.829921793552498954e+01
8.080146650408657649e+00
-2.341402884847182975e+01
-7.406209542348050512e+00
7.903103807004320025e+00
1.591127444077299735e+01
-3.344321001454926723e+00
1.979254164478071587e+01
2.794946910196189904e+01
3.053203240307196698e+00
-2.520798228774749461e+00
1.743948614732870883e+00
-3.399265062456692732e+01
-8.216575450836330674e+00
1.290236429285541497e+01
5.807346113661832732e+00
-9.773270859810642364e+00
-1.523619032868499090e+01
2.802046287448673567e+01
1.539402436604175506e+01
3.672395295212254052e+00
-2.964787699847012448e+01
1.631805888707772567e+01
-1.375189083032278248e+01
3.148796729835548547e+01
1.153104341573204650e+01
4.622875719887677093e+00
-3.410937893102855867e+01
3.979961363226770743e+01
-2.681478163833159201e+01
1.507751031215005089e+00
2.529301281194613082e+01
-1.942330797705838563e+01
-8.899492251584547375e+00
4.999664969312632934e+01
1.500442549806477643e+01
-7.928634457922735912e+00
1.271481332836433786e+01
1.401520520510975309e+01
-8.071632103419895898e+00
-8.839901405867907513e+00
1.039634755625556650e+01
3.024737744407045170e+01
-1.513715182168597373e+01
-1.076495572233980091e+01
-1.519085875022956955e+01
2.806247025407897766e+01
-6.225531483091939045e+00
-2.185069757982109806e+01
-2.067004879565428510e+01
6.664220445489412725e+00
-6.933414089146303638e+00
2.259137994599015042e-01
1.605951797796257807e+01
-1.754656051355574675e+01
-2.922660936544658838e+01
-9.091241683724065936e+00
5.452832456370216185e+00
9.219783058287376321e+00
-1.620561922474910688e+01
3.743182792625795230e+01
1.982850817751275230e+01
-8.926038528469971922e+00
7.012664643426081312e+00
-1.195948525614257463e+00
-1.464060960266464662e+01
1.826567582814539037e+01
1.715025915246675581e+01
5.417390374719977864e+00
2.587969157306682089e+00
-1.429244986386134642e+01
3.026921859081150856e+00
-2.250465020528920235e+01
-2.997469993733650995e+01
-4.431294198115260485e+00
2.256711178835839959e+01
5.624799893149891261e+00
2.112300446112562469e+01
-3.409849451774525697e+00
-2.502890009328292820e+01
1.600224107347727465e+00
-1.292262708436528484e+01
2.389128835792275751e+01
9.842001692883846076e+00
8.404653078825687018e+00
1.849129004978551549e+01
-2.217470475246328121e+01
-4.250184270686681742e+01
1.386268705866233297e+00
1.245950934779884989e+01
-8.171341302118381833e+00
-3.040983319794597506e+01
7.862598084571223112e+00
-2.253453399076201347e+00
-2.554427308994244328e+01
-1.437403553944476009e+01
-2.071247860512487904e+01
1.059281066531709392e+00
-2.025699575787374229e+01
1.859304018025433791e+01
7.430709022062096381e+00
3.223400662019805196e+01
-1.588248537120747272e+01
-2.161307807600820752e-02
5.463490665413662128e+00
-2.685384626080469772e+01
-5.218703454855110335e-01
1.676125118236036116e+01
1.889770175605791636e+01
-2.120733737312763267e+00
-3.205324430753574916e+01
-3.213266923692438581e+01
2.075034896971980203e+01
1.031778963674320515e+01
-1.964459979506794518e+00
-1.346716362953861079e+01
1.463829482534691984e+01
3.549972382642764757e+01
-3.278329644141479093e+01
-7.815761873001172866e+00
1.945650113827582572e+01
-2.115780590687063523e+01
-1.169735779793742836e+01
-2.577072948986571532e+01
3.620574871604462786e+00
1.452932425399011507e+01
-8.295674153857353517e+00
3.958980910481859183e+00
-4.552456267116021138e+00
1.540954457165181424e+01
-2.146953600324496847e+01
-3.008348806765431860e+01
8.484783176502697088e+00
-7.385294203120171375e+00
-5.813606061961304583e+00
8.748410525835922158e+00
-4.995747778083905466e+00
1.795760553126951109e+01
-1.254434696585432363e+01
3.330574152277241495e+01
1.707078212576680443e+01
-2.850421971467749227e+00
4.915668104639502545e+00
-1.830181072347705395e+01
-4.377452336453442783e+00
4.055211899063149872e+01
-6.940729298058507801e+00
-4.192051690528539609e+01
2.106914548605379167e+01
3.349110951473589637e+01
-1.858320253251004672e+01
2.733293091335620151e-01
2.463124520301546383e+01
4.041970830815815674e+01
3.071155641746978304e+01
2.014597914101078047e+01
-1.987030835286267205e+01
-3.850211283913645133e+01
1.125526733449823347e+01
-1.205563679036824887e+01
-1.537950217149776222e+01
1.319191065561078346e+01
-1.461877161444589035e+01
-1.933292910755061556e+01
1.746964636518738700e+01
3.761817668977494034e+00
7.652649848220740125e+00
-2.498487216187835003e+01
-1.811152729871599476e+01
2.337487988758905288e+01
-1.863424425083854530e+01
2.835781067843483161e+00
1.127787171121508614e+01
1.349705840830883830e+01
-1.455551038224666982e+01
1.272588737526692171e+01
-1.412532372196871933e+01
-4.774791884707502732e+01
-8.510668563637779904e-02
1.424402756949777249e+01
1.647916156470430593e+01
1.046523116246593998e+00
2.506785981465514901e+00
-2.331843412816387406e+00
2.244420632874390265e+01
1.243261915369639325e+01
1.498278575431135451e+01
-1.438445681858592895e+00
-4.116575651169380734e+00
-2.914729530851258232e+01
4.977309924411672526e+00
-1.589841511980861455e+01
-1.737019650255242453e+01
4.443476878249175144e+01
9.568629403474208317e+00
5.718769933811276296e+00
-3.495695153992709692e+01
-6.030741525056322772e+00
1.928109824532308991e+01
4.539738783845652215e+00
-2.928303441072983304e+01
-9.036731265426295678e+00
-3.813040968295005939e+00
3.591667453491810491e+00
4.618643663306112757e+00
-1.058065308928144255e+01
2.952500560733045631e+01
2.266367762465955593e+01
-4.968079688135603078e+00
-2.520753204060556385e+01
-2.598200694680041423e+01
1.850960746608642538e+01
6.362028297527286824e+00
-5.531568299467842564e+00
1.803012615689493003e+01
1.432695301985841141e+01
-5.995292696122705323e+00
-2.744753284088066536e+01
2.372898609844733997e+01
-1.426105072456225287e+01
1.140750941548389896e+01
-2.725252784261187777e+00
-2.284138342709939096e+01
1.895412603334720814e+01
-1.114759594758638173e+01
1.382884344206019023e+01
-4.001561798969715866e+00
-7.215091500983019657e+00
-1.945684311117884135e+01
-2.039788912424245648e+00
1.479562777494908410e+01
-1.084428534210253403e+01
-6.311850921974295758e-01
-1.000470028832510039e+01
-5.639725495672293754e+00
8.856250647625333983e+00
-1.958575432447260845e+00
6.953145701105211351e+00
-5.305227513733905553e+00
1.575027432390511795e+00
-7.134087656599415794e+00
-2.697705222647760248e+00
-6.640466966774119406e+00
-2.034092109225311695e+00
1.641768616168317507e+01
1.031065765093782005e+01
-5.702383974347446483e+00
-3.474589596805650160e+01
-4.602196706463686127e+01
-5.183129114517301517e+00
6.359721614313889937e+00
-2.291538584339313900e+01
3.787326591436692524e+01
-1.818227538402212318e+01
-2.298854488865694989e+01
4.818854761771095241e+01
-4.348210603436733379e+00
-1.839136403722958946e+01
-3.595837300533720082e+00
1.520935557984192554e+00
-1.158010892204520204e+01
-1.558053243013971745e+01
5.639051160112706462e+00
1.524832267014140363e+01
-1.388958747854696085e+01
-1.458439627862100174e+01
2.847341799517842276e+01
-3.297360100735579636e+01
1.433752553998116852e+01
1.178656261185292209e+00
5.351999367882596559e+00
-1.162723856350142526e+01
2.510085943480310888e+01
2.538003799161368423e+00
3.434429948828146451e+01
-1.745608846609503217e+01
7.943417079588968477e+00
-1.638416956206265240e+01
7.812817483385455120e+00
3.136668287500978280e+01
-1.168541528500111681e+01
3.582591573222707382e+01
-1.434641837643146722e+01
3.481331162790614275e+00
-3.820705753709756625e+00
-2.167033614241880457e+00
-1.217938345395780608e+00
3.733318910555015435e+01
4.801552852011221262e+01
9.048595630764378228e+00
-2.021520648304146661e+01
2.451153595247147621e+01
-9.594774543143131496e+00
-1.367751039119956857e+01
-2.831155239017227743e+01
-1.835341605249770325e+01
-1.558236473794020682e+01
-2.681319045240202570e+01
-1.180986581412289205e+01
2.267555149037323137e+00
-3.104902119889016632e+01
-1.447709539671314616e+01
3.830974925590328262e+00
-2.525017065747452705e+01
-1.029045553684057523e+01
-6.973941006580335333e-01
-8.347589035049496342e-01
-2.701177720279328565e+00
1.116991754571506412e+01
1.801038288034619228e+01
-5.798960941673124481e+00
-8.993726586112279264e+00
6.824749572020887278e+00
1.505967522552200499e+01
2.652105788759868243e+00
9.965997168315595900e+00
-1.991020251706654776e+01
-6.876906266309156912e+00
1.615450299894879294e+01
-8.831150505439454790e+00
2.035350476285322507e+00
-2.687878694472111363e+01
1.221471327340438506e+01
1.385079175018090636e+00
-9.368148121135874362e+00
2.382283748616914565e+01
1.532512909036682913e+01
-1.645027316918387683e+01
1.625340476190936467e+00
2.821907623091653505e+01
-1.680973667098536595e+01
-3.780952810136257725e+00
6.590285370181629077e+00
1.999525861752501754e+01
-1.296575025807578818e+01
2.453640353137051733e+01
-1.616816987648143922e+01
-1.575825964508691257e+01
-1.038941763475461677e+01
3.068848865936595516e+01
-6.913555669357322131e+00
-2.869218247918249176e+01
-9.099828980295594505e+00
6.225791688530901702e+00
-1.178742230652026457e+01
9.400758700039670401e+00
1.339309244096888030e+01
3.042337696544222148e+00
5.138430407347988726e+00
6.610833964495258286e+00
2.831518337374591709e+01
4.653744683893727085e+00
1.034710959741232017e+01
1.974321404819501424e+01
-1.073459672858998815e+01
1.029224591585966309e+01
-2.411650761339049254e+01
-1.317102644580480408e+01
8.113757892851346298e+00
2.237285299506152469e+01
-2.859950171678151065e+01
-2.031672869774870094e+01
2.268964302078903117e+01
-3.185842628255198505e+01
-1.153886165025814137e+01
-2.762917132477912574e+01
-4.632427863044205907e+01
4.577208489831062543e+00
5.401070080551767916e+01
-1.515236316082067525e+01
1.624866592050266334e+01
-2.680998719799432806e+01
7.875206270216755122e+00
-1.484215303869467562e+01
-2.943911994214965944e+01
-2.922910902022364255e+01
2.238934063387484130e+00
-9.647155292365798829e+00
-6.794562377651013563e+00
3.841020645230204700e+00
6.585079630653417837e+00
1.209719990238007625e+01
-1.133366147549310199e+01
-1.187580761911057792e+01
1.049904423073011728e+01
3.711605994688311227e+01
-9.045044597219778382e+00
-1.102215626955911354e+01
2.195618663707163520e+00
-6.419035929105898930e+00
-1.615045781039649464e+00
5.852936079749103016e+00
-2.415031990459254274e+01
-1.331943400543778644e+01
-5.999409459046790793e+00
-1.011758031831786653e+01
-1.875801550046189448e+01
1.903336327035283215e-01
1.088309370639831997e+01
-3.289593602926695226e+00
5.301085131539386097e+00
2.787721751343408982e+01
9.573608550550957830e+00
-1.186113080017504906e+01
5.093617224570591873e+01
-4.166326314817042942e+01
2.962848038988481747e+01
8.773211712403467644e+00
5.155292236336240563e+00
-1.621420532197057618e-01
-8.357775003075543552e+00
-1.760815655461533069e+01
1.413944528599660089e+01
-6.735446537145788781e+00
-7.312682558834171509e-01
4.167962174697188260e+01
-1.336106669529199742e+01
-1.656964979616807554e+00
-4.335828692886470748e+01
6.628060324413394433e+00
8.524579379773642884e+00
-5.373230650223289828e+00
-2.856866519303883578e+00
2.154755947583975484e+01
-2.458182278806659582e+01
9.651294182697364832e+00
2.367759907933559660e+01
-1.182109640680377005e+01
-2.945751116745463971e+00
-2.069976675335517413e+01
1.341732467327986988e+01
3.694882775116536067e+00
-3.365170390784540722e+00
-1.333804520301946894e+01
-2.304025847878737565e+01
2.970771322442578466e+00
-1.005358428015976102e+01
-2.228075753529546787e+01
-1.261988236892690463e+00
-2.703919724960740290e+00
-1.688604324332052986e+00
-2.110123112486087038e+01
-2.091068443274402711e+01
2.473015698119302996e+01
1.784960270751451006e+01
1.334533330063062806e+01
-7.864563818468735867e+00
-7.492144591686056287e+00
-3.462798957934054300e+01
-1.385974635174877179e+01
-8.264613680888500014e+00
-2.711903577291418088e+01
-2.218681310390579497e+01
-3.741838912461342659e+01
-5.867867154355483450e+00
2.203671759658625007e+01
-1.421808724778804311e+01
3.417395273831571956e+01
-1.732666408207077069e+01
2.469510714012114860e+00
-3.284909655803882345e+01
-2.933104394380672630e+01
3.017723103247142546e+01
9.634639824170712075e+00
3.583357049761685431e+01
2.440883307222179610e+01
-1.264939937564838957e+01
-6.892552544782553525e+00
-1.183520501882061637e+01
-1.223790237414861082e+01
-3.286934931240433144e+01
-1.938978374971863872e+01
1.928246916121571175e+00
-3.581436737658214042e+01
-2.320855090166999446e+01
8.708476453968424735e+00
7.768369475736010443e+00
1.649341822786279721e+01
-4.004230932293552314e+00
1.445300162278663514e+01
1.236030016013900656e+01
-2.599105063841935959e+01
-2.078979961874887294e+01
7.736762783522927123e+00
-5.824544213875036291e+00
-4.715262487840007566e+01
1.559018502570058651e+01
2.167533559768219220e+01
-1.153743610695952704e+01
5.085955455506310230e+00
-1.131899350026667861e+00
-2.275167001198210670e+01
9.069725940163118061e-01
-2.228306455061482083e+01
-1.482677050052033607e+01
-2.861365311218032303e+01
-1.209989966836613196e+00
3.136812968917925915e+01
1.320155164748486953e+01
2.329534120919988993e+01
-4.992554395693450608e+00
-6.803862012662449388e+00
3.929061148780520263e+00
1.243581789626071910e+01
-4.935904009697598838e+01
-7.898257832431216485e+00
8.925009691100164844e+00
-1.512428133356059767e+01
2.050538238908614197e+00
-9.322519008142002406e+00
-3.775025201816679665e-01
1.607364806246067923e+00
1.761625877949472851e+01
1.376389353514503711e+01
-2.521996902293789367e-01
4.150704036638852301e+01
-1.562175248073806699e+01
-3.663121815720976571e+01
-9.791286469846243179e+00
-1.102882018899432737e+01
-1.195663494853999920e+00
-3.438168503700742207e+01
-2.751676946493642717e+01
-4.694442421949039712e+00
8.568733439454476297e+00
-3.061758540519111804e+01
-2.163161957086331100e+01
1.038487368754448958e+01
-4.894064606569960674e+00
-1.555409693494869394e+01
-1.196580486993512604e-01
4.604142374432747431e+01
-8.861858428014517841e+00
-1.283763559910354424e+01
4.283566611894499943e+00
-7.665386811299735648e+00
-1.035695043996633480e+01
2.098961937464872207e+01
-1.407191750223485371e+01
2.311586524304690471e+01
6.649001365477781533e+00
1.961865472517391851e+01
6.201583856119810889e+00
-1.320733165747425453e+01
1.230380142397778265e+00
-1.815655480544553768e+01
-3.822223175600210965e+00
1.302173021119572383e+01
1.534907240378268334e+01
1.818739418031194788e+01
-8.764406992039063482e+00
6.850908087742897834e+00
-1.369652335204291660e+01
7.383963061900407965e+00
-9.210968766061072843e-01
-8.707744479110345992e+00
-6.201758851796528305e-01
2.086990290139387128e+01
3.246395780042858092e+01
-5.242042077901055919e+00
-2.364510740667608957e+01
-1.994710821308491866e+00
-1.245432826215890465e+01
2.525119783010271846e+00
-1.152533716375865502e+01
4.906143031121010978e+01
3.697845422937256643e+01
-1.206097911055784522e+01
-1.895972581330021445e+00
1.142115383661147021e+01
-1.815253900426571576e+01
2.690002733876087859e+01
-6.025937267290020216e-01
-2.789157076125577106e+01
1.743748502026160807e+01
-1.612442571507995748e+00
2.455101836564801587e+01
-2.604335942861640163e+00
-1.492275568362803284e+01
1.680083869879381098e+01
-1.451616592125501315e+00
-9.916809165961454342e-01
2.334782517106721045e+01
1.967962999778053756e+01
1.402586907070902988e+01
-2.895647160497437511e+01
-1.443236634218171588e+01
4.879055123383421488e+01
-1.712797946136675975e+01
6.698186697066746298e+00
-9.553131784472880028e+00
-4.820309663741268125e+00
4.451859545594064826e+00
2.565194092096291101e+01
-1.144201601123706880e+01
2.097836596945306198e+01
1.438276320001002162e+01
4.559872836396534623e+00
2.613592853297458163e+01
-1.766599830487584200e+01
-1.319268825610167450e+00
7.016262257809192882e+00
3.066270986673952592e+01
2.034685213858760733e+01
-7.706683039855001027e+00
-2.736568434943506212e+00
3.476773181940666291e+01
-2.771909594053882486e+01
2.943720651002015298e+00
-2.032750099841315716e+01
-1.430912985877435339e+01
1.091163787558816267e+01
-3.439091296591221703e+00
1.887904804653934931e+01
-7.403199594046325771e-01
2.228965437388395188e+01
1.109288270419345679e+01
-2.208408886732745913e+01
-2.101226182297632761e+01
-6.005822434536017163e+00
1.063775822822054451e+01
2.053114849595063163e+01
2.453467111656544120e+01
-1.915572491293126234e+01
-3.201151673360446637e+01
-1.530945033028518054e+01
-4.224681809864605952e+00
-2.410356893066829542e+01
1.385579561448222208e+01
-1.189250254596778689e+01
-1.054672598878676126e+01
-4.304242713480882543e+01
-7.739405032585029431e+00
2.298543617922519289e+01
-1.299038200925736675e+01
3.817330762010546152e+01
-3.456753758468336102e+00
-4.149518524379438134e+00
2.230209808719168407e+01
-3.528988509707934185e+01
-2.661929490452823899e+01
-3.206759871704457510e+01
-7.424730541208071521e+00
-1.366484573801481694e+01
1.389672761997749717e+01
9.625231136139236199e+00
-3.561643471617751544e+01
-2.510671825347516872e+00
-1.091589373296509002e+01
4.841456194940271018e+00
7.384373225696854171e+00
2.138302261465246801e+01
-9.821288143219007338e+00
-1.275349399479696899e+01
7.548532675347540355e+00
-1.271269088515132673e+01
1.490168208087133550e+01
-3.307307180774829902e+01
-6.273476452985438101e+00
-9.680557267782271325e+00
2.486141004364409657e+00
-3.033405916452426077e+00
-2.576810644844489318e+01
3.454821686234078815e+00
2.333812167782811287e+01
-5.935932491770419261e+00
-2.709577636162662451e+00
-6.736014344502488704e+00
-1.846713286810566501e+01
4.679443293803228876e+00
1.813185807545072237e+01
2.086535878851445602e+01
3.853111849873301686e+00
1.308271766662619306e+01
-2.876670502921391659e+01
6.889819393548829218e+00
-2.116333097116279660e+01
-1.428573145748047857e+01
-1.407341612231850192e+01
1.973156536737840483e+01
-2.530759912362152519e+01
2.484398175162871070e+01
3.452346601857220065e+01
1.048901639213161019e+01
1.411164494875002617e+01
-7.123462031144503825e+00
-2.466523572571635725e+01
-1.227583303523287839e+01
-5.490974970056564430e+00
-1.884493744524032399e+00
-1.173165004995336602e+01
-3.863136880184949273e+00
2.447756589158611362e+01
-1.439052387952567358e+01
7.790004340956873996e+00
2.085262609221201657e+01
-6.802060443001966661e+00
-3.251357426997039113e+01
-1.751072707769816361e+01
7.943540353686199751e+01
9.860899208670314664e+00
-2.888499155384332795e+01
-2.392678058783522488e+01
-9.879842089003579630e+00
-1.146852536080717222e+01
2.209118493686366591e+01
1.194554310972444355e+01
-1.691168262426250024e+01
-1.744657542836813136e+01
-8.950789188099554039e+00
-1.548409217950455918e+01
-2.398808903069269149e+01
-1.615908954510621243e+01
-2.463270650972418707e+01
-1.864653685480957535e+01
1.678026233115002697e+01
-3.527269282439182518e+01
6.269553378950423195e+00
1.843265337011470351e+01
-2.158355412256442918e+01
-1.327648801394071487e+00
3.214850767673245713e+01
-1.872050300444971072e+01
-9.463109642438727320e-02
-1.348783326640232705e+00
-7.066619114803555313e+00
3.163556625012910573e+01
-6.228618242382893300e+00
-4.313236561129114222e+01
-3.202408190507374997e+01
4.047668108197450820e+00
-7.915627475580500061e-02
-2.979372886427147193e+01
-2.237004236071373953e+01
1.621288385291317624e+01
1.114447083249677561e+01
-5.447471779583356266e+00
1.156888239932568041e+01
-4.082471484225613345e+00
-1.794304809919029076e+00
7.477097501122323742e+00
-2.204137578503214456e+01
-4.858622880850301584e+01
-8.821523202379975004e+00
-1.782268746120004721e+01
1.711951910814225286e+01
6.988261549296970188e+00
-7.917726405685654001e+00
-7.584668691648256633e+00
2.287292449268149142e+01
1.681494535595307926e+00
-2.334604249435989942e+01
-1.001025058532910883e+01
-9.207115757327406058e+00
-3.210186906063437817e+01
-1.087433471116618300e+01
-2.146957389528236959e+01
8.109234256759876303e+00
-5.044259883163582714e+01
1.601785731806980095e+01
-3.273010583479318569e+01
-1.880424170641611425e+01
2.604489872862188360e+00
-9.062110495681105604e+00
-1.234406289874705909e+00
-4.075780496251033469e+01
-8.570855516701712418e+00
-6.785434400695364410e+00
-1.236384422376908265e+00
3.098425469694882040e+01
4.177265883789003098e+00
-2.010247754311863844e+01
-1.107807287962640430e+01
1.675077090576488814e+01
-1.246510697533044798e+01
-2.446140150214273135e+01
2.229007751499209178e+01
4.809571509194685568e+00
-8.232023622296239296e+00
8.999486865246423051e+00
-1.860542712177895197e+01
-1.644732396024435062e+01
6.609123800815602578e+00
4.156318510489879436e+00
-3.256942142033288690e+01
1.896527767132839770e+00
3.305965369450820646e+00
4.552929978585510185e+01
1.813580075785727175e+01
8.083455820687044380e+00
-1.772228361673845143e+01
3.675606869112507979e+01
-5.839995902313216192e+00
3.075481937037038982e+00
-1.017959501547481160e+01
-2.582173385964273749e+01
-2.630535415940725485e+01
-1.287169131047286719e+01
-8.980795942818399880e+00
6.722926665068074570e+00
1.634726156480520842e+01
-8.043089541596421199e+00
-1.813612012055428835e+01
-1.138085323253477910e+01
-3.033850966238653690e-01
-2.584453221332557149e+01
-4.314043725956349107e+00
-5.773325289177280162e-01
-5.872009375060556202e+00
-3.402133328186879169e+01
9.168183901365059896e+00
-1.216889189990056686e+01
2.942695631358647645e+01
1.552523936514849101e+00
3.514405060070534148e+01
1.046250967055512682e+01
2.032008837320350203e+00
-1.147503525559223903e+01
2.518168814538732292e+01
6.825667577734827240e+00
-1.834525537314548371e+00
-1.032158757338851451e+01
1.948768026359995886e+01
5.851562027725318416e+00
-3.570651098932780343e+01
2.075017079855872026e+00
-5.273375131505513735e+00
2.648264355393011016e+01
-1.632080057457930877e+01
-5.532523623937057877e+00
1.574550688949441835e+01
-1.722716800213419219e+01
-4.220876762378618707e+01
3.650705550020764178e+01
2.598912742414201116e+00
-2.180222011967770612e+01
1.649008464837607590e+01
4.438756539398335121e+01
1.630494051789122523e+01
-7.292218445362783186e+00
1.263269799062147669e+01
-2.969199587540847673e+00
4.040057828207739021e+01
-4.440853829383395457e-01
-2.980098019077621174e+01
1.159329652780340503e+01
6.795688836779704367e+00
1.914959875217600427e+01
1.559870862020597748e+01
-1.882548745578980132e+01
6.386247790705271044e+00
1.573381729435772414e+01
-2.028627903381349906e+00
2.245267056685998242e+01
3.918863540239560184e+00
1.881065635499801658e+00
-2.426742760648762953e+01
-4.472920271969947237e+01
-2.031538842958343594e+01
5.063975882739987222e-01
6.060181827893875273e+00
2.682843357081876601e+00
1.419387942653523993e+01
-2.789408356419556867e+00
1.658831295634142222e+01
1.160123921499792488e+01
2.686532107519164470e+01
-2.008022255548810975e+01
7.366644609693544510e+00
-1.571176862965196541e+00
-2.552975872061210794e+00
-5.565998590761033427e+00
-3.518083123319290451e+01
7.776344955467744402e-01
-2.414165536648039678e-01
3.846235862826154062e+01
-2.144474774310794274e+01
2.072442555335297598e+01
1.685969473043068945e+01
-8.931925898007339271e+00
4.799919912338435068e+00
1.445483197992962054e+01
4.255969530180784055e+00
-1.456350372038317520e-02
2.271951859055485912e+00
-4.451387711333398300e+01
1.914477566267288111e+01
-6.579586247464622950e+00
-1.170443026848933421e+01
1.461132885550241678e+00
-4.037307829615009780e+00
-2.521593565572542772e+01
1.116073580130865572e+01
-1.484971138754357156e+01
8.136303146024493671e+00
-4.894074100539185679e+00
5.455337687010541003e+00
-4.223740512928847224e+00
6.465286605475741410e+00
3.102250213813428203e+01
3.667711059218258640e+01
1.860667775679564784e+01
4.694970509531604108e+00
-1.592808935505393109e+01
2.052038899789562265e+01
3.693729098407614941e+01
2.271003546027964148e+01
-8.297732513812066557e+00
-6.653956681853963495e+00
3.708359514523144718e+00
-2.320337988429096043e+01
9.975555970278181306e+00
2.359497335157144349e+01
2.828546194164306371e+01
-1.744643093917387366e+00
2.351490537572558992e+01
2.691632114367722206e+00
5.555228888172814905e+00
2.717763914881698639e+01
-3.063056017552181842e+01
3.039902721103388217e+01
1.268184113079671826e+00
-3.069695242683218694e+00
2.855753052536872616e+00
6.535510437057620692e+00
-4.659439870599361910e+01
1.543149506440155783e+01
-1.145311755210902405e+01
-1.946426429389154222e+01
8.117033918722174946e+00
-9.676986386999752554e+00
-2.345819142689743231e+01
2.367657582504472558e+00
1.135205362716076394e+01
