-5.524993670794288825e+00
1.718018950041788528e+01
-4.041306697640571599e+00
-2.073843970872443521e+01
-2.011441375318164759e+01
-2.602543783679567824e+01
-5.747872613239069395e+00
-2.303980306819208934e+01
8.563527229410858865e+00
-4.864187307004794292e+00
3.320719736059931648e+00
2.295802797482914492e+00
2.591532780486519627e+01
3.655390087759117002e+00
-9.263672674349759717e+00
-8.098947364093746160e+00
-1.529205842160746798e+01
-1.366108600565098818e+01
1.619910767201721669e+01
5.481015240077901751e+00
-8.583499333470966164e+00
2.147131857757068829e+01
-1.286481604545277690e+01
-8.187848627212181540e+00
-1.079529995415463439e+01
-1.223350821300495461e+01
9.859919864899886477e+00
-1.583020958407290291e+00
2.126944559976789151e+01
1.497551318955694732e+01
-3.898168971403890293e-01
-1.734276061210188402e+01
1.128573557972376484e+01
-8.542133926827869317e+00
-5.218970155014565293e+00
-1.189364857917842855e+00
-3.104577356986964887e+01
4.900620825144262227e+00
-8.678047612335232586e+00
-1.014459688752237376e+01
-2.121160814990036503e+00
8.101007238829707191e+00
1.075660545602651297e+01
1.064390832656862429e+01
-5.679471884307585761e+00
-1.610414143768964967e+00
2.130570063974526196e+00
1.694008474572418521e+01
2.877635023223093835e+00
1.318770504782742847e+01
-2.254863192594566801e+00
7.626817666786545047e+00
1.267961253967736646e+01
1.590317469372028558e+00
1.364852491601335760e-01
-6.599185898562840435e+00
1.751193016232519994e+00
1.626007944089243296e+01
-1.475687888527758318e+01
-3.076295410398308228e+00
-3.530696480807748561e+00
2.371914759517953541e+01
6.529358299793907250e+00
-9.178109355539725289e-01
1.386165440658901638e+01
-1.053930983774401575e+01
-1.380164807145237305e+01
-3.388354365450573003e+00
-2.424858891209614953e+00
5.847424122543348979e+00
-9.639017321496737623e+00
-1.212908050477664545e+01
6.792313938495753156e+00
2.032931796955340076e+01
2.767029356954751407e+01
1.007377867592575704e+01
1.352477301100659979e+01
-5.636583159014046274e+00
1.250613373347778889e+01
-1.928914985745724175e+00
2.102924999724440358e+00
-2.747822878435555727e-01
-1.338457333812757888e+01
-7.698971679850290073e+00
-1.045163202992709728e+01
-7.645610278257015668e-01
5.627456492869398197e+00
1.042944374154811094e+01
-3.105572841813875229e+01
1.665422467941912998e+01
-3.214607329246097578e+01
1.614772252800594332e+00
-1.226952458782479383e+01
8.289328253994687756e+00
-1.496296319047227641e+01
3.009932173378479181e+00
2.044827904782283667e+01
-8.555381855563878091e+00
3.787180065590941780e+00
3.468500427937823094e+00
-6.104276643239958666e-02
-8.522785472074167146e+00
-1.757485478503230425e+01
-3.412155472435335923e+01
2.998436409221599419e+01
1.227577251368506950e+01
-3.209669757159928416e+00
-6.615899105463075358e+00
-6.566668699763760664e+00
1.003144965693305934e+01
-1.202311385515596909e+00
3.487365306882415972e+00
4.651928168961965149e+00
1.253764947751471404e+01
-1.133122667934829408e+00
-7.860795661865942918e+00
1.188094288969324008e+00
-1.707155155819752856e+00
-1.723879458508880447e+01
1.011819307927252609e+01
1.020393307313829112e+01
6.516539070675987588e+00
1.369749447117991004e+01
1.639305286343826396e+01
8.352804236484626443e+00
-1.309872122090423652e+01
1.332571834476974182e+01
-2.866492411871195412e+00
-1.698662841183450212e+01
1.167273083880324913e+00
-1.313628689170679564e+01
3.143016942155922422e+01
8.902368991294075329e+00
1.217008541100565333e+00
6.825569869076831830e-01
3.145401642294987532e+00
-1.033041854143723448e+01
-1.219438587594851775e+01
1.324042277143447777e+01
6.446310609658630675e+00
5.216689974645901451e+00
-2.957045514963021482e+00
-7.641964443522550887e+00
1.116814271432365047e+01
-2.623521342922703425e+01
4.531844526351698654e+00
7.253303806126520925e-02
1.046309510009916188e+01
3.781618255831002529e+00
1.519750648403750581e+01
8.310905341797605317e-01
-1.123284608895291115e+01
-1.640804037134413562e+01
-1.105672882633594334e+01
1.091166071322259867e+01
-1.515111928696705590e+01
1.927767570461377034e+00
-1.374051367484904418e+01
-1.388062316987198130e+01
1.018572976179799205e+01
-6.083439299739863415e-01
-1.310459771011043806e+01
1.967750268013879023e+01
-1.268793632307642660e+01
1.598442128850855859e+01
-2.041258609481739761e+00
-1.324480399991867507e-01
1.472121314121572944e+01
9.514643301443759249e-02
-2.787044146743652107e+01
-1.642246227131682446e+01
3.251166671392797980e+01
-7.215182153939548648e+00
2.745922200830066551e+00
1.064118149713581118e+01
1.534065467881863576e+01
2.628403364736578318e+00
-1.834732425540292411e+01
8.852087078550965771e+00
1.674866752538511960e+01
2.538827487650761050e+00
1.529791764728115666e+01
9.163923482296937095e+00
-1.334115058343090965e+01
-5.096527933130945875e+00
5.645552275544727383e-01
-1.585086771702534314e+01
1.524333457903552969e+01
3.110663873387897738e-01
1.171153136319219712e+01
-5.631894380098113828e+00
2.650069054959614334e+01
7.361847727208411740e+00
1.500792646148314535e+00
-1.521148828605696224e+01
1.605776146370872937e+01
-6.762117016902023714e+00
-1.294760361652803393e+00
-1.020754153476033821e+00
2.669307291000717619e+00
-5.300636072324100390e+00
-5.872019281721818196e+00
-2.198649560535553249e+01
-1.601295997454997178e+01
-7.928941475977966391e+00
-1.231732032415576272e+00
6.122758964597297293e+00
-1.225080680622401097e+01
-2.497269408104942023e+00
1.712566298892908634e+01
1.914946911218755687e+01
-1.282915976839334249e+01
1.767902503743901788e+00
-4.288976041637022618e+00
3.992230224004872596e+00
-3.195704467408203797e+00
-6.138137867545891524e+00
1.544740099929043708e+00
-4.338238573892033045e+00
-2.935297890815414945e+01
-1.242915218206153938e+01
-1.929471682026514312e+00
-7.387073854731180944e+00
-1.680140025029127315e+01
-1.163185876448857847e+00
1.692493600342277471e-01
3.449616294418845985e+00
-9.739109156219489805e+00
-2.792726964359957975e+01
1.473715473043732693e+01
-7.755766958746724171e+00
-1.338518513709900226e+01
2.074916772382501495e+00
-3.564652994714721412e+00
-9.952868619026338237e+00
-7.964336728072340499e+00
1.021222932429642682e+01
-1.327746923577989957e+00
1.001780894976099789e+00
-2.800640412988377648e+01
4.201478846050044957e+00
-1.524631365967567431e+00
-2.656377747725782168e-01
6.679185009421681585e+00
-1.030483973332193104e+00
-4.173937669252393512e+00
1.524801251998126261e+01
4.551414311496571052e+00
-5.962840652214033810e+00
-4.831080113395582742e+00
1.402368037992088112e+01
-6.313853824266813852e+00
1.251289729682446961e+01
-1.879625637813080008e+00
4.312784553532516441e+01
2.322383881361756996e-01
-6.665612549803517695e+00
-1.108758993348642363e+01
1.309611712893245006e+01
-1.812709763748695480e+01
1.284210354187742098e+01
-4.010249170379682759e+00
1.199926485266636078e+01
2.664172001689615854e+01
-1.547484500099455218e+01
-4.080397565404997096e+00
-9.114536840887385694e+00
-1.772955677606685043e+01
1.378581742043760938e+00
4.598135618702302807e+00
6.467651375894613253e+00
7.008268086412782871e+00
-4.388780107729577828e+00
-1.300235703901341910e+00
1.980607097020848784e+01
1.311118549151697366e+01
1.175853832164930068e+01
-5.657678830513570567e+00
1.666418166823808633e+01
-1.221374619098080316e+01
5.177199254265660855e+00
-1.521124558945877858e+01
9.585094316505184953e-01
6.932071631166063952e+00
-2.042172906231865070e+01
-6.002015019325754430e+00
-8.583114901909826955e+00
-1.190217224357071224e+01
2.312471158139858574e+01
1.096837179283218333e+01
-5.459288286332864004e-01
-8.778698785573013641e-01
3.810365785315836362e+00
2.225890556970765033e+01
1.069119775784666793e+01
1.398680087910234526e+01
-1.478892968774782801e+01
-1.024753927115774488e+01
-6.778307395731838270e+00
2.175373909110844650e+01
-1.067567380418296885e+01
1.271334418691322732e+01
8.699667169596237315e+00
-3.229061806951547453e+01
7.427974088966951882e+00
2.825348500204826863e+00
1.139269071936019451e+01
-5.278615120592292875e+00
-7.873281835515395954e+00
-3.467830105113102412e+00
-9.105373359191016647e+00
-1.334838434741177338e+01
3.804910309954006919e+01
2.402915409350404019e+01
7.322577981558391791e+00
1.136478743017488569e+01
-2.671782791929384615e+01
-2.713695815055607419e+00
-1.798690133736671015e+01
8.549135246700263480e+00
1.529772401004235949e+00
1.326086907508329737e+01
-2.952134036630474245e+00
1.126289074227286591e+01
-2.111460388304629276e+01
-1.466021286500369669e+01
1.062246639935347048e+01
-1.115023672129222732e+01
1.161050392659953800e+01
2.365166364056042747e-01
-1.149611433518223080e+01
8.584430696567906693e+00
-1.252948789886113090e+01
5.773638407176949983e+00
1.217334051988486321e+00
1.566333835290640408e+01
-1.246066054448775695e+01
-4.354013616529546771e-01
-1.026949628849449070e+01
-9.007419425310544625e+00
9.818173675994726679e+00
-1.336990118585150356e+01
1.049239005888580856e+01
2.852353756807047613e+00
8.226998868037798118e-01
2.462202165784881913e+01
1.689379141479183488e+01
-3.488751135551174443e+00
-5.745918273243196595e+00
2.130032233164198630e+01
-1.268350168107369669e+01
1.196086003737502246e+01
4.582351409858084423e+00
1.095057218405468191e+01
1.460619466042737358e+01
-3.185029338154214962e+00
-1.924512032876437218e+01
5.281368878510473763e+00
-1.193016699219655230e+01
1.133632292221246018e+01
4.434909325434625238e+00
1.627512766223541973e+01
6.356125280856735671e+00
-5.784061028171162633e+00
-2.025978747437983785e+01
-1.400661157696619874e+01
2.230893978591459970e+01
-1.238109890215289610e+01
-5.495295634266835982e+00
-5.102558041163292479e+00
-5.968640043126947070e+00
1.333383886265867346e+01
2.181258134205149801e+00
-5.329219902481020732e+00
8.271518842936169680e-01
1.372501618958158609e+01
-3.332876100797621177e+01
2.064508274626569317e+01
7.277904810502763944e+00
2.113253558921388020e+01
-1.010399717941474584e+01
-3.042296189132129669e+01
8.682908706235984653e+00
5.117624144848331724e+00
1.715078825254413175e+01
1.453591514288395059e+00
-2.093712986983023328e+01
1.356164957164342511e+01
2.554064092841379807e+00
-2.953904674488695292e+01
-2.561956688644455582e+00
4.014020289585441326e+00
-2.814350941107564097e+01
1.160891928054011313e+00
1.029817109665717467e+01
-8.140634967725375315e-01
3.690183158402404473e+01
-5.651751315621524441e+00
2.041382479870327504e+00
-3.161658942412919782e+00
-2.127106717224614130e+01
-4.381350603388905540e+01
4.054173176431072001e+00
-2.854454622503519090e+01
2.496630353530821189e+00
-1.267247868401017996e+01
-2.060655393449244954e+01
1.214835070365436920e+01
8.741292481407176851e+00
7.850684191193232353e-01
-7.015678486708017303e+00
1.326813965074381763e+01
-1.473606366369575582e+01
-5.263871202729067278e+00
-2.044788555672382202e+01
3.019734630658533803e+01
-9.625389512056162777e-01
1.569057578051936552e+01
1.640300122890049650e+01
9.536257393914826963e+00
-1.360370603377101029e+00
-1.314730034004461245e+01
-1.728013223766109263e+01
-3.406246607167385143e+00
9.959472788829632606e+00
1.432821958128371520e+01
6.366802922905035800e+00
-2.753692880514209662e+01
2.213909592832481010e+00
9.372516629802134958e+00
2.068012948071926260e+00
-1.014765224864135185e+01
3.143713393106341414e+01
-4.655925759165571165e+00
6.520284230678791815e+00
-9.719095591798014411e+00
1.664599810256885304e+00
-3.545849731792281290e+01
2.058664214130133985e+01
1.589533246961217472e+01
-6.099937249292608499e+00
-3.382477922660577452e+00
5.204970347234322503e+00
-2.421645966381369774e+01
-1.806194658622719329e+00
-1.615241649123923651e+00
-9.892638967397081373e+00
1.356327311206729824e+01
-1.938100870978816914e+01
-1.741603617090944356e+00
6.428252960914424108e+00
-3.057243764362755467e+00
1.968129706776883836e+01
-8.474928428170219519e+00
-1.768979604450804288e+01
7.112494363701773459e+00
2.139395018332644227e+01
-1.709024209823726537e+01
1.695710487822450929e+01
6.499350882636008464e+00
4.783504362637177820e+00
1.975320032335126186e+01
-2.447861462398255306e+00
-1.344319762054622114e+00
3.796242676551505379e+00
-1.276679064136755493e+01
1.044081431558455897e+01
-5.857764560075313653e+00
-1.087032701442394966e+01
1.410392905850950740e+01
1.868235975059851484e+01
4.122801287252256230e+01
-1.081398228337962664e+01
1.257585426108602888e+01
-7.361161333206442059e+00
1.221590361547127301e+01
6.836874962888261464e+00
4.667114976047034958e+00
9.556479787899631262e+00
-4.394215200839761692e+00
-8.719597996306079679e+00
-7.412741857522988198e+00
1.159597268220332822e+01
-2.189030523161466490e+01
-1.719817101906789603e+00
1.440867428010024653e+00
-1.204315544173605801e+01
1.691014287608396316e+01
-2.276128935782701745e+01
2.057953306685388029e+01
3.625198344902818803e+01
1.050400979083384634e+01
-4.921675694155331016e+00
-1.926187451588591770e+01
-3.420559791479375278e+00
1.667491501875784099e-02
-6.515062182950244196e-01
-5.154760475616145143e+00
-1.214180448522920486e+01
6.079922567797442667e+00
-6.996305979001855135e+00
1.578281057888927696e+00
2.815918431422493207e+00
1.530379827213461752e+01
4.153321870623845946e+00
1.485435676294657803e+01
7.734083454463391405e+00
4.356108039177172486e+00
-8.116703005467332588e+00
-1.366361548445298624e+01
9.041355168969040790e+00
3.875041507515977202e+00
2.683570617689732529e+01
9.149097724800910214e+00
5.547328358968765194e+00
-1.960048421632853088e+00
7.099409742084249686e+00
3.585797497540985646e+00
3.758699238831745504e+00
-3.107133172922554465e+01
-1.281761425042149227e+01
1.282184537809338387e+00
1.925266458971982564e+00
2.095992069639744049e+00
-8.192177720022321807e+00
1.503729909545934440e+01
-1.840214366498161880e+01
-3.304175133948509924e+00
1.113142848795157391e+01
-3.343977031952620393e+01
-2.074820632220262695e+01
3.209600208961611578e-01
1.261469394200967820e+01
2.157685261924205733e+01
6.559740402284044425e-01
8.487156080929645796e+00
4.520859381417219325e+00
6.406232616658503076e+00
4.554457698924848863e+00
1.327935089673600189e+01
-1.088186553303508397e+01
8.387383535338448493e-01
1.969772856354062185e+01
-5.991378029150256523e+00
2.616471259727563226e+00
8.709709082596653218e+00
1.147308152064458753e+01
-1.736674615987779191e+01
9.406671816903026340e+00
-2.234484653563028900e+01
5.468662221503367782e+00
-1.392727226005740704e+01
1.220560181667926436e+01
-1.239542496008529326e+01
-9.967096393120655762e+00
-9.573125708617987728e-01
-1.083628719267064788e+01
-4.632942030854044546e+00
-2.854905534270717915e+00
-1.013293173292493243e+01
-1.814182820322892553e+01
-8.679061408204665540e+00
1.678993697067513668e+00
6.264513638470985413e+00
1.206979115475204622e+01
-1.727041449909556547e+01
-6.421702857483272631e+00
-1.615438423371953292e+01
2.346263211751561073e+01
5.820270840762722386e+00
7.441030750958143258e+00
-1.293674265348524699e+01
6.489621843584882477e+00
5.342591458120091730e+00
1.623396586733142755e+01
1.100382729246482327e+01
3.839758832184215542e+00
4.233242843715179227e+00
1.876987571303767410e+01
-4.217782627264664796e+00
-3.068646372794696209e+00
-1.303207482692670638e+01
-1.811268514569753574e+00
6.878982054694604109e+00
1.253164182207198252e+01
1.647212768235571900e+01
-7.883607837798627394e-01
6.627801391632342387e+00
4.549192446268938816e+00
8.786781862964074818e-01
9.209483698907943605e+00
-2.642237588058451792e+01
-2.799005452017061657e+01
-4.798239169890689659e+00
2.031755497722377957e+00
2.138436126629561684e+01
1.786609700200224360e+00
1.068954768036616088e+01
-6.678796389859412486e+00
-1.087095425897264178e+01
-1.017244797206847196e+01
-1.376420711763269189e+01
-1.070695802381516337e+01
5.643802207826542627e-02
-1.311920317637026123e+01
-7.761938147142465994e+00
-1.498745989665789402e+01
-2.608937820541818198e+01
7.848124883658934792e+00
1.902125253369904678e+00
4.382838958784593508e+00
2.349709264311614643e+00
-1.494676675831935775e+01
-1.807082108718553215e+01
-8.496039804242627724e+00
3.325892275398590225e+00
-3.406549248478459191e+00
7.527021447005926902e+00
-7.340337711490734662e+00
1.512250418694437926e+01
-6.744162912154966882e+00
7.856616813388294318e+00
-3.602029611796543573e+00
4.997806202323443081e+00
-4.433053639229000531e+00
1.463469824288750587e+01
1.782180503669461302e+01
-7.092041425533635035e+00
-1.823121394102467363e+01
-2.617197189194423146e+01
-1.191260445871629337e+01
-5.768465508453407331e+00
1.389174877961476984e+00
4.656265724041585230e+00
-2.913792299882997025e-02
5.031572885791344873e+00
-1.743876462753139345e+00
-1.317909057382564697e+01
3.070925022178911945e+00
7.163350134653658330e+00
1.885366843924332514e+01
-9.714716877190831212e+00
-1.479162446889413340e+00
5.803398299278352823e+00
3.592431411312128731e+00
1.906000470813891212e+01
-1.109461203225201364e+00
-2.892884536441568955e+00
-3.686709494668044762e+00
-1.907166177034465449e+01
-2.636462567265055057e+01
1.231591677321437928e+00
1.042533296216550731e+01
1.581837818593848688e+01
-5.528926277636498021e+00
1.973772278054419260e+01
1.245542901446492756e+01
1.632210463781055054e+01
2.958076543478865261e+01
3.804777860661435973e+00
2.678602383120515285e+01
1.208661726415785731e+00
5.261904234663910884e+00
1.781709678453782431e+01
-1.270383742708854413e+01
-4.751972937169827382e+00
4.836947977539313825e+00
-1.938890842177169205e+01
-8.038654099620368143e+00
-8.620706741266042528e+00
1.268474298866430772e+01
-1.545002988413371448e+01
-2.105966376505332960e+01
8.560486808201408948e+00
-1.427881151189566822e+01
2.535562594328191466e+01
4.932822211672369672e-01
-1.172932390346343823e+01
1.850796318305402366e+01
-1.221615762347531842e+01
5.254209980535576863e-01
-1.240450197452279824e+01
-5.652484411919690643e+00
-1.905338940918625923e+01
-1.355735959242924160e+01
5.488544269188216695e+00
3.990911192287989451e+01
9.832086427410953178e+00
-3.310792079526306608e+00
3.504378404645060119e+00
-1.241950989814983330e+01
1.304412841074487517e+01
-2.270259910397931691e+01
6.703693633904435956e+00
3.120608428790616884e+01
-1.078804387750431282e+01
1.028583934475263462e+01
1.474986997120880083e+01
7.014923730345913988e+00
2.572437958468635433e+00
-1.378599474751099896e+00
5.439962065312424322e+00
3.574151707921970900e+00
7.223203015165627683e+00
2.490517731631411547e+00
-2.308094224506784542e+01
7.226363971882736159e+00
5.455489446004042620e+00
-2.806927840721832101e+00
-1.218696451536023773e+01
-7.890398404742654748e+00
-1.259243822951729541e+01
-3.111919161136048828e+00
9.622878104554133394e-01
-3.264230779179967623e+00
-8.035873169735706867e+00
1.668916326749168988e+01
1.908297921143860432e+00
2.585721590488650357e+00
-9.009535770738205329e+00
-7.537270117607286046e+00
-5.629629023381877317e+00
4.709574066255635127e-01
-1.178755851143171363e+01
-6.302714807758484028e+00
1.919266500777303364e+01
2.632269374855495059e+00
1.760846871033703209e+01
-5.195980159222077788e+00
1.846000263938885055e+01
6.870306187101383744e-01
-7.959799289165959024e+00
9.586082907653661778e+00
3.013427813666939414e+01
1.979890717682810219e+01
2.898296293860559558e+01
-2.317468488096443835e+01
-9.896345563655485122e+00
1.660688849550430746e+01
1.911846487806893924e+00
-1.054662614252966790e+01
2.204523862092929676e+01
1.206461459876649212e+00
-8.515379990639017294e+00
1.151839173271565286e+01
-4.842751158631349861e-01
-6.109455131844860887e+00
-1.141427013678691793e+01
6.300698834345735300e+00
-9.211424096206147993e+00
-2.785507480938404612e+00
-5.813451335782907847e+00
-7.251507930691790671e-01
-2.304125398325497898e+00
-1.793760750146728356e+01
3.781593260337650086e+00
-5.534810556384979208e+00
1.671414034003868210e+01
2.489540522328685945e+00
-1.127765291781766166e+01
-1.146838311434959046e+01
-3.338140086024796283e+00
3.846840536730104620e+00
1.194464993026792499e+01
-1.110246051568163139e+01
1.802530160602086795e+01
-2.204439322556878622e+01
3.546729929391460034e-01
3.769420956092853103e+00
1.273936431963523574e+01
6.126825431038966485e+00
-1.365445797877009326e+01
-1.142236672459166158e+00
6.602704907651773425e+00
-4.959683655569612881e+00
-1.801767838041102632e+00
4.871247842478370949e+00
1.814030943950634267e+01
1.400261968033334747e-01
-1.607937279562220922e+01
-4.626495208750317722e+00
-1.335575578575128830e+01
2.054380681215016990e-01
1.022241028337773017e+01
1.075620372540663539e+01
1.254028202962095762e+01
8.664528584981002979e+00
1.150294580841968006e+01
1.318565713207970447e+01
6.641162058482709796e+00
-5.148788514925454196e-01
-7.666615157633616562e+00
2.632684639880083388e+00
2.119198311318736927e+00
1.549434666308012964e+01
1.737317341426260953e+01
3.852639055413582536e+00
1.006765258150931786e+01
1.101497751764552113e+01
2.147397755083705562e+01
-1.711713564784302832e+01
-3.375673799620404925e+00
1.704866725250875348e+00
3.171131807451574414e+00
1.358261494570928818e+01
-8.212361119580862123e+00
6.028708960292134655e+00
-1.937568947203823555e+01
-1.821089188551164284e+01
-2.091695415325957264e+00
1.080185235206373839e+01
5.645180291701032083e+00
2.528675504801319862e-01
1.041397892710291906e+01
-1.352284347351080562e+01
-3.614852938925804615e+00
7.046216524351507360e-01
4.916224228204133517e+00
-1.166003413772786779e+01
-7.990949469179376763e+00
-1.971314407040225092e+01
1.156723292179388451e+01
1.649944967344735502e+00
-4.618125061829515765e+00
-7.870213535101461488e+00
-1.219940600529798136e+00
-9.543348054157386073e+00
8.369240489364635494e-01
-9.370674425676206454e-01
-1.043310279278020225e+01
2.336601243514098414e+01
-4.512306429150906517e+00
3.661177207767595032e+00
4.056807414473339257e+00
1.583649041504116894e+00
-3.027136407467795109e+00
-2.878140373182380252e+00
1.720570531227170719e+01
1.018005536186261928e+01
2.482915438976924349e+01
8.140523796574811399e+00
3.642575981244735139e+00
1.709642918135746470e+01
-1.442578948360520030e+01
1.031788421559519797e+01
-5.974268629866564817e-01
-1.974667457236148138e+01
-1.225582324426702563e+00
1.551386646602452579e+01
-9.550269334095659701e+00
1.210015899773753922e+01
-6.830807323298063949e+00
-1.002343897271577466e+00
4.896124331728525902e+00
4.835585370543040717e+00
-9.051748971962083612e-01
2.431050885766159553e+01
-2.084680175300608695e+01
7.928173275338679105e+00
-1.445489797326922599e+01
-5.603257205121139339e-01
1.636666511380368227e+00
3.466794364812254781e+00
-1.379957714807951596e+01
7.166116728962909299e+00
-7.052879433837389023e+00
5.012671036396783464e+00
2.206221238001358742e+01
6.087642948453298786e+00
3.120231168691887103e+00
-1.133211460010877936e+01
7.937629044748095719e-01
-1.587089116934964927e+01
5.849059517717153156e+00
-2.181652127498069582e+00
-1.245763807352352615e+01
-2.278753690512894892e+01
1.222856201598770909e+01
-2.120827027364827799e+01
-1.492531640228186873e+01
-6.290761222899405425e+00
-9.626036353924167344e+00
3.274797075785551015e-01
-1.533273861487366663e+00
-1.152539833959561655e+01
2.862480857568477255e+00
9.543656941105520986e+00
-3.545737528780359415e+00
-1.754139978092963403e+01
-1.607105751427978735e+00
3.578782845395151568e+00
1.991139503285150525e+01
9.991044465445353850e+00
5.277690330731377166e+00
4.748484100372777128e+00
-2.361511163803714508e-01
2.615984591992324138e+00
5.847703607964117367e+00
1.780014283445736822e+01
7.809031867517291836e+00
1.255379165607838132e+01
1.552698572194198690e+01
-3.506646128628783110e+00
1.256299890115673357e+01
3.188720819647971716e+00
-1.069110462264056949e+01
-1.531137137888180400e+00
6.849852901757309098e+00
3.282771975135971299e-01
3.067528686309586305e-01
3.439745227049867182e+00
6.972712060989274541e+00
2.106525854663116704e+01
1.449823448094214662e+01
1.739906913741251060e+01
-7.354433081250011384e-01
-1.598666766516493354e+01
3.719600900458542636e+00
-2.521599349809382051e+00
-5.108233260365565798e+00
-9.835547091575612910e+00
-8.315968995889127413e+00
2.095420373399999647e+00
1.671252717546233768e+01
7.989420065206783050e+00
-4.178047252137433887e+00
-1.427136966124179063e+00
9.660731253993528611e+00
-1.372681043922266397e+01
-1.658882505355276393e+01
8.606329676778529114e-01
-2.010209497903397136e+01
-1.446536342371488715e+01
-1.819817830343988518e+01
3.104295843414335465e+01
-5.425008927030375849e-01
3.386733597624942416e+00
-8.962147187592462316e+00
-1.533505781277837521e+01
3.175899457826057670e+01
1.719912271597259235e-01
-3.304375023075347251e+00
-7.407731007917856658e+00
3.395893194039869911e+01
-1.414315867729307108e+01
-1.606167262679555563e+01
-6.514436711549584924e-01
6.827905523512904473e+00
-8.139986966600599061e+00
-1.907442264359074269e+00
1.569140347395040358e+01
-3.147894792954660570e+00
1.392247560951040164e+01
5.131378550678668660e+00
-1.131433326888374857e+01
-1.224736019516154784e+01
-8.812668246843875508e+00
-1.530805720283022531e+01
3.213081552623577863e+00
-5.918040752097291524e+00
1.258682045477311551e+00
-2.979836392349030305e+00
-3.220447035299335958e+00
-1.052333482299950163e+01
-1.940469106563870838e+01
-2.036527684669276184e+01
-2.881905538988237758e+00
3.017525541548004675e+00
-1.051127633926004279e+00
-2.397730429584173351e+01
7.936454683787041553e+00
8.719818975199180144e+00
-1.420490258955868690e+01
-2.894692104906403785e+01
-1.047275360862307103e+01
1.115202087974173217e+01
-1.323835277222483287e+00
1.301573409898856504e+01
5.853771958096361416e+00
1.077438569889939224e+01
-9.548484660414699121e+00
3.644310798839266852e+01
-2.537026528463949937e+00
-2.741218343038382965e+00
-7.354578484833306895e+00
-1.802145641345950366e+01
-2.592661791981675634e+01
4.859461851338275906e+00
-8.217585285686261898e+00
-7.616049122116581138e+00
-2.483109728746430989e+01
-5.091251329083608113e+00
9.291520924773150725e+00
-3.588311370728343164e+00
2.256596824966744208e+01
-1.689587116142381973e+01
1.532582333104645933e+01
-5.279684857222974870e+00
-6.985750598592332494e+00
4.506790337938219593e-01
7.640477774528974919e+00
9.004134529232734607e+00
-2.470478640303148765e+01
-2.797903093147150955e+01
1.855600835468763643e+00
-1.904990299049362790e+00
6.739442792614648070e+00
1.230561302850336602e+00
1.062724501034308311e+01
2.411995235326401588e+00
-5.616145165062417455e+00
-5.706898439976118453e+00
-5.115348873774097527e+00
-1.188101715151181459e+01
-6.551145856422706082e+00
3.673641075902749797e+00
2.823266525658542081e-01
-9.311457576382586865e+00
8.896916591122803197e+00
8.260411858439715260e+00
1.935556514777457338e+01
1.068044660353215036e+01
-1.369967645796332611e+01
2.263251734881519539e+01
-5.645888725960725552e+00
1.351086962147265202e+00
1.010684395805024671e+01
1.020586183140009062e+01
1.479959675735146796e+01
-1.100451156732308888e+01
-1.029525623999782447e+01
-1.330930752687155127e+01
4.679566698085317888e-01
-3.354809596572937425e-01
8.311317803593190945e+00
-3.659644370060803453e+01
-3.259013891604799706e+00
4.134964154951500603e+00
-4.270498442468918299e+00
1.294153897730504266e+00
6.839024849967474395e-01
2.808173806857785593e+01
4.844990349168833532e+00
-2.887650308881111982e+01
-1.861577398920469406e+01
-1.753461722762545527e+00
1.714914316879598388e+00
1.866803614747446005e+01
-2.890865613899154418e+00
