-1.671864724580073291e+00
-9.135219821162742448e+00
-1.790362382328264346e+01
2.818313133070196130e+01
-2.450097648358839564e+01
9.739846883246960019e+00
-2.342428324498499137e+00
2.486737338729045899e+00
9.794422108682269368e+00
-1.523262203145601745e+01
-6.992561047495985171e+00
-3.640449158867588864e+01
1.503974765683091963e+00
7.019212467822545376e-01
-2.263413971799659663e+01
2.939283624753813662e+00
-3.622033251888950200e+00
-5.728780649458163232e+00
-7.894810610870374168e-01
9.283190233188518548e+00
1.713579422858946089e+01
1.184009807650394386e+01
-1.473735672549836018e+01
-1.409763728131034455e+01
-1.068056699380723273e+01
5.573827912750617486e+01
1.058837203527637172e+01
-6.326801292101537300e+00
5.603212095352784416e+00
6.788766827778812463e+00
1.777786139583610847e+01
-3.239226468622381105e+01
2.217202638969143536e+01
-3.517151943708289874e-01
-3.114484167481364807e+01
1.582106480047266928e+01
-2.277237862655052680e+01
-7.368824519032592057e+00
-6.528956820077310930e+00
-4.322354146569674427e+00
2.698202201065400629e+01
-3.193796004436318725e+01
-8.278017404024097914e+00
-3.512054032938889492e+01
-1.291728663429959489e+01
-2.351544317458115074e+01
1.298360892447914594e+01
9.709810656106867555e+00
2.366603095572328286e+01
1.485112844133794496e+01
-8.858471056770955698e+00
1.480411499424460331e+01
5.162651719389296012e+00
1.133713331403003721e+01
2.024302437000536514e+01
3.064668297968625410e+01
-2.430215681143090833e+01
1.284332754134932131e+01
5.814541684416242084e+00
2.146520592541590489e+01
-2.401211960521895605e+01
-5.285624710931637882e-01
-7.887822208008943292e-01
-2.891881287953585566e+00
-9.314822020674553116e+00
-7.546702416467839569e+00
-2.600261220725700184e+01
-3.112637479020056119e+01
5.664101555250772968e+00
7.553647684640719007e+00
-1.130843555623956220e+01
-1.155726643742134208e+01
-1.372519941267299437e+01
1.237812576125837616e+01
-1.900021434132505682e+00
3.186983655702484874e+00
1.616361309516113920e+01
-3.240457752419662540e+01
-1.204988258755114217e+01
2.794247102827809570e+01
3.258537036430318334e+00
2.992865281501855534e+01
5.713872907912604049e+00
6.711538337264419951e+00
-1.724262969379588739e+01
3.128498575016168814e+01
2.688550965794216552e+01
7.469648142176925631e+00
3.230655491346941233e+01
-1.027234618704490288e+01
-2.913335940773743360e+00
5.711153690991230292e+01
-5.354834289515885137e-01
1.132849341071158378e+01
-2.921799508865232653e+01
2.458351015544114393e+00
1.685506133259234929e+01
1.672975423576301779e+01
4.258550030460966696e+00
6.443632375390233591e+00
5.775688773363748751e+00
-6.936635292973900135e+00
1.255626789892465922e+01
6.310520669556661133e+00
-1.002643699422336354e+01
-2.951324797055494997e+01
-1.615039502506204983e+01
-4.069569993022397192e-01
4.302459874780153015e+00
2.691700928423903605e+01
-1.316617737484636663e+01
-6.939388353289399625e+00
1.177417491503049618e+01
1.715369912429606103e+01
2.062005662144635565e+01
8.512693643413159705e+00
1.380183548181649655e+01
3.197564236953034822e+01
2.422036355670775798e+00
1.343264256236362364e+00
5.362937850376428450e+00
1.338318615712618254e+01
-1.915913100522850243e+01
1.716129475076975908e+01
1.643165386015632379e+01
-7.252838492695718564e+00
1.225031535419516615e+01
2.190436507899595142e+01
1.160902940474625744e+01
-8.941605126796558167e+00
2.417396606074411647e+00
-1.260778435307571499e+01
8.112984295293388826e+00
1.863753938735152360e+01
-1.971869011412645634e+01
4.424551802887009444e+00
2.916401018855584448e-01
-4.581433146217794850e+00
-3.657716115071056429e+00
3.115979742556670118e+01
3.067067720504037087e+00
-1.732194797991813573e+01
-1.245591360095132316e+01
1.066083444555627757e+01
3.448397201044681282e+00
-1.669161145792986911e+00
-4.970900205341509448e+00
1.734668666434368589e+01
1.629441820550902520e+01
2.413132749096410024e+01
-7.732552521639307841e+00
8.755432588885229350e+00
1.498811483498118413e+01
-3.813156881889640459e+01
1.885604142960580987e+01
6.865989468367926563e+00
-5.250610409443257964e+00
9.310542568303949551e+00
-1.133578451757931704e+00
-1.263059585443467014e+01
-2.681803255603345537e+00
2.162444517507531305e+00
-2.713054426639271810e+01
-1.938431606156367337e+01
3.380293968754184419e+00
8.122463057071705350e+00
1.124157330091746676e+00
-2.793087579733435888e+01
1.431148837275844166e+01
-9.569582968742425422e+00
7.991953116562866555e-03
2.090028118539716040e+00
1.529964227003954669e+01
-2.882307864370415729e+01
-8.963822549936175221e+00
2.445176897769276714e+00
2.573525356501241745e+01
1.629417849111350947e+01
-5.443613262116399731e+00
4.453691078688269300e+00
-1.377065822274459528e+01
-1.683471321879120808e+01
-8.924287811812192217e+00
1.253265867905388120e+01
-1.624362483538286739e+01
6.873789322165699822e+00
-3.407242908395011227e+01
-9.485343305994307528e+00
-4.598357667465131193e+00
1.770165132771016303e+01
2.187240605718470121e+00
-7.478995638060309759e+00
1.769929588144522281e+00
-3.978360834328265838e+01
2.301171325915223775e+01
3.476448609837485382e+00
-1.990868963072029096e+00
2.404452394324089681e+01
-1.941678779507608610e+01
-2.530236590224236970e+00
-9.623506938519360787e+00
-2.741358857223236711e+01
-1.059268873506088582e+01
3.272455427819586760e+01
9.434016151384476245e+00
-7.097245342876917995e+00
6.496220063885120410e+00
-4.720518419439441615e+00
1.154529836441952106e+01
-1.403398521649454267e+01
1.592172945022723596e+01
-4.213051241172726336e+00
-8.527768002569697803e-01
-4.854372475070364068e+00
2.419123567962047083e+00
-3.047306969566272450e+00
1.455957326675899921e+01
3.046076353931279712e+01
1.490803704634212856e+01
-1.593000792011502220e+01
-3.001033523302150385e+01
-1.576675579530157201e+01
-1.488555242558812353e+01
3.815375344331903307e+01
-8.466839466498262468e+00
9.438457304191624431e+00
-3.019778590710643584e+00
-2.782741148079731630e+01
1.367438741078414388e+01
-1.886552708400908429e+01
8.015571248771161450e+00
-3.113888376507102151e+01
-3.987829218654467489e+00
2.653941642647803523e+00
-4.678903006186578839e-01
9.970510914550372306e-01
1.970337072271248147e+01
1.519581321511066818e+01
-4.979706855008349642e+00
4.349755745577830623e+00
-2.023673115731119410e+01
1.956432745467575618e+00
2.501119241329799081e+01
1.427042904626559583e+01
-1.861185265380033371e+01
2.676307090299306779e+01
1.592112665102638935e+01
2.480407686286879709e+01
5.134824722452661305e+00
-5.755989209714416077e+00
2.184217480540127543e+00
1.493077870793122486e+01
-3.687452591116314071e+00
-7.659262942040480304e+00
-1.187609162224376824e+01
-1.216105092960392398e+01
-1.435361585698068154e+01
-2.189385106664122560e+00
-2.958078291270821580e+01
-4.658937836567910828e+00
1.604930987471955728e+00
2.481077396661268253e+01
-1.779099288290276970e+00
5.801184382779841719e+00
2.166148040993337576e-01
5.838157735288346473e+00
3.430921032792965342e+00
-3.105325647550556845e+00
-2.831642923374967680e+01
-5.111567312228970650e+00
1.714700778657751812e+01
1.983255106493641051e+01
1.142612221468517752e+01
1.550324745023408113e+01
1.949018629719940421e+01
3.845687521914484819e+01
-3.145152285697312422e+01
1.074173166251647382e+00
-9.596218607425972991e+00
3.011626783010212094e+01
1.368815742976015315e+01
-1.406264566340575328e+01
-3.423300723612586438e+01
-8.251449833687967583e+00
2.399759529455571361e+00
-8.373725431637171202e-01
-3.941086693571602684e+00
-1.662220604931314583e+01
-2.118318656700045821e+01
1.141377400139589504e+01
9.104782057372258208e-01
-7.222791694719156830e+00
-3.283192068952249798e+01
-2.106899405005139059e+01
-1.155796560639178416e+01
-6.768680049953117894e+00
1.732369272564219642e+01
-4.893669748560541821e-01
5.569115245905805978e+00
-9.854163789138844720e+00
1.401673427982440323e+00
-1.131991131260619632e+01
2.753699500593025462e+01
-3.409079803456952273e+00
2.898476593760715758e+00
1.651228992247011362e+01
-7.806421158090528500e-01
-1.393432934746285934e+00
-3.771087369913685983e+00
-7.768095140844842206e+00
-1.926641009760363943e+01
1.425561118577117270e+01
1.987797819764419316e+01
-2.845283340687491247e+01
-1.810649163941180717e+01
3.352818056151309634e+01
-1.318182622500368328e+00
3.426165780246022141e-01
2.691896521174911960e+00
-1.091413398485952335e+01
1.941391475402367917e+01
-3.863936993540978904e+01
1.189520321349126242e+01
-5.312053016745876821e-02
-3.378813520555918881e-01
8.308802178308273279e-01
-7.533705021437635097e+00
7.489849614941118894e+00
3.555319424107622694e+01
9.877524327196329779e-02
1.338982485086025953e+01
1.283326868641619178e+01
2.046772909056720735e+01
7.246304424058845228e+00
4.726707409473004162e+01
-3.995723133603771515e+00
7.953281196723233748e+00
9.041977412989403717e+00
-5.722843808380103425e+00
1.473970444318639750e+01
8.002931395916801804e+00
9.204791486482912788e+00
3.615812192918276047e+00
1.451950601197780699e+01
1.246078475368291194e+01
5.445366023315083126e+00
1.968900143284434279e+01
-1.150713840348729988e+01
-1.033809657858455999e+01
-3.017075561860924182e+01
-1.427883733138348887e+01
-7.959513856620502814e+00
1.797158720212075877e+01
-1.100904087064354364e+01
1.385091718613930212e+01
-2.389098440943184087e+01
1.495291718608028297e+01
2.209513222602945248e+00
-1.933154461655966116e+01
-1.783465668201599996e+01
-1.071223476107205386e+01
9.700117152732312675e+00
-1.445025048339890184e+01
-9.100818753338750788e-01
9.125630618940489214e+00
-9.878102166864389133e+00
-1.359401397986280813e+01
1.473010113688318690e+01
1.295183939683849150e+00
-2.153576648935053850e+00
1.440821949125212953e+01
4.372914108343148420e+00
-1.432682492646626571e+01
7.853630194750034654e+00
1.150622275792494698e+01
8.125983637426118733e+00
3.732725353200489593e+00
7.001228215166892532e+00
-3.244999268867050546e+01
-2.006564116211454163e+01
5.216949109368258064e+00
-3.348864000703879906e+00
3.688271487411749483e+00
1.045715789148244390e+01
2.625199431815507189e+00
3.378100022031862437e+01
-9.289913033201967707e+00
1.994126706765873180e+01
7.358270862836993942e+00
-2.759353480118261359e+01
2.165574698070443227e-01
-4.486051854292253616e+00
-1.158808998587170791e+01
-1.202076422037688275e+01
2.289765284929770672e+01
9.794977439938991282e+00
-3.091094549446775375e+01
1.753854286577549004e+01
-2.555080081641183654e+01
-6.479824168650549776e-01
1.014630006903878545e+01
-1.804691513785960311e+01
-2.722184735996030014e+01
-9.429705669796497602e+00
-3.836056365642561161e+01
-1.435045165761870578e+01
-8.447878241672439614e+00
-1.559124405932127289e+01
2.218306884223513364e+01
-8.524204344343173645e+00
9.139842934421881893e+00
-3.915084280932774607e-01
2.628644101737310024e+01
-1.645855962169198250e+01
-1.230826685984016677e-01
-1.464925355969948217e+00
1.778407845687322109e+01
1.396854477553910989e+01
1.721926517278995306e+01
1.701964962377701696e+01
2.429771143290110658e+01
-1.689848690180425450e+01
2.572627489964574110e+01
-5.351344426908366536e-02
-9.810019174184905211e+00
2.855069103811511155e+01
-1.869107709184589128e+00
7.036677865502280582e+00
8.259550076320973488e+00
1.288407209316416058e+00
-1.040223079356022318e+01
-6.614136039805104339e+00
-1.651042010648879099e+01
7.101587794871995207e+00
3.676783063407273566e+00
-3.301202155046456088e+00
-8.314508031270028354e+00
8.238355781278917433e+00
-7.929267045065496511e+00
-3.085215620683304394e+01
2.275736138342587367e+00
6.510880623130168576e-01
-2.385310600833592076e+01
1.964596964891407538e+01
-4.429147283480284969e+00
-7.797789939707981510e+00
-1.710994452588706949e+01
-1.643706281490507592e+01
-1.023715498177640981e+01
3.463743774817435650e+01
6.800071498297901584e+00
-1.057307921497604042e+01
-8.031191590323141227e+00
1.801546065757074899e+01
1.125798872728104527e+01
9.301708477888855242e+00
-1.336716492894135477e+01
-6.142905260333152428e-01
-1.746036047205735642e+01
2.961588378026936397e+01
1.627190700488128883e+01
-2.988189291574646855e+00
-2.455368225305567620e+01
-2.218153518908182775e+01
-1.563018117916444538e+01
-1.293132543408546731e+01
-1.202954462755432097e+01
1.497207151709436523e+01
-1.374179209305762939e+01
-2.131262260040141143e+01
8.246376182018705592e+00
-1.377073581279432268e+01
5.307648477656130126e+00
3.927110133653528123e+00
1.318132309264069235e+01
-1.390167644854994222e+00
1.463165984763440619e+01
2.333235472776577524e+01
6.469678867346389417e+00
-1.813385009108697332e+01
-1.685950059779079524e+01
1.692165435078691971e+01
3.923512999613387109e+01
1.913964273046669717e+00
-1.098889871190159440e+01
-6.269297243708624734e+00
1.498457586904011229e+01
-2.589296413441593714e+01
-1.591846527634686126e+01
-1.336733703736794965e+01
2.038171522003297653e+01
-2.962550568701078912e-01
-3.104421684097299661e+01
1.512935236538904782e+01
-4.512693913339065688e+01
-1.717872002080361726e+00
-6.368792779717117547e+00
-2.808125369264167226e-01
-2.419064216013356372e+01
-1.625331814624207283e+01
-1.341977659624240360e+01
-3.389750893310650603e+00
1.362848147817172562e+00
5.121869911517481277e+00
5.402196181406642594e+00
3.015347174167859379e+01
-9.032218871293643758e+00
-2.798699150631859478e+00
-3.847793244489209563e+00
1.370359520769315509e+01
-3.403050255914995148e+01
-2.714993922477007615e+01
1.232335783290795028e+01
1.605754980301984247e+01
1.525627144167894134e+00
1.795739949440125471e+01
2.482836683090981111e+01
-1.694354641619584712e+01
1.308348028564178023e+01
-1.131297134109098579e+01
-2.532081872360642194e+01
-1.679600911018360421e+01
-4.671452107250120278e-01
-3.585699508456043816e+01
9.065253575093207061e+00
1.636936690585146081e+01
1.578192080363107941e+01
-7.117173894528146860e+00
-3.306436879319226563e+01
-1.387902608871114296e+01
2.878891440142267832e+00
-1.434870743038734808e+01
2.165802858144787635e+01
-8.946551289284396802e+00
7.747797887238600190e+00
-7.711921436610186475e+00
1.896141419400420691e+00
-1.303327190273739333e+01
-1.613758855353583854e+01
-1.522096614126597913e+01
-5.581582665803063392e+00
1.821409420013462288e+00
4.052432206843007201e+00
1.513204104751924817e+01
-4.356530620719285984e+00
9.247629544095552490e+00
-2.991862728938426841e+01
1.489274693134504446e+00
2.297103769746950519e+01
-4.532083753209888322e+00
-1.654211350011246395e+01
-4.405640688497653557e+00
-1.268976897387780944e+01
1.749566564549954961e+01
1.048716002101127742e+01
7.342458308383373655e+00
-2.887782490828549431e+00
-4.808087079671486208e+01
6.906752639556548168e+00
-1.420016745504711331e+01
-1.945444832036561777e+01
1.903607049112899574e+01
1.879103017809606158e+01
-1.335983613731794417e+00
3.963233870546723381e+00
-4.857105962169708135e+00
1.709868555329897077e+01
-6.358475187721971622e+00
3.307178553508445873e+01
-3.522362989043855919e+01
2.418542516719310953e+01
-2.947627099352922642e+01
7.547189223329676011e+00
2.170112289896950131e+01
-1.728183445936732454e+01
-2.068971993947441845e+01
1.474344556360324354e+01
2.633454249239708744e+01
-1.240356576939808342e+01
-3.408538345721442653e+00
1.843888923805612734e+01
1.095891523787960864e+01
-9.327041797199587592e+00
5.530156993902032525e+00
-5.622427942938009515e+00
2.061861010458203580e+01
-3.601813107175341422e+00
-1.034877314998095699e+01
1.266830575916679535e+01
-1.760786428980578222e+01
-4.590843289826041840e+00
-7.330733707345071792e+00
1.320260681784140466e+01
4.827018272773748286e+00
-1.470809763529874381e+01
2.114996996448987687e+01
2.127846031599299081e+00
-1.068992048017551966e+01
1.840260140511158493e+00
1.093668273175240557e+01
3.270498739828124890e+00
-8.064312997738554145e-02
-2.303466501223255136e+01
9.658808329370618395e+00
-8.053278288751691605e+00
1.302949220707535538e+01
1.364908368120912563e+01
-2.920945858987762378e+00
2.642887297840019301e+01
1.926471312100360933e+01
-1.204914503731076714e+01
-9.516961463446390823e+00
3.562472044848545849e+00
3.714902555629640801e+01
-2.019812560204818652e+01
1.702107198508596753e+01
2.520722053774932192e+01
-1.612521573268309893e+01
9.578997944064500558e+00
-1.129485630824555642e+01
1.022328763979757360e+00
-1.324010053436661316e+01
4.251407161190763340e+00
2.663241220995462655e+01
2.534131211727043009e+01
-3.556812966007711907e+00
3.249115735471805877e-01
-1.227396917834472134e+01
4.012037105896247846e-01
1.336131760524798295e+01
-1.734868127014929318e+00
-2.088369019565001139e+01
-3.269325680455861249e+00
-6.785556286003947335e+00
1.063665892806725921e+01
-1.705795353310213702e+00
-1.630651850623235788e+01
-2.531362242016344855e+00
1.539415858240477952e+01
1.677947684537790352e+01
-3.733389867586662803e+00
2.802034613711369637e+00
2.738600119242327224e+01
-1.577873090531166422e+00
1.594959559553794826e+01
1.350957184188934690e+01
-3.164486269764558912e+01
-7.366252258822088450e+00
-2.664459668069724785e+01
-1.160586384446789054e+01
-9.220569215048300293e+00
-1.363881039032725084e+01
-9.687032907812604066e+00
-2.382399695443210064e+01
-1.512152027018440670e+01
2.644914184220777997e+01
-1.324423229577188277e+00
-2.656721966143386737e+01
1.541714580981614446e+01
-1.193805591416527312e+00
-1.265337941075246064e+01
1.457433872872660885e+01
-1.793042948625277688e+01
-7.207470184703912430e+00
6.500289334130190610e+00
6.954692686722397710e+00
1.946311719965699405e+00
-2.842905092370100029e+00
3.247821787354074008e+00
-1.799069365917472041e+01
5.610134845664765280e+00
2.327481572963187872e+01
-3.424912982035517217e+01
-3.643290722353799538e+01
-1.704477889859320783e+01
1.013731069608199498e+01
3.082703149073646731e+00
1.923788607187156074e+01
1.474785335349333426e+00
1.078073699130546892e+01
-8.955230560539787277e+00
1.384392410415408570e+01
-3.455706951902487134e+01
-2.223692857255753452e+01
-6.606233010248474535e-01
-2.050310157842392123e+00
-1.051085239501225210e+01
2.364014079632148579e+01
6.233810491090072681e+00
1.755422434189762271e+01
-5.087369871961046286e+00
1.347072091720366060e+01
3.161354797578564746e+00
2.867416285350942395e+00
-6.060004732945656336e+00
-1.146141040396605604e+01
-2.611294276648055135e+00
-2.240376204041020713e+01
2.027950740922395134e+00
3.626074445340034647e+00
-8.605043577248634890e+00
-1.090446432631816620e+00
-1.971689729802453073e+01
2.034959373679904537e+00
-1.174952892272742844e+01
2.431616151222927513e+01
-3.388183277696967366e+01
-1.477176497255084620e+01
-2.482257923138384559e+00
-2.980832323481005375e+01
2.062067892751652209e+01
-5.004504974148931140e+00
1.239791287002478093e+01
-6.937824876852468847e+00
-5.394922287738942401e+01
-9.944508505575682111e-01
-1.245592976339576730e+01
9.291586301379581414e+00
-1.918147400974123684e+01
-1.459286533945420672e+01
-1.935148329036649528e+01
2.374647100484233775e+01
6.327777252166207234e+00
-1.908610846654531201e+01
8.002076258425010025e+00
-4.045490721515781374e+00
1.724844273598514377e+01
1.465910321675502814e+01
-4.247854719396391943e+01
-1.897063247811590614e+01
3.674895058661957137e+01
-3.389037415996673985e+01
-2.148974947000789726e+01
-7.537283502806863211e+00
1.266690819873167673e+00
4.149440323948437204e+00
1.839827724538339426e+00
-2.215496942018500892e+00
3.164950216106276670e+01
3.014804405046307778e+01
-6.112888670009700043e+00
-2.560500633447270857e+00
-9.796821572680929791e+00
-2.124713452319929630e+01
-9.001082655670817445e+00
-2.045793128127518656e+01
-1.519423110310039426e+01
2.150259157002148314e+01
5.359360288584714027e+00
-5.412168626989288356e+00
2.301217750499273862e+01
6.007665969994542721e+00
-3.511158167840649469e+01
1.432140030867972058e+01
-2.541752804962198553e+01
4.983341581021605293e+00
8.881712684938261049e+00
-3.938676333618254688e+01
-3.528429354795058259e+01
-2.147124098845819873e+01
-2.042349976249564492e+01
7.444521406910794781e+00
8.131805963062523901e+00
-2.475751968280058612e+00
-4.351256730980797016e+00
1.106937778445270482e+01
-5.455095085507967667e+01
4.007488705393271289e+00
2.682226857971750533e+01
7.013028906036594456e+00
2.874972878879115967e+01
3.967088257154804065e+00
-7.174824682277487042e+00
-1.695655930976448955e+00
-7.343470687251612006e+00
1.597869537241588311e+00
1.213270192236295308e+01
2.063211509488019146e+01
-5.755339318349722788e+00
-6.461637548855634350e+00
1.960074140118038954e+01
1.831793023407697518e+01
1.756661669460980590e+01
1.506269529856240652e+01
1.814067482133556908e+01
2.318179568024193671e+01
8.659269377360136133e+00
3.981617770104111997e+00
-1.882783880768722184e+01
1.828500862395326010e+01
-5.824858509386909855e-03
-2.104626781980875094e+01
-2.031263624499608955e+00
2.380807572162626506e-01
2.391248808600296982e+01
-7.330590004932958870e+00
4.774911551321728842e-01
-1.450663892342674366e+01
-9.661678162727151076e+00
-1.446348002775719976e+01
2.312153470305687186e+00
-3.416863128145200790e+01
1.140974568980089288e+01
8.527739414197760937e+00
-3.598234809060861750e+01
-1.574768609613669312e+01
-5.909155980202796421e+00
3.979520130418003454e+00
1.141620173129199323e+01
-5.396612177973848290e+00
-1.106925642621807704e+01
2.546125752972135103e+01
1.916763991064349781e+01
1.205877193276954173e+01
-3.055916626465854335e+01
1.850681014633740773e+01
-1.407691436420147824e+01
-3.781964292543906936e+01
9.550471446140015530e+00
-3.963513949223779864e+00
-1.425170894312543401e+00
1.301329739929040485e+01
5.354529723684766651e+00
1.857270109200916508e+01
8.948930890955343997e+00
1.146864379644896914e+01
-1.359295043044809859e+00
-2.704807323717988154e+01
-6.904523089210855780e+00
-3.823884842309350218e-01
-1.191055791847212397e+01
-4.117142579173187045e+00
-4.349073736566797521e+01
2.902458562222976113e+01
1.206702619396108389e+01
-1.353154044960614755e+01
-1.941136963996861198e+01
8.825228301112609586e+00
1.878026615062602289e+01
-1.543871674806120353e+01
-3.950326115883004530e+00
-5.408568197801120192e+00
6.386567348210736128e+00
-7.412502415301684522e+00
2.261766282764968850e+01
9.420100118333419204e+00
1.388990175378099146e+01
-8.452505538676177821e+00
2.189386586762146791e+01
-3.214379482122493670e+01
1.355680439720966746e+01
1.193266102299559606e+01
6.772131659186134911e+00
-1.685507397075229896e+00
7.622195415596820567e+00
-2.942912001062137506e+01
1.351808236200545910e+00
3.102515998249754503e+01
1.334447037548576631e+01
3.211377014333509194e+00
-5.983878638050999399e+00
-2.758879201250933999e+00
-8.922017534177934195e+00
-4.062921247429011729e+00
2.089377300385213587e+01
1.204110118187363376e+01
-6.776801167090978240e+00
-3.001063906089653344e+00
2.222355025460442945e+00
-2.661946627397908927e+01
4.077271694864130325e+01
-1.044401972106941301e+01
-1.770069445828152510e+01
3.326792028719564254e+00
1.279969644789801819e+01
-1.894031699775042910e+01
3.361973603923794407e+00
-9.104238568788797892e+00
-5.750455138391736831e-01
-4.283290512275356399e+00
-1.186166794116004830e+01
-1.070641827163344928e+01
2.164955198456792473e+01
-9.047738217300112851e+00
-3.453881652098130672e+01
-3.085140342426708671e+01
1.843271389951589256e+01
-1.479115964764400326e+00
5.982956151205161888e+00
8.179146325519637273e+00
1.559839115829457690e+01
-1.366486322555309219e+00
-6.886087623785128287e+00
5.872402178433545394e+00
1.716689452432801488e+01
2.420521933258004310e+01
8.981937996973123006e+00
2.288564381045849316e+01
2.976639441481101489e-01
-1.750942159221548167e+01
-4.464881985013699150e+00
8.667856750931898446e+00
-5.519809741767960354e+00
-1.455343158773783063e+00
2.447385381303495322e+01
-2.527948093829909482e+01
-2.311663755028061118e+01
7.759818360710594831e+00
-1.938973672843924945e+01
1.133889688440925170e+01
-1.415891448011535658e+01
6.779759075299302218e+00
-1.175307944657855153e+01
-8.381899336048281413e+00
-1.421072293429738620e+00
1.946891910385748403e+01
-1.158416436848276021e+01
-2.136256707537479116e+01
1.808380705199142824e+01
1.471939910672278629e+01
-1.790088797050176694e+01
7.418259035460360806e+00
7.804070594239607139e-01
1.400371026968512567e+00
-9.153614118998333993e+00
2.758129318520636986e+01
-5.349871100733115448e+00
1.540401352117430633e+01
4.930662407053381990e+00
-2.327220971769514790e+01
-8.448310286511517830e+00
-2.992762027674259784e+01
-1.662807871608233157e+01
1.026925219308994386e+01
-1.140029067645989436e+01
8.999210787597686334e+00
-2.287704033101660528e+01
1.345296432087315885e+01
-8.366072967706429608e+00
-1.710649918842968020e+00
1.592850689934379504e+00
-7.153217482823283291e+00
-2.532464763287247678e+00
-1.554564952600457906e+00
1.445870721030580519e+01
-3.628151306378842200e+00
2.401236738756283629e+00
-5.889639909069122936e+00
-1.929762168426315228e+01
4.373450470841008553e+01
-1.455458831585010948e+01
-5.257517216550466443e+00
2.213971195873079001e+00
-3.168511193411344795e+00
-5.728014515135798845e+00
-3.105893776388679939e+01
2.502589840781394770e+01
-8.385490031709892378e+00
2.182429865178581352e+01
2.125284022631574032e+01
-9.674104350623569104e-01
4.162775329269170754e+01
-4.119922881817087656e+00
-6.498171706651636459e-01
-4.611343608860494925e+01
3.654912274797462057e+00
7.069901789691497740e+00
8.011725434428791814e+00
2.575509002510059098e-01
2.625946910233404097e+00
-1.769114702264624839e+01
-1.659895937615292993e+01
-1.601069005290932878e+01
-7.279633854393942727e+00
2.314619319251440999e+01
-1.750199937142339479e+01
-1.149679973165298996e+01
-6.043584509028768537e+00
-8.336591474824565751e+00
-1.202882440350485815e+01
-1.728175790189221672e+01
2.626426188895876379e+01
1.120968598873654720e+01
-2.795537552238399215e+01
1.280656051924968430e+01
9.593796586374573110e+00
-1.285664709945300466e+01
-1.087810692937089740e+01
-1.418919606704004188e+01
1.749431379271154441e+01
-3.708548970533636968e+00
-1.957613454911243167e+01
9.174390600201532964e-01
-1.920998145037351001e+00
2.417116955562038072e+01
-7.333295380824710108e+00
-3.659614791375720699e+01
6.762886429357669371e+00
7.071563087462659603e+00
5.086468514351588865e+00
5.771640032890627658e+00
1.271178318071473612e+01
-4.058455074820752628e+00
9.719556868386014514e+00
7.351340330812134560e+00
3.449421502318044119e+00
4.104468992922437387e+00
1.956503043833737010e+01
1.727140016405438905e+00
8.447036280863368773e+00
-9.777743552983706010e+00
3.756195063883713914e+01
-2.593228964860088581e+00
-2.931534149892556584e+01
-1.409743133033074081e+01
1.665070797848649775e+01
3.762581673370166691e+00
-2.339929126489710143e+01
-9.834087664392015427e+00
2.859902052757844260e+00
4.281477113023021275e+01
-3.895606154718342040e+00
-2.867240427669700331e+00
9.958949748162426729e+00
-8.062842642442914709e+00
9.345531856626614342e+00
2.472475821128075069e+00
1.580018348734612488e+01
-5.646958318756778894e+00
-9.111519954357358841e+00
-1.196238636831452240e+01
1.000831325773132896e+01
-1.302922915499969214e+01
2.308488411375842020e+01
-1.353531165361799715e+01
1.414636884564366426e+00
-1.298811396438946808e+01
3.315801660012543284e+00
-1.982784735881907778e+01
-3.254249457882520069e+00
8.342830626967234764e-01
2.477872239680771571e+01
7.064901987288375373e+00
1.234330622281210488e+01
-4.773423537643295411e-01
8.555260788114477322e+00
-1.154954606574478149e+01
2.488778536704150923e+01
-1.449388862040022374e+01
