1.139789052936496994e+01
-6.392465123281718675e+00
-4.730668023354726870e+01
-2.454768151950085553e+01
1.433893214091746060e+01
9.268169584364322588e+01
-1.103363814563703116e+01
-2.031040884837324967e+01
3.830346169125989064e+01
4.693252007607197385e+01
2.926933924309149049e+01
-2.862304159382367175e+01
5.234992703808583059e+01
3.363404405855832380e+01
-6.523220915989364599e+00
3.927462877778769013e+01
-1.999836004386471799e+01
-1.116711211530605041e+01
-1.956024179308363387e+01
2.540176034602339072e+01
-6.742816799171879261e+00
2.275422135208208019e+01
8.248690433620732065e+00
-4.096983811810080311e+01
-3.590113099792709761e+01
2.192076797753259143e+01
1.015565352055011772e+01
-1.980017862741809020e+00
2.586036377803843322e+01
5.159244907212174525e+01
1.021717638889637314e+01
-4.534882163318711434e+01
1.576218649103189406e+01
1.997455798793412729e+00
1.244261970756374502e+01
4.316196723742087471e+01
-8.382603170448305718e+00
8.587047308219949215e+00
-2.454373566462872702e+01
3.487899267355534505e+01
9.474074156448773820e+00
6.912678702150526533e+01
-4.306408494159323652e+01
-5.484088816519906118e+01
2.002569142227604004e+01
-3.622534880711478422e+01
4.072589804214978670e+01
5.878005366122599185e+01
3.716501718881249872e+01
8.519831922089542431e+00
1.870814618203200652e+01
-1.109841958709440490e+01
4.852494763441723080e+01
-5.210367197498737823e+01
-5.044736135281708300e+01
-1.679102990490207858e+01
6.675607355396392961e+01
3.058778335215492916e+01
2.259258281504081367e+01
-2.149870810326156345e+01
4.080234874301885917e+00
-4.756668163919972869e+01
6.814496667780826300e+00
1.896828450305963543e+01
4.468050896425567231e+01
-4.431607718284863040e+01
-5.949218376643663220e+01
2.783438012422153562e+01
4.524559733578787046e+00
-3.366673133293936360e+01
2.731938336287203484e+01
-2.657098906449088460e+01
6.539599707615231239e+01
5.669287088613117476e+01
1.713224225873128503e+01
4.649061338934154008e+01
4.129480904912144368e+00
1.983262795645470433e+01
4.870995240000381443e+01
-4.270417466778703819e+00
1.076513562591867057e+01
2.567499643926204911e+01
2.385649337761680400e+01
3.408427832194356455e+01
2.099829392678392992e+01
4.717359473493252153e+01
1.489997913533142615e+01
4.194902453731744174e+01
5.909142017890562926e+01
2.791168192704929751e+01
1.512177357596345928e+01
-9.186413327711729693e+00
3.890047196566952525e-01
5.380128749083829121e+01
-2.084102842613654971e+01
3.855944157951410745e+01
-1.608250936191361902e+01
-6.553456076720813428e+00
9.049198989183286912e+00
-1.221692198321111178e+01
-1.756638990065347983e+01
2.608855816689471752e+01
1.429312324141940316e+01
2.458068054686637804e+00
7.069890816818717560e+00
-4.102827374723369225e+00
-3.868409160160268812e+01
2.550909681529740425e+01
1.262379508828867714e+01
-3.460251121223853943e+01
4.661729166856741102e+01
5.913722906565944726e+01
2.838241838652385596e+01
2.361081396925360920e+01
4.469331697211617183e+01
-2.843384247048946278e+01
-1.581421425384629043e+00
7.574728856305728186e+01
8.442966996005449687e+01
-1.924835318449479971e+01
-1.966591192815051770e+01
1.308075848391314722e+01
3.846320539405449068e+01
1.461465403657935092e+01
2.080844848580007778e+01
2.484359091009313847e+00
-1.845801106109534118e+01
4.777547907334432864e+01
1.258627833584483469e+01
-8.331966577651011008e+00
1.112808571526073109e+01
1.065359094275594884e+02
-3.442097667832381092e+01
-1.693574048721030323e+01
-1.526984947001478865e+01
-2.194824355081128076e+01
2.992628221524001830e+01
3.769623812718990052e+01
-3.099375333172009306e+01
2.653974624976563135e+01
5.203796625133298193e+01
1.013076695984937814e+01
-1.783405794206361605e+01
-1.817278160592680436e+01
6.771568323853836091e+01
4.177308913488393216e+01
1.787038476614506521e+01
-8.229168403539394205e+01
1.397315640092197242e+01
-1.855902042095251403e+01
-1.149120074607379571e+01
-2.364628378707346457e+01
-3.190660712689531220e+00
4.008716126030585514e+01
1.707542696150716743e+00
1.414204853636432446e+01
3.118539036869760306e+00
-1.157239338124727723e+01
2.544030801937901387e+01
-6.339629606575228138e+01
8.816451748868457727e+00
7.421400496153685822e+01
-4.099676753088203185e+01
-3.671868038057944261e+00
3.070606832643991879e+01
1.826631490814023095e+01
-5.429552038654044566e+00
3.408803164144398323e+01
-1.087159133955257850e+01
-7.773695558272258666e+00
1.385180867403593830e+01
1.264375767269013195e+01
-2.829097738062648304e+01
1.005755232733547544e+01
7.581595509574467151e+00
8.967384695549673879e-02
2.302622955418609507e+01
-2.168582594405447850e+01
-2.712464848940669881e+01
2.421183470590121445e+01
-2.912510763055968610e+01
-2.506735209552274668e+01
-6.898658854104873228e+01
-2.323768930040827740e+01
-1.445342784284509285e+01
-1.415294958687329796e+01
-6.115269270550114378e-01
7.883944680669517702e+00
-4.758917552718936861e+01
-6.418063976357925027e-01
-6.344852974893315434e+01
-9.857749268598999137e+00
-5.308525785066028568e+00
-1.459864574141205074e+00
3.773560565173150394e+01
-1.670047640419773272e+00
5.881514670876997641e+00
-6.433132047782266660e+00
-2.272280033802194765e+01
2.173862362505698442e+01
2.653924148718182252e+01
-5.603922122923047588e+00
-5.911598141761744074e+01
9.295480465909820023e-01
2.870584608670808890e+01
-4.292807270715148782e+00
-1.547669984202179716e+00
-1.285731830144885279e+01
-2.141407980324695970e+01
-4.492644653293699974e+01
1.904686012585884569e+01
3.904571014990008138e+01
-1.074366660996903533e-01
2.069260815267456266e+01
-6.008518261469548705e-01
-2.200682902925850559e+00
-4.708607285548777055e-02
3.908653509736544862e+01
1.161174971753873564e+01
-4.497560816168093822e+01
-2.748143816644868664e+01
1.271691460952400021e+01
1.397594798702724717e+01
-3.245872436489048596e+01
-1.567072065868442010e+01
-2.473674876753775287e+00
8.285167866494143496e+00
1.598420021302012550e+01
-2.485225171214054996e+01
-6.293211471021728443e+01
7.558236573570532357e+00
7.907060572445111291e+00
5.732456558475738717e+01
1.556111314988004857e+01
2.989811028547052629e+01
-2.046933027319326470e+01
3.294403401142290022e+01
-2.495397098319360651e+01
-6.138623642236535716e+01
-2.078766300886342222e+01
-1.288542649793739692e+01
-5.224424876446350119e+00
8.115202135354080415e-01
-1.069375550801054953e+00
-2.982720634316294195e+01
-7.299900939355313767e+01
-2.857778293076792764e+00
-1.200137375674626483e+01
6.661798853733188253e+00
2.145091578670586863e+00
-4.070124211777834233e+01
4.234382721778789715e+01
4.772060974015452217e+01
1.128658956740063601e+01
2.773849615928094181e+01
-3.293058076690728342e+01
3.979441079255348512e+01
-2.353378285645669621e+01
2.039363944732282974e+01
-6.272139161372128058e+01
-2.413078867847163878e+01
-3.552166802828399739e+01
-3.195426172226073191e+01
-4.755081762032816961e+00
2.624580979660649760e+01
-6.117689707276072397e+01
6.249460630564151131e+00
3.036607783712931496e+00
1.533233584057908061e+01
4.434833567746849781e+01
1.787587946656840998e+01
4.649031203899227904e+01
-3.553274378082913643e+01
-3.826513355697534280e+01
1.143896626957652884e+01
-3.420988085619037378e+01
2.294042731344850150e+00
-7.796155238177776781e+00
9.266969540903440716e+00
2.044269645634692978e+01
-1.385814211479448055e+01
-2.369810233757774043e+01
-5.081568604179852677e+00
-8.230699952075029913e+00
-5.237354482957002233e+00
5.708467053410325320e+01
-1.874400603798639153e+01
-5.602261839816923050e+00
3.071497188676874401e+01
2.265193718786782640e+01
-2.955258059068186327e+01
2.501592231383114395e+01
-1.857243691494386795e+01
-3.448172634071942610e+01
5.789824784702113369e+00
4.890942118052146270e+01
-6.154431912710531805e+01
-1.431013895044344864e+01
1.075254644562107842e+01
-1.006892244947519055e+00
1.694540018228105538e+01
-6.417809247604371592e+01
-1.458148668904838807e+01
2.505568294951875430e+01
4.802513458536784441e+01
-4.692088289226550302e+01
6.084267934272928002e+00
-1.890797334839334098e+01
3.374024651640083050e+01
7.124154053522497065e+01
-4.488644827011174243e+01
1.041158792481527229e+01
-3.836130553047479452e+01
-3.024179792748751083e+01
9.924427924773229215e-01
8.587297462165122131e-01
2.174291108716012033e+01
2.331808657411749053e+01
-3.335832805885635111e+01
1.077109090293446414e+01
4.271580030264424011e+01
3.609132480190030634e+01
1.224940072873605956e+01
-2.254017384599008977e+01
-1.438562376317458558e+01
-1.897957622525375143e+01
-2.138320719776466561e+01
-5.939011721867787230e+01
4.866665880111529674e+00
7.079246205845853979e+01
-3.664587882393367835e+01
-5.065724387947351914e+00
-2.287373389182116057e+01
-5.318527970613558864e+00
-1.605899559408202038e+01
1.846246378758893059e+01
-2.531181733800183520e-01
-1.516452835712658143e+01
6.260439925664281446e+01
6.457846845045983386e+00
1.340696416799789503e+01
1.523660927519215491e+01
3.566525350253471505e+00
1.042474242532251516e+01
9.526451680594631988e-01
-1.343246997456242831e+01
2.103135608196647155e+01
-4.243345113173841554e+01
-4.078486648066007092e+01
-3.181821944654522483e+01
-7.704423413603224802e+00
4.065448025701250856e+00
1.834690141997608936e+00
-6.094610496541250200e+00
-1.339865561775562242e+01
-5.564357759324352060e+00
-4.790231181631348534e+00
2.446951805759931631e+01
1.652799425056231897e+01
4.940303613721370724e+00
2.451943962174194169e+01
7.475867365770278639e+01
3.657395196281647287e+01
1.053454812222972237e+01
1.214018610251055730e+00
3.203232540993526101e+01
1.643510324859779459e+01
-1.855138066443484846e+01
-3.729031032569503967e+00
-3.020713923417762015e+00
-1.179665649255482762e+01
4.285577376768415547e+00
-4.247246997608235120e+01
-2.549955580679612055e+01
-3.451782660695856464e+01
6.536689568980457388e+00
2.741382947632425982e+01
7.491168202545933852e+00
5.842561390626874740e+00
-3.060938463003098775e+01
-3.783387112107817529e+01
-2.431416806282549103e+01
1.265989807062330819e+01
-4.706742281381897897e+01
-3.234270755136043363e+01
-3.100232355831081676e+01
-8.282473594174136977e+00
2.328405536650221919e+01
1.085547945168985073e+01
-1.123004630323983655e+01
-1.678664821015868469e+01
1.153890632918544323e+00
-4.130290669365152922e+01
-4.250111694089065395e+01
9.875400311636093775e+00
-1.608817719137339353e+01
-1.660151099232323446e+01
2.453886763340499755e+01
-8.139658535144631557e+00
-1.328441412077208561e+01
-2.128543052507080446e+01
2.184143150767736685e+01
2.575027566393421807e+01
2.500627281458161377e+01
2.276215750862660059e+01
5.782892223113640817e+00
1.060356566079039986e+01
-4.472566533668111965e+00
5.405157561708553970e+01
1.668969403784061711e+01
-5.541334765476139346e+00
2.486560617712164500e+01
-2.610130418351257475e-01
2.237982989940401879e+01
-3.612670936146870559e+01
1.190818375686464847e+01
2.297448076970299979e+01
-7.063215616588758294e+00
-2.550045721293422929e+01
3.815042299339415877e+01
2.596638270959695660e+01
-5.180266715243321585e+01
5.064334676465673368e+00
-1.097037319171137959e+01
-1.990913995088629918e+01
6.906078412537056010e+00
1.619325384186429773e+01
-5.626312491175303521e+00
-2.758163879955257514e+01
-6.571602351950126319e+01
3.069480565369016745e+01
-1.929579077175869983e+01
-1.903783059584705484e+01
5.273456119357145866e+01
4.426899777816530701e+01
2.515764664155899943e+00
1.794571033302145580e+01
1.359676838113279906e+01
-2.736576547211173249e+01
-3.341174694231719400e+01
8.806980962045468431e+00
-3.415920549902443071e+01
-3.274687718965509475e+01
-1.496684662735265681e+00
-3.563229764626257179e+01
-4.421378724321746034e+01
-7.595698352500778583e+01
9.157394077861371606e-01
4.457169518974103184e+00
-1.373433202854202406e+01
3.175782049516922001e+01
-7.633958276387171793e+01
-1.445429203125091533e+01
-1.694661682992472862e+01
-1.741892754298087809e+01
-2.893558445683365576e+01
1.945516271944715925e+01
-1.194921863667089923e+01
-4.948030786493286826e+01
-2.755936502509528374e+00
3.482491202113157414e+01
3.397900695182694619e+01
-2.233419937065098537e+01
1.083548612733339667e+01
-3.729489360270077469e+01
9.218440173216053779e+01
-3.188665949272310840e+01
6.509337667188547449e+00
-7.234161140559114855e+00
-2.120072862268151681e+01
1.250359141340234537e+01
-9.159701170617871924e+00
-4.475846679047296561e+01
3.703556694706124830e+01
4.033189733544484956e-01
-4.320847089738664160e+00
1.292035569110031368e+01
-1.135971918217411059e+01
-5.735372614558787063e+01
2.201854619615027175e+01
-1.383139058398847787e+01
-4.807003608698104813e+01
3.367076510641427434e-01
-7.575198221093500273e+00
7.563315263917766629e+01
-2.975421817796140012e-01
-9.740813233804109572e+00
1.449751311186213698e+01
7.680703990562472327e+00
-1.915452448911626959e+01
3.174985936428837974e+01
1.585400341183771999e+01
1.391062123612413615e+01
2.091330076730734788e+01
2.658623068940982392e+01
-1.733602412902896006e+01
-1.757900182851575011e+01
1.788972690228397866e+01
-1.718299632945084809e+01
1.663462027723633696e+01
-2.028021947753552823e+01
-7.167373152367475519e+00
1.052744381375968530e+01
1.309571090441565744e+01
-1.964074015907048931e+01
5.286982119004646563e+01
-1.289739250880661281e+01
8.978546981175703934e+00
-1.068561593079160943e+01
4.060584102387500138e+01
6.370188956809985115e+01
-3.614588989263990637e+00
-3.131395463459066519e+01
2.549055004899762888e+00
1.729922314566896091e+01
1.247271253429473603e+01
3.304544124871589617e+01
-1.809918354273608365e+00
1.441426562298090985e+01
3.265361841038368595e+01
1.586751530839918445e+01
-2.084572057880592411e+01
-2.054375638301623752e+01
-1.662413613047730365e+01
1.094242157290495499e+01
1.640453474003890477e+01
-5.532448832800719174e+01
2.182632398483980651e+01
-2.557887912578411527e-01
-3.056492375109072235e+00
-4.006155313112939709e+00
1.585904201446708406e+01
-2.934716551449097466e+01
1.559248647662460563e+01
5.626279024267110174e+01
-1.242654554833805669e+01
2.794939898609737483e+01
-4.013867404422024610e-01
5.187646035642254105e+01
8.148929908948042922e+00
6.877260940302308612e+00
1.087974057619304880e+01
-4.140746650480051017e+01
-1.741489999967394553e+01
2.875683516290134634e+01
-4.992848969715885232e+01
-4.176190863124282515e+01
-7.698283878552646620e+00
-4.153106646555891679e+00
-4.868895299226146278e+01
3.495193582412918687e+01
1.886090684970273657e+01
1.367563483720391559e+01
2.531058895843850109e+01
-8.126995101441341074e-01
5.971396367522648241e+00
-3.359996721050820412e+01
1.749527902302917548e+00
3.476886444317808866e+01
-6.289000851573243267e+01
2.223476265131952090e+01
6.919273101676776605e+01
-6.158459866224661461e+00
5.526079370628780651e+01
5.819453871154097513e+00
-2.264740749953273280e+01
3.787436716763735500e+00
-2.093318661244769885e+01
2.990860577733333869e+01
-1.756045413982065995e+01
3.319306292565439520e+01
-1.083446771490243243e+01
8.479308030998047307e-01
-5.215903034306975883e+01
2.323641177297557903e+01
-5.852072426632543767e+01
-1.493331496363932231e+01
1.092760448476549051e+01
2.148403259049879832e+00
-1.394958258044348920e+00
-5.693308854115445072e+00
-3.119365619808685608e+01
-3.036510593955854631e+01
-5.255976558306844737e+01
1.243070554838373099e+01
4.544105978802035395e+01
1.041419188425710907e+01
-9.929124977178883427e+00
2.012477008617234020e+01
-1.958061876488485353e+01
4.290408218934233275e+01
3.955504334265202004e+01
4.240233559550103060e+00
2.418639494626282982e+01
-8.462116321608453617e+00
5.659544856281587499e+01
7.531177395471958391e+01
-9.443921317129467141e+00
-2.098927566614229079e+00
-1.692784712660026258e+01
8.847404065225024539e+00
-2.981851886484337655e+01
-2.673455931622211423e+01
1.547743437256930932e+01
1.521917453462716452e+01
2.014502333618944618e+01
-1.201519513298021913e+01
2.036327462027080770e+01
6.871699650908889012e+00
-1.213567386759410560e+01
-1.916713086048267911e+01
3.235887059432196367e+01
-3.736062491861991219e+01
-5.157050945146475129e+01
3.210206448524048994e+01
2.515144570488812548e+01
3.077490910130182300e+01
-9.767145261586668070e+00
6.072257722358799903e+00
-5.738107974441764725e+01
-4.266794915133806398e+01
-4.704474677369977798e+01
-1.028558002773872104e+01
2.791531552347420941e+01
2.042173691708072880e+01
-4.035946922710080997e+01
5.242304486146907294e+01
3.625056429189037743e+01
2.346289664028595112e+01
2.479201273268483163e+01
-1.452301751294388765e+00
9.141104975816823242e+00
-5.400082152449237327e+01
2.167318135364642728e+01
3.127602841985001447e+01
-1.716486197543117953e+01
-1.376172058770580797e+01
1.921758545757525383e+01
-1.190928477099681793e+01
-3.229399761012147252e+01
1.344447687950752623e+01
7.909659572403136885e+00
5.715213045973671058e+01
-1.107856646639789311e+01
-1.934862920771805506e+01
-3.494012994770891112e+01
2.547134080432396086e+00
-6.878800831863387089e+00
2.720050103845973410e+01
-3.178827706986448476e+01
-2.871108561671622894e+01
-4.546739066617823966e+01
3.988430510012432961e+01
3.578368626407153386e+01
-4.274118365868455172e+00
-2.600723500599236715e+01
1.050992569858158276e+01
5.930973882310642153e+01
-3.770801824754573595e+00
-2.092228718654213004e+00
2.068920678395463675e+00
4.317444951088435090e+01
-4.250723182003412148e+01
-9.951088137807486689e+00
4.799353144202608945e+01
3.084902050227688264e+01
-6.855877086566797729e+00
-3.646399302909046014e+01
-2.208052769483969513e+01
1.373083219440889513e+00
-1.115618163578841582e+01
-3.518267436233302625e+00
2.821141680601053281e+01
-8.277172435985598042e+01
2.699341240219819937e+01
3.767682626193816020e+01
8.570769278901423149e+01
1.183610907390048178e-01
4.342817478606924908e+01
-1.986751519235523489e+01
1.412496090852261688e+01
-2.134409487556601803e+01
8.534704559523632383e+00
-6.478680135541361551e+01
-3.611218269401133441e+00
-4.623108075969125963e+01
-8.317278813232545076e+01
4.381558134580529007e+00
-1.101412508190423090e+01
9.764036384996172657e+00
-3.749405297432880424e+00
-2.171330638758476184e+01
5.604106486909126517e+01
-2.769411285949587054e+01
-5.734181308493610629e+00
-2.360951806803408815e+01
-4.071386237262551333e+01
6.879652852144423036e+01
-5.362830394620847585e+01
2.005766591537570065e+01
6.065094627299180985e+01
1.505317711717306040e+01
1.142873929452562720e+01
4.514174278659937301e+01
3.901597032500426820e+01
-1.610422113370453800e+01
-7.077741522442660482e+01
9.317977626182969431e+00
-9.124939893718167383e+00
5.960488260922879533e+01
-2.559400160352018005e+01
-2.391451712036549182e+01
3.326652372783091494e+01
1.261714029161552375e+01
4.429318246064173081e+01
-3.239724641287178741e+01
3.806261328540320843e+00
-1.101801128673757013e+00
-2.932404882287049475e+01
-9.899522346329685973e+00
-3.066537126713071437e+00
-4.024637276467233349e+00
3.703846894474851581e+01
1.167430618579392920e+01
3.676384336817912768e+00
5.706141756539204124e+01
-6.001787432800618660e+00
1.166233041366361611e+01
2.920250179245143585e+01
-2.566318271372020021e+01
-1.099409798562165186e+01
1.369634209747030340e+01
-2.382530611697700196e-01
-1.940557568702761859e+00
-1.362756961283103330e+01
-6.687013784250795823e+01
2.359488398509872464e+00
6.617761730714130763e+00
-7.124069755223048972e+00
-2.570021559328107230e+01
-5.838005703899041166e+00
3.610685380976499825e+00
2.199362769961339126e+01
4.993555675083943157e+01
4.065374209597939625e+01
-1.903978231932967446e+01
9.354243496636012623e+00
1.395220305573315400e+01
-9.297441827182090224e-01
3.655692848083542401e+01
-3.086730953149243462e+01
1.148775400159756899e+01
2.843041485692895520e+01
1.911444237898666021e+00
1.983655132589063541e+01
-2.687876671053260225e+01
4.057963919177186796e+01
1.117198725676736437e+01
6.018562664924314731e+01
1.435854093173304236e+01
-3.220130683065737287e+01
1.199989291273869263e+01
-5.139490178064014714e+01
2.472604073057642537e+01
5.404075814910206788e+01
-4.672610466173758859e+00
-4.759616656638980459e+01
3.129707993465916260e+01
-1.737739616132324727e+01
4.448282017479258599e+01
6.545497307257289776e+01
3.455434662463986228e+01
-2.682029006182771980e+01
7.226840148720711454e+00
-2.656466659133359443e+00
-4.861893423552345439e+01
-6.280518888400617783e+01
5.592236143640515422e+01
4.610999942913552019e+01
3.777921390996058904e+01
9.755435140681951722e+00
1.305968644102380694e+01
-6.308860092348020032e+01
-1.365499395151411122e+01
-5.449003683713199431e-01
5.107590817116638249e+01
-3.837912863860044865e+01
1.599652973118586097e+01
-4.935561633384692470e+01
-4.606862277544703943e+01
3.245408004310517214e+01
6.344264890472606222e-01
-2.424388247560024467e+01
-1.126122420519592460e+01
1.884297690850829099e+01
-7.189768716355075640e+01
-3.385535133485657866e+01
-8.197910332097173569e-01
-1.985470256498731700e+01
7.973784373914823753e+00
3.821426776333694875e+01
-3.240395998388781607e+01
1.038329012078709823e+01
6.953511826211358482e+01
-5.075160192937029535e+01
-9.878239773929299306e-01
6.100251505300641419e+00
-1.729602352466326209e+01
5.980614672796989595e+01
-1.241895958765879371e+01
4.984466074991988194e+01
-3.599390961281071100e+01
-1.842521793302131883e+01
-4.938485637521530691e+01
-1.253203840483700304e+01
-3.548363584995053088e+01
-5.971342419739313812e+01
3.779163344769514765e+00
-4.738440618292038664e+01
-2.058487373899568240e+01
1.724773901039400315e+01
2.857090343767830021e+01
3.373485015296601119e+01
-2.132540129234618220e+01
-4.372370184138674176e+00
-2.813863181797784208e+01
-2.136042720704375597e+01
1.090149700770491421e+02
-3.015545020446628754e+01
7.502909775230106604e+00
6.114136866245520707e+01
4.461162870402923630e+01
-2.922648849866789078e+00
6.170814960385439640e+00
-6.934321669042956771e+00
7.299121836782686223e+00
2.504700826665272118e+01
-3.066585069059707536e+01
3.107824270182103277e+00
3.232873940861465201e+01
-5.106356877807532157e+01
2.199324984973693731e+01
-1.034617199056300585e+01
3.733140317679609410e+01
1.773716217744812695e+00
2.286893690600092910e+01
-1.520570147628077073e+01
-1.218385943930406867e+01
-5.818005376933398765e+01
9.886783861028581200e+00
8.440191089407019120e+00
7.033142312000610907e+00
-2.182386424680788650e+01
1.165250462081134231e+01
5.453166596613375816e+01
4.421801605258347223e+01
1.758086895722160037e+01
2.039307018264353122e+00
-3.102215522663323455e+01
-1.129307364257588375e+00
8.617705873445038023e+00
-8.070767666906489168e+00
8.325854432104485170e+00
3.201142515947014999e+01
2.318335191159230035e+01
-1.213074534075123267e+01
3.474618270308317847e+01
4.116236220437021309e+00
-6.864694614293290442e+01
1.363670752300850708e+01
-1.620063653513905422e+01
-1.211036332529474358e+01
2.796323091952445949e+01
-2.292671007968379637e+00
8.359299589494584737e+00
3.113917883103732009e+01
-1.344872166376560862e+01
4.439887043228060293e+01
1.346585537428552648e+01
-4.466928620121925064e+01
1.703409557728454260e+01
7.017019078922475117e-01
8.979771249253441567e+01
2.798480267324426407e+01
-3.670006662705361133e+00
-2.045448459932469021e+01
-3.956805224148220113e+00
-6.081648619790124499e+00
3.846965029996686525e+01
-3.845167964693128226e+01
6.406518105583528744e+00
3.642672163394002904e+00
-1.399396049630489181e+01
3.514514172251788438e+01
-3.463689126236227267e+00
-4.603618499328511149e+01
-3.274409652305354967e+00
-1.604916544178197668e+01
8.115533528790150442e+00
6.300525819118264081e+01
-2.552919747090409075e+01
-4.964987649351395049e+01
-2.974776868498383209e+01
2.000529593972344955e+01
3.312377900571856770e+01
4.602531583187128739e+00
-2.687310520954870441e+01
2.408317230105725670e+01
6.644221639586106676e+01
-1.259692457180441139e+01
-9.762062036781216534e+00
3.400795501588959979e+01
-3.264096287707904054e+01
1.065953315340236962e+01
3.315154355872525116e+01
-1.700519347862565311e+01
4.776204573380073981e+01
-4.543626566550322821e+01
1.511253376461921150e+01
-5.848907157322948791e+01
-2.137869619147597078e+01
-6.368103464612943299e+00
1.793234058114072482e+01
1.217519487525350552e+00
2.903442624370817171e+01
3.008800090937509353e+01
2.294038881452150491e+01
-3.262406829515411033e+01
2.677423431698669631e+01
-5.924850962659797204e+01
2.334592875850707117e+01
-1.529856589304317716e+01
2.306282922412005476e+01
-2.734060822940050883e+01
-2.447172389495305822e+01
2.419845250306473794e+00
-1.819403868565176197e+01
1.094598467477665160e+01
-3.727741344840902116e+01
-2.509899267065624073e+01
-5.290515444072577012e+00
-5.592928365396203816e+01
3.398212342554050736e+01
-3.438312054854857536e+01
-7.055235358929862421e+00
-4.261631297920711603e+01
-4.285687668792416360e+01
1.251122961488386487e+01
6.826123170424074260e+01
-1.913222836239464186e+01
-4.065203322021339716e+00
-3.814512722090366736e+01
-2.320846535684726319e+01
3.510269453976597731e+01
4.580512794011532662e+01
4.660423366757319030e+01
-1.809164373895814037e+01
5.272719083781041149e+01
1.946445878798554929e+01
-1.180945127073560741e+01
4.532800416708174573e+00
-1.860304153433295937e+01
-2.237871986388943313e+01
4.248991907022913850e+00
-2.296866802834521337e+01
-1.082968041361150391e+01
2.445927075872342016e+01
-1.383328720994180117e+01
-1.600991098205351193e+01
6.595220712659472895e+01
-4.188750947923928436e+01
3.584272726856696067e+01
3.116014290774294260e+00
1.674457929007201473e+00
-2.269791773059434803e+01
2.268425932192131000e+01
9.895752539366549083e-01
3.116989731973927746e+01
-4.606909174369780402e+01
4.072512197766003794e+01
4.163173456423709240e+01
2.021308905832805181e+01
-3.158199158512782390e+01
-1.908729737577650454e+01
-3.277319917870626398e+01
-4.170780724490657398e+00
8.161408265306731025e+00
-8.485868798310075078e+01
-1.892970610111547458e+01
-4.431793322049457373e+01
4.916956543042159211e+01
5.567167423083537159e+01
7.905052113254054547e+00
-2.600798508111586216e+01
5.084789253901093531e+01
-4.639850270137475263e+01
1.504259934969504497e+00
3.321879367446296527e+01
5.313893627702505285e+00
-3.715849291726337073e-02
-2.461159773935945339e+01
-6.531316485216595424e+01
6.287300732005190440e+01
-2.437014426852551097e+01
2.016821673953397465e+01
7.950266422284569146e+00
3.119554458884831050e+01
-3.537726007864155520e+01
-1.316087622540760549e+01
-2.278767980152127670e-01
-2.256947374969451658e+01
4.918363713712786023e+00
6.557836952565129707e+01
2.921814347477781126e+00
1.629957684753453151e+01
2.782720365291515119e+00
-6.812989189067797824e+00
7.422954060161709222e+00
-7.038666189247396687e+01
3.656714060660733345e+00
6.885845059715505201e+00
-1.767107836435530643e+01
-9.280728729188846060e+00
6.080465460795633703e+01
1.998153684262514052e+00
2.719695015934862781e+01
-2.107036866391044683e+01
3.929978679132343444e+01
3.516617260505527298e+01
3.293075073244582995e+01
-4.628328387099817753e+00
-2.137757515262607910e+01
8.480504445094918253e+01
-4.775576566742481788e+01
4.113300247343487115e+01
2.346807011696278522e+01
-4.098317635326220731e+00
2.799086265823800090e+01
-1.766889785747002151e+01
3.272567375490382346e+01
-2.155534737111326393e+01
-3.848026026167349301e+01
-1.358181199600764799e+01
6.809523271627507768e+01
7.948183544463629957e+00
3.370919157719396964e+01
-3.005110130937309165e+01
1.966519529842137715e+01
-3.381326919509762519e+01
