-6.810073352208826369e-01
-3.088023798537129494e+01
-7.208062894382202046e+01
3.607608004381327760e+01
2.111700468474457182e+01
-3.528001399100382685e+00
-1.468322522083732729e+01
-3.956388318258463155e+00
4.345475544080579056e+01
-6.385782003768639470e+01
1.737313090182905384e+01
6.830110579766270007e+00
-1.546207855842931522e+01
9.529287330989923976e-01
-7.497407872055105393e+00
-5.026581130197261160e+01
7.734855580590420665e-01
2.261466566682264201e+01
2.194262514570450406e+00
2.776788629820709176e+01
2.685907340370292218e+01
-3.016337239554620808e+01
3.415261450794825038e+01
-7.124380661026368244e+00
-1.705962995529992199e+01
-1.138534160826242747e+01
-1.475423033240289783e+01
4.125873788071199044e+01
-4.842189479949404785e+01
1.624051055496208562e+01
1.000896588852393876e+01
-5.654042259523381020e+00
-3.514559653356713387e+00
4.323511904069602174e+00
-2.336354911256285583e+00
-3.166469462496485576e+01
4.432668004108550264e+01
-9.725758745241714465e+00
-4.756212312486642446e+01
9.113914208761253022e+00
-2.771803413054017540e+01
-8.695193483858193417e+01
2.441904207016567341e+01
4.441039078885607694e+01
-3.061565366180451520e+01
-1.429486230631666288e+01
3.230275645205979629e+01
3.949898364848015575e+01
1.603418870294719767e+01
5.220407995024153536e+00
4.996602871569520232e+01
2.634239635398863744e+00
7.209532919312138688e+00
-3.805772046050738044e+00
-5.697280609871245360e+01
-3.665971612386557865e+01
2.236397800156606053e+01
1.708696067288559206e+01
-1.917150152545718456e+01
4.266225927019501540e+01
-2.215133532938385486e+01
2.251937667046860980e+01
3.462157151545374401e+00
7.642568728513173149e+00
2.790676784438167246e+01
-6.500044997919823153e+00
-2.764590502210781153e+01
7.692333462278557299e+00
4.108822169878436625e+00
-1.712719549042439615e+00
-3.558931542480302568e+01
-4.208578042593478585e+01
2.415597555824377096e+01
2.635401963745489695e+01
-2.765098708809117767e+01
2.475355408361956933e+01
9.747856248111000710e+00
6.579994436937546709e+00
2.194730187729484783e+01
-6.316639478374762362e+00
-6.667693699271254104e+01
6.338816081643077638e+00
2.684097447872956899e+00
8.110275733206707471e+00
1.643756327222888203e+01
7.420515726668959644e+00
-4.270830123873185613e+01
2.473153148837160487e+01
1.306937214021074212e+00
-4.495060547266997553e+00
-3.791941357607603891e+01
-6.429007424766912493e+01
1.738698581204867200e+00
1.223712378788859922e+01
-3.774752670415254308e+00
-2.442225582384047655e+01
-1.875851577477779841e+01
1.693604172708603528e+01
4.795709916659359351e+01
1.625870061802964628e+01
-1.695829102878644079e+01
1.638106430037210126e+00
8.705363375525646319e+00
-9.728308928669434863e+00
-6.980881111909417314e+01
4.840165968558043375e+00
-2.679626368889115895e+01
-1.699266902300053417e+01
-3.784215743883933669e+01
-4.846223304790733977e+01
1.522140730975481127e+01
1.293935089348444833e+01
-4.714437713092828375e+01
1.932349845047380654e+01
-5.579943304877335031e+00
-4.918186705681341664e+01
1.060107628989974415e+01
-9.332539482589060853e+00
-2.220966428080272692e+01
-1.781314145777875835e+00
1.533019871825058900e+01
9.119322126139536522e+01
1.171462301422114827e+01
3.009751596481494929e+01
2.124347320029741581e+01
-7.325978396900108436e+00
-1.101238921902144874e+01
-1.081248114819305961e+01
7.110780701177853302e+01
8.180782499462653234e+00
4.547062490895497078e+00
-7.889490868113191446e+00
9.600587152941155722e+00
1.133171010372950072e+01
8.973743790414351551e+00
-7.172133007774204039e-01
6.075541365833492247e-01
1.495092558967702701e+01
-3.721406679852588439e+01
-2.864263645334286679e+01
-3.125109080917003013e+00
8.214721950185156274e+00
2.277634048698411462e+00
2.929882832678742943e+01
1.386247829085818140e+01
-2.685217582564342820e+01
-1.575445366228742827e+01
3.919577205310807777e+00
5.678059615410414551e+01
-1.826568457419901392e+01
1.465286909569686635e+01
2.676672651859644247e+01
1.949693575373518328e+01
8.541491051803218326e+00
-5.024490893814668624e+00
2.062447648786614707e+01
-4.217171381228799198e+00
-4.383181194866852337e+01
1.564916155583456892e+01
-1.602876578277166431e+01
-4.484630906620007096e+01
2.615150375830678442e+01
5.266320492648574714e+00
5.621573837864525913e+00
-2.510260890507256448e+01
1.396161875136730401e+01
2.803333152523763871e+01
-5.212796115281731346e+01
-1.750290676714856630e+01
-3.275946263050176555e+01
2.666919579869083634e+01
2.789959560187140397e+01
-1.065420769852093841e+01
-1.988400210678514668e+01
-1.139239940669681950e+01
1.624613134784320323e+01
1.593689301111857404e+01
1.209546248173506555e+01
5.126571087769495705e+01
5.905465342228987780e+00
-2.001381337401059834e+00
-5.414096148788077301e+01
1.247715482165745682e+00
1.401934705569815875e+01
1.116217502368417236e+01
5.211958659316945131e+00
5.432809417074794567e+01
-3.730944044226106371e+01
1.116080369894977053e+01
-8.284070676651998255e+00
-1.319928235855656418e+01
5.363608125922520742e+01
-1.041576191034600996e+01
-1.770516273638138127e+00
-3.198782392730541346e+01
7.806579303076003562e+00
-2.149224142850056296e+01
-2.105991549992489098e+01
2.723173245072030824e+01
1.832160844940374744e+01
-1.314180229434353109e+01
3.281514989718088771e+01
1.737244198542682483e+01
1.190780041779425247e+01
-4.113296932937346106e+00
-4.953286815577797597e+00
-2.876184433864677104e+01
-1.214013362225552939e+01
3.891043973071617312e+00
-5.245142711859249118e+01
3.277555468178738352e+01
2.380561377881266694e+01
1.659950112796840926e+01
-4.485816634635693845e+01
-1.584673079132200257e+01
7.355582420041918645e+00
-2.205214820744586390e+01
1.293382342309901212e+01
-3.392052512460966085e+01
2.406684047472587906e+01
1.535673934100282345e+01
1.733730381814834587e+01
-9.986361949810515171e+00
5.710596931157890133e+00
3.878755582881897368e+01
-1.334057905809804545e+01
2.204374420589045513e+01
-1.327395744695363788e+01
-4.818015474772553830e+01
5.932177054550226813e+00
8.365309339436597380e-01
-1.506737524884629309e+00
-1.543211987197978807e+01
4.477239604564236686e+01
1.211415511327959749e+01
2.339674853314716430e+01
-2.039944493326632724e+01
2.110396880241502515e+01
2.168686799935838394e+01
-2.126569453286399636e+01
-1.288723388186831720e+01
-2.204396798958395465e+01
2.278952177444393712e+00
9.464261010837272892e+00
2.957493001160893442e+01
-1.236076701627855989e+00
-9.653625114868905399e+00
6.893906995617479438e+00
1.757401945513652919e+01
-1.316284371833380185e+01
-3.601983372965688801e+01
1.305114240006869863e+01
-1.649809995214691938e+01
5.838143123140660862e+00
6.958270533730988028e+00
3.738877945990747520e+01
-1.586017702598435797e+01
2.627477825051256488e+01
6.125347112160519636e+00
-2.200043599719190013e+01
-3.550644291543708420e+01
-3.963881861963707731e+00
-1.120212092266879012e+01
1.600343255058277459e-01
2.365014480444147438e+01
1.730390554724000651e+01
-2.009718038625369019e+00
-7.009316734850182584e+00
-2.200767358009864783e+00
-2.967331083574757056e+00
-1.327654770037991838e+01
4.767770537807561482e+01
2.629507731667570170e+01
-6.324569740261449802e-01
2.317964044541396618e+01
4.696092758896214292e+01
8.302441933633881277e+00
-1.320057114072037763e+01
-2.776135298101719684e+01
-9.710035211110056963e+00
-2.731167207736839941e+01
1.684365314854785023e+00
2.585857759714051340e+01
3.786518662452863992e+01
1.118063079899716428e+01
6.752973643832433481e+00
-8.240280199777400227e+00
2.218733356809244883e-01
3.150914899159984728e+01
-1.159158212237850982e+01
-2.479185563957399197e+00
2.192677342699103349e+01
-4.225477234118007352e+00
-1.591363356510544236e+01
-3.463768928217147103e+00
-1.029502083597900786e+01
8.423226942732785716e+00
-3.647241386465578472e+01
-1.248300502853321348e+01
6.688236714045354692e-01
-3.380024844565991771e+01
-2.559805948890082306e+01
-2.134929104612592710e+01
-1.384155094166253797e+01
-3.450520624747614562e+01
1.374635221015751441e+01
-2.608167027794281001e+00
1.386581407560912993e+01
-6.181027414467839520e+01
1.953016127240971045e+01
3.938895111247238390e+01
1.232166659928236463e+01
2.238845118640988119e+01
-1.765971477515307364e-02
-1.283975132539560171e+01
-3.975604872385844146e+01
4.504993792635032435e+01
1.119793095028527219e+01
-1.347946273155389463e+01
2.094721536750801860e+01
-2.032821966362861499e+00
2.340856637842743737e+01
2.458573987299623553e+01
-3.381968668636718078e+00
2.086149841807890226e+01
-1.193516985814925491e+01
-2.791092387622931881e+01
-1.780676912198267914e+01
1.553167941479340541e+01
7.010764979638543082e+01
-2.694715950599511700e+01
8.520759832060167582e+01
1.671479963605005947e+00
2.686583514499774061e+00
-2.345157350195554002e+01
2.223410358103998519e+01
-7.109946036902432809e+01
1.776624150717504902e+00
-4.707130334387030501e+01
-2.411857291542829795e+00
-1.908716723334875809e+01
1.470828944316775555e+01
-2.497738737431792533e+00
8.281148958286753015e+00
3.545372960018486452e+01
2.803969620452306799e+01
-5.510830185274761561e+01
2.406949371808008209e+01
-1.416476849796388393e+01
6.492865399225370204e+00
4.029105551438634336e+01
1.801595967808649590e+01
4.802829161760092802e+01
-1.180449963687751236e+01
-2.581508405434903253e+01
-2.384759372897757412e+00
2.534328763690884401e+01
-1.396692181500945651e+01
1.448188172071465907e+01
-2.791972259077107665e+00
-4.799378680457408564e+00
2.264356982230494353e+01
4.007358942697643300e+01
3.278516491649744680e+00
7.815915360124748190e+00
3.691807350393951914e+00
-2.684111656577277927e+01
-5.376181335598620770e+00
1.520159633093860130e+01
-1.112687512958289560e+01
-2.520599194363744289e+01
-5.268701825807285744e+00
2.133588490791872161e+01
-8.826013272407047339e+01
1.440223145381038705e+01
2.085773609674556539e+01
-2.879253004727209841e+01
1.811397164148316108e+01
-4.614844357839330513e+01
-6.007395234991915345e+01
2.760177208768415369e+01
-2.181166628304859501e+01
5.413507415662000000e-02
1.145304740163639856e+01
-2.926612429966575490e+01
8.478142965308688161e+00
-2.211937768344677480e+01
4.645298143585181094e+01
3.699818367531594987e+01
-4.124711952407356108e+01
1.289363893259683813e+01
1.093817961727299348e+01
-2.261636651305818546e+01
-2.010420410713085815e+01
4.265883529511948602e+00
3.499656856311256803e+01
-8.657067203355715890e+00
-2.023907588011140390e+01
-7.446517264844400019e-01
-2.064359201297359903e+01
2.310987883568412826e+01
-1.363187291687129665e+01
1.550347462165570178e+00
1.337782878046872881e+01
1.832473486676100993e+00
-8.043208897443431482e+00
-1.413560412579128034e+01
4.063888446050977166e+01
-1.973527602151872173e+01
-4.433173511367767716e+00
-1.197826436567194719e+01
-2.139438922954627031e+01
-3.769681011766193990e+01
3.391503267900036533e+00
2.157661281667098052e+01
-8.345678665237507232e+00
1.398601960049913728e+01
-5.453680865754058082e-01
-5.063420204666954305e+00
4.584015594940598959e+00
-1.793044237026198218e+01
9.481409417375391513e+01
-5.697854631449976281e+00
2.600263062525024793e+01
-2.031773980471584551e+01
4.152726051875363034e+00
5.229037890456499582e+00
-1.247836455383597354e+01
-5.176428497409692397e+01
6.601208886211806259e+01
-3.132443077199844339e+01
3.560933783798817132e+01
1.537236926047061125e+01
4.017416135491585294e+01
-5.814056588652815805e+01
-2.178379805703206884e+01
1.675835655986104200e+01
1.054834320297253569e+01
-1.726077431342202928e+01
-9.969749442953467877e+00
7.479829848686517124e+00
5.170824106917383034e+01
1.491458533542034282e+01
-1.621375133768587773e+01
-1.382696195769679193e+01
-7.013931073166416175e-01
2.309874213147341848e+01
3.854015303839655360e+01
9.438176091580112725e+00
1.108783435814263640e+01
-3.123364479842669894e+01
-1.361720952159490139e+01
2.992132957137292948e+01
-4.377361623778724464e+01
1.963498162872948649e+00
-1.612528129325336579e+01
1.200280435971273363e+01
-5.554611094041344010e+00
4.939971752968950192e+00
-7.075279967436256534e+00
-4.139214473875432176e+00
-1.053523636249937034e+01
2.833307160973864480e+00
-3.713681818958072256e+01
-1.742569165776384210e+01
1.574614219937707205e+01
1.105181887289645726e+00
1.427617674326863195e+01
4.845049604386193920e+00
9.568962356628510690e+00
-6.464950735631346923e+00
1.234459017578949158e+01
4.465131165772101696e+01
-2.255382175612582074e+01
-7.743900184088274408e+00
-3.328807503337912266e+01
-2.608441600269798499e+01
-2.403610514144128274e+01
3.468992050015354067e+01
3.536420199454953917e+01
9.269261814212443440e+00
2.707487422501654351e+01
-5.054641908112451176e+01
-1.296571905402734437e+01
-4.030997483344394894e+00
-2.015020740714535208e+01
-2.759346168253860032e+00
1.844203857092172782e+01
-6.074369460060158588e+01
3.823068234978188684e+01
1.111511827741267133e+01
3.477618592876370940e+01
-1.349355248843467692e+01
-1.901691110613043278e+01
-3.438790855935363311e+01
-3.253537518157637720e+01
-2.151378199346257958e+00
2.315996390469921806e+01
-2.885521505577793278e+01
1.101687298695164152e+01
-1.240472546967427725e+01
2.803650053897527883e+01
-2.367619885047228578e+01
-2.891046192374509616e+01
5.277386565328161794e+01
-2.491391954169430534e+01
1.473031289656921139e+01
7.282519242786687386e+00
1.497519732988309826e+01
3.069581733233308540e+01
6.311227820644999298e+01
-1.374157514398586777e+01
1.133245911605024414e+00
8.337808332643415810e+00
7.498115332520642440e+00
3.844226616753283565e+01
-3.146962260251179799e+01
-7.676655079814670657e+00
2.238718216275203954e+00
6.823132518230108801e+00
-4.938703400750459327e-01
-2.275534173320897935e+01
-2.291718255050900765e+00
-1.532175419763371238e+01
2.220419764131475659e+01
-6.149260509291815779e+00
-2.835050395591490968e+01
3.324491244233409049e+01
3.043242644707200295e+00
-2.890827196738011651e+01
-5.434737589488872977e+00
-3.760673677656164227e+00
-5.091770077298561148e+01
1.280875902631885310e+01
-2.361328097931124148e+01
1.891541361895186668e+01
-2.446683006122687942e+01
2.310273446366291950e+01
-3.486279713244393896e+00
1.789489104317018331e+01
-1.804311072747429190e+00
7.571240262013179567e+00
-1.122537592956934560e+01
1.501446202006381903e+01
-6.517883101893313658e+00
2.408525661366304860e+01
3.885718865926158827e+01
-4.205461354594202561e+00
2.399581243676593445e+01
-2.293659563742390617e+01
1.496253495692275415e+01
-7.593777300326726376e+00
3.588792238781289257e+01
1.263456015793058329e+00
-5.238647911880972430e+01
-1.933306351855106087e+01
2.731835716112286150e+01
2.671453729676815669e+01
-5.414619003467188385e+00
-1.719147241702887285e+01
8.749038098121610929e+00
1.074091101723152342e+01
-9.366269999756551279e-01
1.096946288852706175e+01
2.801306677521868238e+01
3.707752273350212135e+01
-2.309004945401285624e+01
-2.500791174669110006e+01
-1.958189215808780759e+01
4.256501178411655673e+01
-2.467125882738282705e+00
3.033892020914758803e+01
-2.121015372423877565e+01
-2.346010829591299540e+01
1.804830612013812896e+01
-1.492876152481321128e+01
-5.055545396087116394e+00
-1.958728172662368205e+00
-6.075711733067827858e+00
3.616445912131691642e+01
5.202553460622352688e+00
1.694139734199431402e+01
-3.166975293203646302e+01
-2.387646002741292506e+01
2.089407587305666780e+01
3.921001678464434548e+01
5.010345459925084732e+00
7.251062772772496601e+01
9.499537131460385808e+00
-6.975837470357295622e+00
-6.805698497888181819e+00
1.028574534432328313e+01
1.381223128224861796e+01
-3.333637902116228702e+01
-5.840817946146443340e+00
-6.052341232535001225e+00
-4.215699058729178716e+01
-3.588301724060153575e+00
-1.137385642319025258e+01
8.316500807534461970e+00
-3.280235391371193909e+00
3.750279078960581103e+01
-1.691586193223823287e+01
4.711077807176928256e-01
2.726759845135405413e+01
-6.250439222686692275e+00
1.642702725821342113e+01
5.265438787856264469e+01
-4.292993621129914317e+01
1.233156544306855551e+01
3.565363222831249956e+00
-1.166739341816121112e+01
4.722922438278217783e+00
7.304579421250529059e+00
-1.946709228397912383e+01
2.913444085844603570e+00
7.997049821219584409e+00
-8.571129417954112739e+01
-3.264422279550201811e+00
4.118058188201575831e+01
7.313030009077988502e+00
-1.677346978267152977e+01
-2.697405547672828874e+01
1.074622049966715132e+01
8.555068038200937863e+00
4.052699651403579395e+01
3.614579782410385178e+01
-6.089035138656605284e+00
6.548686209749164711e+00
2.043752253922296536e+00
-1.393426898539536296e+01
-1.308145204896264602e+01
-2.876739529303291931e+01
-8.601805197999050634e+00
-9.232868896942678205e+00
-7.107466110855300201e+01
-2.559669957578570987e+01
1.403631467619582196e+01
1.617956301844953870e+01
-1.329955445458529439e+01
-2.104735152585280034e+01
1.654859707281852055e+00
-2.037899120309806733e+01
-2.419724476813522873e+00
-3.324247671942138282e+01
-8.378753808282327853e+00
-4.551948874309288584e+01
2.089269213373109579e+01
3.600783124827582782e+00
4.247759717525411816e+01
-3.742200353893181841e+01
3.486229436096486278e+00
9.913081698999720359e+00
5.374444360873052773e+00
-1.753736703913437367e+01
-4.337770545705700087e+00
-1.001758371353601262e+01
3.929684335630309278e+00
6.699167452734778871e-01
8.673546608793698098e+00
9.292242550751491592e+01
-2.389104083558903024e+00
2.066027232679334347e+01
-2.855112453186381849e+00
-2.922745092537337541e+01
-7.776513459394544192e+00
-3.217213760092722197e+01
-1.913750090024133144e+01
1.744011945077272330e+01
8.688244379979206400e+00
3.116601189925251703e+01
-1.280236182054402150e+01
3.667303713610659344e+01
3.614415778353384923e+01
2.894246385579923242e+01
4.288544033707680114e+00
3.812370089850039889e+00
1.110044003362899367e+01
2.585432929125977708e+01
2.337136612955868031e+01
-2.008545359169251654e+01
-4.456268987553291794e+01
2.480301665545065148e+00
8.889625141315200096e+00
4.328035125028614871e+00
-2.568524392193714689e+01
-3.219164733718353943e+01
-9.028131640757390386e+00
2.249947525023607042e+01
-8.544849482064603707e-01
1.992083045513846429e+01
-2.637110090729203904e+01
2.600258269076190398e+00
-2.437925376544177070e+01
-4.706589540502822189e+00
-1.253331388595622364e+01
-2.700926034631400796e+00
1.745043388589230915e+01
-8.709377438424237283e+00
5.596690731990009482e+01
9.706057804808079226e+00
-3.837231735558034540e+00
-1.238915461143105823e+01
-6.439747297787414837e+00
2.055208790841582456e+01
-5.371850450990694803e+00
6.772331991019306940e+00
-4.262428472058990003e+00
-1.348952928283889463e+00
2.188666052177904575e+01
-1.710049335009521343e+01
-4.946657910150608473e+01
-1.099582607966542724e+01
1.104479967362979842e+01
7.223567241688500928e+01
2.838731520751714754e+01
2.106418657526029037e+01
4.944177521863970526e+01
-1.959973415494982163e+01
-4.595324562377365751e+00
-1.030442791044016815e+01
2.693979141694195789e+01
-2.169106825796630389e+01
-2.327092170504185376e+01
3.634735682549887770e+01
1.924387911505532012e+00
6.168231024965523090e+01
-4.189261887261060302e+00
-3.809910882573998947e+01
1.936081299089613950e+01
-4.845378255210975205e+00
9.293758283950660504e-01
-1.533289527074152225e+01
-2.111804085876558545e+01
7.769254337051856751e+00
-2.804438077910316451e+01
9.135017389213903272e+00
-1.377345130786169669e+01
5.699346063373671711e+01
1.625714682302339043e+01
8.049510669178303601e+00
-1.215667729524846408e+01
1.156552342502944697e+01
3.060061167978987484e+01
-3.427495199088394884e+01
6.299325495837591049e+00
-2.459236069591086604e+01
-4.972753614568355829e+01
2.198287092712608581e-01
-5.444234832431457960e+01
2.678379707966232104e+01
-3.629236499298663432e+01
1.857724451594027926e+01
2.527033314973579525e+00
2.497462515191489274e+01
6.656581673310339120e+00
2.359866662518949809e+01
-3.272709113620147825e+00
2.463155009677083385e+01
-6.916872122410740786e+00
7.538478073673431368e+00
1.152965522729601666e+01
5.275118635871990591e+00
2.839743349429840436e+01
3.669698607015589698e+00
-3.101422743344998878e+01
-1.063911890061454457e+01
1.330019717264394830e+00
3.407325446519144041e+00
7.400593387650931554e+00
-3.741578336337040867e+01
3.660510678031716036e+00
-1.108437040172196930e+01
-1.727306771488672155e+01
-4.064424614307626804e+00
5.373508764303440444e+01
5.192941505709295136e+00
-2.047016855482099018e+01
7.430862222063903566e+00
1.284924956600075241e+01
-3.085944205055090350e+01
-2.317211734862397066e+01
9.629022279874854817e+00
-1.937898513462672412e+01
-4.893672126170775982e+01
-2.262242293740558097e+01
3.846722862280370414e+00
4.931704057774463301e+00
9.710864002417114449e+00
1.612475603492273635e+01
2.724422309794214669e+01
-2.287244841498638337e+01
-5.178429390305399949e+01
1.308252553517824346e+01
2.228764139602859906e+00
-3.137254715408167982e+01
1.795494405508114966e+01
3.801432964761329192e+00
3.302764283481492669e+01
1.783719504594103356e+01
-2.445448385755712906e+01
-1.887797562598544587e+00
-5.906462955342528520e-01
1.921506991064613956e+01
3.718818855628054920e-01
-2.789848763044982416e+00
9.921206000730661501e+00
-8.836415353239654991e+00
-3.154725612834218751e+01
2.677485708994460367e+01
4.151651436930140449e+01
-3.564237678504107976e+01
4.874122503019470543e+01
3.918292664564561534e+01
1.111012856589733211e+01
1.238681190944513055e+01
8.871682272245223544e+00
3.232643739961262241e+01
4.710634217659377398e-01
-4.897597017580290668e+01
-2.557951212269267671e+01
3.666325123383991524e+01
-5.694252778478708876e+01
9.920655205080894490e+00
-3.123302509408617311e+01
-7.902286578918676696e+00
2.295828551120254968e+00
-1.726854360206727179e+01
-8.876153220087088513e+00
-3.130429955504128259e+01
2.637123595073845195e+00
4.379861942122754925e+00
2.827648371768882640e+01
1.368247076872791723e+01
-3.273165851203731336e+01
1.684817380460421887e+01
-1.364245016421260992e+01
2.433179786879518147e+01
-2.042600364862027718e+01
-7.124414860296537810e+00
2.455397944891310757e+01
-8.107356334590461344e+00
3.105811082289550740e+01
-3.925601152336231969e+00
2.270686926140939033e+00
5.369513196973725755e+00
-1.913534954441479696e+00
-1.883948585291013700e+01
3.659987084147773828e+01
-2.309020235334288884e+01
-3.579780055328016886e+01
8.751263572117629508e+00
2.399857067297338720e+00
1.038445042648282879e+01
1.427809588739708069e+01
-8.226997728084502626e+01
-1.929604921169345122e+00
-4.485139166487071449e+00
-5.258902800230224273e+00
-5.575776663526832522e+01
9.226537473900609854e+00
-3.594847899838625072e+00
-2.666531224975661019e+01
-1.302711705021712518e+01
2.173017767322091487e+01
2.677971231282827347e+01
-3.496575903301462951e+00
1.802264728493880863e+00
-7.338223681624529426e-01
-1.743340686649869653e+01
1.755702613015774105e+01
-6.126455591816600155e+00
4.770507861286424145e+01
2.087038346338602679e+01
-1.790603589226187609e+01
-1.642134260413408242e+01
1.589069490337215917e+01
1.325416283607896517e+01
7.917227322336390039e+00
-5.097458584881802146e+00
2.401357576497202828e+01
4.667233823807026560e+00
-2.539702472537994282e+01
-7.064919491313912836e+00
9.979994457278012376e+00
6.783378861425834572e+00
7.000039280036046918e+00
2.106882888718391911e+01
3.660408329964715080e+01
-3.693762503918727624e+00
5.480331285222661108e+00
-1.745382211745509338e+01
-4.405637411544760340e+01
1.142339782404418358e+01
4.438342780881789906e+00
4.498783677084753130e+00
2.416683515071385457e+01
-5.099528261393482254e+00
1.674499853733718790e+00
-1.433859108016750561e+01
-1.413195132578004554e+01
3.307267606621812206e+01
1.110433627185754268e+01
6.907682929133276417e+00
-1.546084181778489075e+01
-2.127702343260737905e+01
-3.930987683547913747e+01
-1.310099010298762501e+01
2.700097187670462517e+01
-1.723292340343759221e+00
4.866926659034814584e+00
2.008044472659893032e+01
-5.635421020329565600e+00
-2.114366404240298536e+01
-6.775508394619392050e+01
-1.323769594757949264e+01
-7.933519123149646468e+00
3.269285442103043948e+00
-1.930604389872069504e+01
3.745833374587240883e+01
-1.046331724527285800e+01
-3.172340190095544354e+00
-1.537823207933540992e+01
4.683236086357861439e+01
-2.630832798803000117e+01
-1.039067381336700535e+01
-3.195388303023877086e+01
1.117109998150810846e+01
1.044891569246779284e+01
-1.535960331306505389e-01
-9.709873872795611760e+00
4.278228702969605735e+01
1.679466124896038792e+01
2.161859020481788463e+01
7.559449014077443074e+00
-2.778001659908517240e+01
2.804514402284797114e+01
-3.652199136628398790e+00
-3.340328575487286678e+00
1.113035271858425901e+01
2.092118220826478847e+01
-1.038752638042958409e+01
-2.782266144769857164e+01
3.868744170483946476e+01
1.242862956374053240e+01
-2.120443153843249462e+01
-9.084637710967328417e+00
-1.151966429285994309e+01
3.314909444803991079e+01
-1.071678621004820009e+01
-9.555843645716249668e+00
5.770078948977027444e+00
1.927204509233439111e+01
-1.016201518003580873e+01
-2.572690559576346914e+01
-9.768742331738593521e+00
-4.872415300267712013e+01
1.584836774239408896e+01
1.865491812372264846e+01
-4.704417422966256090e+00
1.175935604967391335e+01
2.281035008479732618e+00
1.972273917324648096e+01
-9.163545578069824060e+00
-9.647036833050936622e+00
-2.931310173564958887e+01
-3.684625488608764243e+01
1.108624419112267212e+01
3.083621022844249282e+01
-1.443156514760221665e+00
-1.206300352464376147e+01
2.990680712921788498e+01
-1.734779762713489504e+01
7.454764476073489021e+00
-1.175269601431868516e+01
2.438744024508281782e+01
4.518780363101569719e+00
3.334005819801636505e+01
1.447576113646943163e+01
5.785156642871198684e+00
1.523407897140350009e+01
1.401348745818023644e+01
1.330949118267408160e+01
-1.919922460493370409e+01
1.665025703731173223e+01
6.999883038442797911e+00
-3.257195508965619268e+01
-6.793520156294454715e+00
1.605171263666191805e+01
-3.562350315497257469e+01
1.783739380258703822e+00
-1.416160136328318231e+01
2.964290395186889171e+01
-9.033549648255773334e+00
2.809483090840051656e+00
3.184439777932092852e+01
2.795368013540016605e+01
-1.270511327788672418e+01
1.520708339258554709e+01
1.816934735420288405e+01
-5.465732626926578064e+01
-1.983258633404668458e+01
-1.587872230220867564e+01
2.682251709791972161e+01
1.494850300483352967e+01
3.024352699033216041e+01
-4.542344212499792633e+01
-6.373722316948854427e+01
7.851506062705616351e+00
-2.766680980798048495e+01
-8.691264388796534623e-01
2.532290563511762294e+00
-8.066357276415169864e+00
1.641946884400787354e+01
-3.527376772579365394e+01
1.792620286774109672e+01
-3.066340143900436299e+00
-6.893521550340238058e+00
-5.328886445322703480e+01
1.942498586869050214e+01
-3.884632382538610784e+01
9.127713028100375325e+00
-1.728952202785697168e+01
-2.706646061737321673e+01
3.686603326117000279e+01
-2.136006772797194841e+01
-1.097552166783912497e+01
-4.638314530082085163e+00
2.622568424125748621e+01
3.693210406721563288e+01
-7.056656395944196802e+00
3.964738850444453533e+01
5.905783112613349317e+00
2.193440880578863528e+01
2.429273505891680429e+01
3.358071517345640444e+01
3.374094964212899583e+01
-3.120965096250124304e+00
7.951364066421805710e+00
-1.177599396806822796e+01
-1.807921064116788301e+01
-2.409974631415094493e+01
2.566101834603574261e+01
3.307518663142286641e+01
2.918957391015359804e+01
-2.201556762753543950e+00
-1.604610661466286814e+01
-1.051490862107623414e+01
-5.798058486235431630e+00
