3.444345346217435599e-01
1.701629380240755651e+01
-1.822108005394101449e+00
-2.528779388991810251e+01
-3.467475346339915632e+01
-8.690140535988155079e+01
-1.229656723299483545e+01
7.851126749247072212e+00
-1.178693031808394380e+02
-4.512620864899728446e+01
7.463038985542291393e+00
-3.069338312387065315e+01
-1.390703864552998681e+01
3.950436292949470740e+00
1.240524132994815574e+02
-4.632691891405179518e+01
-6.331625763457107325e+01
-3.373910866401319453e+01
1.760798129793288425e+01
3.338313024655625583e+01
3.407771960842313774e+01
3.926424013911888977e+01
-2.197507583617984395e+01
-6.350713338361121885e+01
-4.682170296748469696e+01
-1.917501027828353344e+01
-4.166438343208555040e+01
-8.848389430761658403e-01
-8.623669669189448328e+00
4.230804866382745777e-01
-2.789281542570211414e+01
-4.689799316587041034e+01
-2.271271533452298819e+00
-8.328152146732698213e+00
-3.925635309420053431e+01
1.129540931238496881e+01
3.173550700519329748e+00
3.227061221719246475e+01
1.119273104783128048e+01
2.992906759196873878e+01
1.790568183480480613e+01
3.005762475152884861e+01
-5.401172507566414538e+01
-2.017642522225710877e+01
-4.872500278878020197e+01
-6.022608865018035118e+01
6.940609537797435280e+01
2.347699425859093125e+01
5.709473138328327479e+00
-1.849027828223808001e+01
-2.604684821913443216e+01
-1.396814025419691951e+01
-1.143349710500111804e+01
-7.109576910131875316e+00
2.201107549151186404e+01
-3.760987708979666877e+01
-2.463886253925139158e+01
7.813473972991467065e+01
4.095562573120532335e+01
-5.301274659436026582e+01
1.621551150082164128e+01
2.951727870678368504e+01
2.798633139529882996e+01
-2.238765508812440785e+01
-1.267333025627150533e+01
2.063635801896923638e+01
1.998024763217713229e+01
6.224188035948092335e+00
2.875341362544202184e+01
-2.359152995687866294e+01
-2.193868176515352886e+01
-6.169153219323708015e+01
3.436894729344982125e+01
1.258069346665539534e+01
1.621577051631815536e+01
-4.506221990283110657e+00
2.010428227792665723e+01
-3.482923146787966573e+01
4.724385226281477657e+01
-4.702061433498232645e+01
-5.731471253112719921e+01
-1.947362009852475495e+01
2.230035448176545998e+01
-7.973760557487144851e+00
-1.252129623592415442e+01
1.014527037469190596e+01
-1.134290351499124405e+01
7.342779280556257504e+01
-4.330257303948781100e+01
2.948663705048229389e+01
2.637297601886022136e+01
1.898443792613266012e+01
2.915829877464014075e+01
-2.261435442957219166e+01
6.276439919908094467e+00
-6.534592400063277751e+01
-3.018022455280169680e+01
-4.341933136561024043e+01
5.506625339616100945e+01
-4.107811329638742137e+01
1.858634207534024307e+00
-1.607813399896265949e+01
-8.546892199523844624e+01
-1.244639071993941082e+00
-1.971769756371477911e+01
1.250000904887560438e+01
1.221378335530858017e+01
-8.050284916902493038e+00
-4.204938883005235084e+01
8.918456788194136564e+00
-2.921446033103401163e+01
-3.092511945530043249e+01
-2.860367939911695245e+01
-5.010089403478460213e+01
-1.293281066814481228e+01
-2.677874196072406843e+00
-3.232454269269142344e+01
6.399874240401061343e+00
-2.213466982613258338e+01
9.370240881161789659e+00
1.858158238171812116e+01
-1.341358072067585638e+01
9.477894823297843274e+00
3.069610102807732233e+01
1.427588613167007559e+01
-4.619746313652636438e+00
5.714193136904770398e+01
-4.794699039590534539e+01
1.184601807627464609e+01
-2.208322380663310991e+00
-2.171218088652022971e+01
8.018276467094869631e+00
-1.892196577318536299e+00
-1.059864452947195161e+02
3.890791562696830397e+01
1.030870228504007997e+02
3.845511403337847867e+01
4.885399806428599945e+00
-4.403861037145306057e+01
2.305317489857782576e+01
-3.302022351715989146e+01
2.122820738142405261e+01
1.501665160527740817e+01
-7.992654899152905834e+00
-3.436330015485982869e+01
2.630214854190858631e+01
2.272660253761939231e+01
1.337918928299076526e+01
2.528012381599082303e+01
6.849729242807508278e+00
-2.290490132644484689e+01
2.918252680580056690e+01
-4.746543896887113334e+01
-7.225123633809614887e+01
-2.377812707393210445e+01
-2.072679677646124219e+01
5.658517951172130722e+01
5.819847026280035607e+01
1.179280280486471710e+01
-5.487972540196166449e+01
1.480817622739294670e+01
1.813287191100810247e+01
-3.221187834603778555e+01
-5.176051602141878760e+00
-4.384951932143048126e+00
-1.265721130887526691e+01
-5.089332208333055263e+01
-4.441750100708677707e+01
2.819409902866840234e+00
1.825761954844050550e+01
2.608587955529187496e+01
1.415094664767197941e+01
-8.050836719176597711e+00
2.465986969599704182e+01
-2.216783585814006230e+01
1.433329004626346759e+01
-1.797343265176619198e+01
-1.837123126811277629e+01
-4.626139096804966044e+01
-3.866358982712269210e+01
-4.539439180558498776e+01
-3.202348415632748413e+01
-7.836626709189707185e+01
1.417585013833456387e+01
1.073742425705461301e+00
7.770919902316874683e+00
-2.545020313970792003e+01
6.638128845751481322e+00
-4.049215065059890151e+00
-1.972729974758968652e+01
-9.834225366648087885e+00
8.345948655331689281e+00
-2.156645993679878615e+01
-5.065970809822385235e+01
-5.046838036173819830e+01
2.586066754968635450e+01
6.879793418106499026e+00
-1.806957106849821315e+01
3.046637201986272814e+01
-2.300121231297203295e+01
-4.545296632831750117e+00
2.700330721538438539e+01
-2.649296045702525859e+00
1.019462127267910745e+01
-1.050769056550307212e+01
6.086675205759028984e+00
1.687490940024952923e+00
-2.331696965719461190e+01
4.205958967000950111e+01
6.461222682377393056e+00
-4.089779000435478906e+01
3.303650599535694710e+01
2.248862136088391495e+01
-3.551700086814445001e+01
1.445386632858792986e+01
-2.108315261175119204e+01
1.920198467575198364e+01
-6.544685003810950974e+00
-5.817160398472490890e+00
1.296535727726763021e+01
-1.547789286973771050e+00
1.834984201396627768e+01
-5.166426542798875943e+01
-7.816909282535171588e-01
4.742928878336470255e+00
1.359246932881591796e+01
5.432902716289994061e+01
-6.489178908942282220e+00
-3.741153277270381494e+01
5.267947667947927926e+01
1.634682942580235832e+01
4.478208687155876078e+01
-4.767288303163812202e+01
1.479046349779322256e+01
2.781626557860722215e+01
-1.446535718723742292e+01
-4.742644303880696555e+01
-1.486365003204049628e+01
-2.625633022662831095e+01
-1.785057632490352120e+01
-1.685796829190178769e+01
2.490461877112082334e+01
6.163305313329846769e+00
3.408449829014749355e+01
4.187613314383497709e+01
1.711965857100771160e+01
-5.926457121009081419e+01
-9.637364011731447633e+00
1.292052814442673814e+01
-1.073753408052604819e+01
1.844970622303616281e+01
1.641829784334754549e+01
3.963959710938938485e+01
2.380409679567254244e+00
6.314082161277739402e+01
5.959638356909481516e+00
7.082708200838948187e+01
-1.299821820020912710e+01
6.358316759588457501e+01
-2.206131533788948218e+01
-6.229873987652048584e+00
-2.497033112290983681e+01
-1.730908640435242418e+01
2.751362809562677469e+01
1.371906844756237120e+01
2.583018722332268879e+01
-6.936344225807894226e+00
7.111384425692389755e+01
-7.396814729865395677e+00
-3.667427534245943832e+01
-4.748332235688371838e+01
9.914026751891240608e+00
-3.922537037837435747e+01
1.627750513018380119e+01
-1.897082838186285869e+01
2.027035348309391338e+01
-3.575629977711741248e+01
2.946508499096438882e+01
2.444265846349950522e+01
-4.210416256099864540e+01
-9.993541365281275901e+00
-2.783258744618065705e+01
4.066003839380133655e+01
-4.270026270075307195e+01
-7.210294912903592035e+01
-8.958487379613364610e+00
-2.059468291247770466e+01
-4.153988757099983786e+01
4.346743317765849923e+01
1.785876534220716039e+01
-1.660022446953476916e+01
1.179984329249095865e+01
3.086145313794270351e+01
4.152552282743321221e+00
-5.781979383088270907e+01
-4.161461303915888266e+01
-5.407483027776379458e+01
-7.956136263961863619e+01
-4.097432147569712413e+01
2.636804475876470377e+01
-2.949073587247377759e+01
-5.284866431239092321e+01
2.972121723943525495e+01
1.176490012729627566e+01
4.197793333525793003e+01
4.744456855034687948e+01
4.501547563050569067e+01
-2.248040651489403885e+01
1.174395322866803681e+01
1.289216708984650950e+01
-4.059727483292699191e+01
8.732242596088036990e+00
-1.472220135181975031e+01
-1.997305741946015090e+01
4.669422232075388202e+00
5.188832365191545648e+01
-2.369255776725140450e+01
4.484630857965158413e+01
-1.895045621166006455e+01
-5.739692508379649283e+00
5.682364922445480460e+01
8.798588920563577886e+00
-2.425124998948976085e+01
-1.954701519728117631e+01
1.495811257098837999e+01
1.233729103626682821e+01
2.093018997107124690e+01
1.200863011902363127e+02
-4.501457045105721733e+01
-1.323571569938538062e+01
-1.599243667000823876e+00
-9.097280175982325190e+00
-9.170911864572040884e+01
-3.383251954197114486e+01
-5.310259925346112198e+01
-1.980132656301769600e+01
2.574701792879721651e+01
-4.170262527390605101e+01
-5.624658358717583440e+01
4.639463882989927868e+01
2.404468410843110959e+01
7.546757709323872909e+00
7.324920085093346245e+01
3.740552754584033579e+01
-4.759799274367955491e+01
-2.659547119027124751e+01
5.346128996130093469e+01
4.449727801279739481e+01
-7.042026219136511500e+00
-1.169693302969345439e+01
8.466565813895465453e+01
7.986151423897908330e+01
2.483341116582710839e+01
4.422206937859660769e+01
2.535734246120028246e+01
2.471523984320640821e+01
-3.774366302307717191e+00
3.696909616139546273e+00
2.798360088742746754e+01
1.144662751619343766e+01
-6.260876855321785683e+01
-9.380601047026233985e+00
3.837830444798638041e+01
-5.424838607394120515e+01
3.764964533293967008e+01
2.052938556968513240e+01
2.347491575360833860e+00
1.292542917259574509e+01
-6.329684393742182635e+01
8.426676927062933586e+00
2.852083119420846469e+00
1.991758024313134001e+01
-1.938814691611504770e+01
-1.169788686861319071e+01
-5.912315944476017648e+01
-6.554073361139646892e+00
-4.307499407941465819e+01
-2.109741766403219287e+01
4.406539069051594737e+01
3.085772045972134237e+01
-4.370527956351835286e+01
2.245783820162170130e+01
-2.822168480566176640e+01
3.443061041214583184e+01
-6.252267390630493082e+01
-4.052981353740729098e+00
-1.084774755603136853e+01
9.977985463859008419e+00
-1.476968478206238977e+01
2.268370531818844427e+01
-1.194728617762001832e+01
3.231056185831065619e+01
-2.451470593800485265e+00
5.306243009603230121e+01
5.956457819345183680e+01
1.001298711337438618e+01
1.340867014973281535e+01
-2.831890222147830727e+01
-1.126321146524857575e+01
-1.285060910512552823e+01
-4.040609432442526838e+01
3.689239687810590596e+01
-1.458255052257180573e+01
3.480809714124062282e+01
3.971325262268756262e+00
-2.455856041593137462e+01
8.657662672678996252e-01
-2.921754284531239065e+01
8.288135050762511469e+01
3.593087265090494498e+01
-1.954338550447612022e+01
2.179898397931745180e+01
8.965197114996901462e+01
-3.663767647106526937e+01
-9.518750852171483645e-01
-1.254070620269112801e+01
-2.638868986625475088e+01
1.803174946003795043e+01
3.763574706049809748e+01
4.001471573339795640e+01
-2.797935520360285366e+01
-7.729827456270734309e+00
-6.009745185883801355e+01
-1.831247198567503620e+00
3.285130762846630859e+01
-7.402832094076660496e+01
-5.500316182871021198e+01
1.680432062716304031e+01
4.362285039720559610e+01
1.447948338601394092e+01
-2.659627866552089870e+01
8.141017549168827472e-02
5.796187629800529706e+00
1.399967007437703792e+01
4.484026275160863939e+00
-1.232550121827783229e+01
-7.282760916998225298e+01
-7.182474541489088260e+00
2.705723636343343941e+01
6.525697719194580770e+01
5.795699983607398309e+01
7.201207277908838478e+01
2.483288654411756724e+00
1.077652390012034367e+01
-2.478610816242069959e+01
-4.869845436474631128e+01
-3.524097145046911805e+01
-5.019550573044082853e+01
-1.741021045739564954e+01
3.224465550412634229e+01
3.674917299098199752e+00
-3.021097769251131382e+01
-7.612212386651791007e+00
6.407525571853878432e+01
3.483680114802437799e+01
-8.577639806963714975e+00
9.644604966950275582e+00
-1.405529854983237570e+00
-6.597938646219702719e+01
5.271891530871270959e+01
1.120348129075025767e+01
-3.766942514874037329e+01
5.465704817392557757e+00
-9.175617297517790760e+00
-2.034470579371492960e+01
6.006200359861761484e+00
-1.180808183063333772e+01
-2.467081283785312351e+01
-3.867068603067823407e+00
6.163470154027799630e+00
-1.870744228886390204e+01
-3.635405970119202124e+01
2.125275405830895181e+01
1.529244916803062360e+01
-2.513868352180388044e+01
3.029856543963909843e+01
4.036066054891759336e+01
6.851193288066388831e+00
2.168431279483164786e+01
2.437586766503320490e+01
3.165373969099690044e+01
-3.560307438290573145e+01
5.500532847057317376e+00
-2.292135577526849488e+01
1.290672612993007462e+01
-3.087288578869843647e+01
-2.377707089899435999e+01
1.348615433700550525e+01
1.389529786720500049e+01
2.104063898501426166e+01
-6.737489995238016149e+01
3.502180832627565366e+01
-4.636950656720345876e+01
-3.144439162279237010e+01
-2.575015006743661683e+00
-1.604912596748134135e+00
-4.254381794355595048e+01
2.818297964329648408e+01
-1.175568201580148120e+01
2.745834231762897204e+01
5.572548040388694446e+00
-3.243263408006976789e+01
-2.958117929321918194e+00
-1.210358746199182036e+02
-6.034446455908360818e+00
1.422487247092498208e+01
1.880812740409272621e+01
1.875339089520933555e+01
1.458131483022645281e+00
-1.625693529405482707e+01
6.418339669289093941e+00
4.215894327900819150e+01
4.587581334389678034e+01
-2.568146942388121801e+01
-3.202209005535802788e+01
-1.794917672610032255e+01
6.474026448131277256e+00
-2.513961520375381653e+01
-8.104829451709846921e+01
-1.449999053089976719e+01
-1.888900592085809649e+01
1.484658580745105283e+01
1.121802403373672696e+01
3.847617515652731868e+01
7.117572616662285689e+00
-7.455584170834360691e+01
1.590947934197180658e+01
-4.632007388948308346e+01
-6.919175636797309181e+00
3.115816065876498087e+01
2.183034452829305749e+01
-2.791196902352869103e+01
6.282942133141327901e+01
3.584242422695554353e+01
-2.930863873383906792e+01
2.132405872431252547e+01
-2.934149049544488719e+01
-1.405173715751575081e+01
-3.427648067240130558e+01
7.869464259984013665e+01
-1.225964105398157322e+01
-9.831554029404024675e+00
-1.463445783004098644e+01
-3.400714290345946011e+01
-2.932559521272206382e+01
-1.171368690657850387e+01
4.327089273534414637e+00
1.365520160888502410e+01
-4.163804527764276031e+01
5.098568758036310378e+00
-3.146093659315566171e+00
-3.501034071131513548e-01
1.626640280156094320e+01
2.185653790322702861e+01
6.445833303569771999e+01
1.598591503973286265e+01
5.192977345983877768e+01
2.789404049931471619e+01
2.041554967897763362e+01
1.251051815962528124e+01
-5.664851916659074504e+01
-1.573225605246692993e+01
4.519073576153480332e+01
-5.391422118261176166e+01
1.039717366229804263e+01
1.742753423939285184e+01
-2.589295752922009441e+01
6.297055325899862055e+01
1.135833922917017702e+01
-2.041224197694164388e+01
4.720020241206914591e+01
-1.463581643321563597e+01
1.390782537165631361e+01
1.379282423566469618e+01
-8.492255797368523318e+00
1.635166060767569318e+00
-3.365838451106289853e+01
6.433518837303077476e+01
2.325280481756687223e+00
-4.424234659713039264e+01
1.666379794214771337e+01
-4.780524908294132125e+00
3.745720918417876533e+01
2.074357865647019139e+01
2.167334842955686014e+01
2.212449852804142481e+01
9.628999412029928351e+01
1.547823708205998905e+01
5.722118397725597561e+01
-5.722522344773931735e+01
-6.340900600698953582e+01
-5.519918240490402184e+01
2.405196503997961699e+01
-1.483055361888129475e+01
1.805721187028601626e-01
3.244664296814321602e+01
1.297586271764487620e+01
1.300585695519087892e+02
7.544698926363079750e+01
3.437677180705377111e+01
4.414651507350949089e+01
1.668708790964030442e+01
1.019937550720212016e+01
-4.362883609323493062e+01
1.753829686371685170e+01
2.102007373980199390e+01
-5.127316118223555463e+01
1.423475763857318022e+01
9.434688019079409571e+00
4.681470379253248382e+01
1.045132818995766044e+01
-2.593722814062168780e+01
3.004749357840468349e+01
-2.383815760738535161e+01
-4.849194494066102834e+01
2.308801023091634974e+01
-2.628668457987753282e+00
-5.271996692370373694e+01
2.799313384031705354e+01
1.656048567418781658e+01
1.652558728848980962e+01
1.736614000900935295e+01
6.678396423488357492e+00
-7.404866599332807553e+00
9.583244659842877766e+00
8.223654472312628627e+01
3.941491990364268894e+00
5.390839773954156300e+01
5.008564455633446499e+01
2.426752364070987511e+01
1.167853769224858951e+01
4.026250864756376302e+01
-6.061527811753860817e+01
-2.735127713256235893e+01
5.076936884786741189e+01
1.535059691394994985e+01
-2.762183267352518712e+01
-4.961584895815070695e+01
1.764897738201256772e+01
3.973803952697870301e+01
1.094316621742224171e+01
-2.268583423945404576e+01
-1.477215059231738081e+01
-7.296151882021740676e+01
-1.257484212881619001e+01
2.524389377526619782e+01
-1.609684697881942128e+00
2.599570509974254406e+01
-2.266895485558015011e+01
-2.554684867369854828e+01
5.772929170168906410e+01
1.720891238971754111e+00
-3.334040225320076267e+00
-3.202702763702899347e+01
2.725623272884528703e+01
4.540246825465938230e+01
-9.844272783347326694e+00
-2.301087684320842541e+01
-3.171890207964688102e+01
-4.251326540918212515e+01
1.179893262323747027e+00
1.129020603107280785e+01
3.227601351844334943e+01
-1.065408653199646771e+01
9.902967058770688169e+00
-2.077030855626571082e+01
-6.643088544926421868e+00
-2.509800462188246684e+01
2.004072057219867986e+01
7.364594400383015937e+00
2.174256054690610895e+00
2.127105844800696843e+01
3.486062367310640298e+01
-2.752032723880111575e+01
5.419643468855832680e+01
2.136760528258276004e+00
9.633836438934729074e+00
-4.448878020945733169e+01
1.106164448893898467e+01
-1.001561054904425063e+01
-4.390464006180057766e+01
-2.629884757321877231e+01
-9.215341485971444868e+00
-1.881977466256524067e+01
-7.631006970497490727e+01
1.263147915145131783e+01
2.516888453931965586e+01
1.052684056335171725e+01
1.056097879987835952e+01
-5.841524639267641561e+01
-2.097666401972918138e+01
4.745857698470609876e+01
3.667099754383471577e+01
-2.695594231364810867e+01
-4.272967955141211149e+01
1.123522749986386460e+00
-3.687693969723379595e-01
-2.681306459354891203e+01
-3.381328655546163908e+00
-2.113185069026619800e+01
6.569182247305062106e+01
-4.933709520601225051e+01
-1.261095793210933991e+01
-1.738488953053070052e-01
1.666457645425864698e+01
6.987766433132692967e+00
3.565958000244911830e+00
-1.880280660525442471e+01
2.132932839549426873e+01
-3.737095654236970876e+00
-1.822728977440698372e+01
6.977035696447493329e+00
4.217400119139772841e+01
2.483750779629850314e+01
4.725373853263177182e+01
2.331559796447395883e+01
4.609683186901873597e+01
-9.015498637494310685e+00
-6.109956254666022346e+01
5.812126080632448177e-01
4.356883190734065892e+01
-1.603359694299449911e+00
2.864075280633661436e+01
-1.503656641176229414e+01
-4.168517546879920133e+01
-4.509665566784255475e+01
-1.292595536525390720e+00
1.945593580766072961e+01
3.914822729289731740e+01
-8.011263241768025622e+00
1.417433680268233687e+01
6.392822329369841583e+01
-2.100590256794339972e+00
6.974519537890060406e+01
3.935501709702114681e+01
5.931734377529104485e+00
-1.196358011094357021e+00
2.201432777997520240e+00
-2.620291145901420293e+01
-1.805486114214174620e+01
-6.056381944483015189e+01
-6.427494625518404803e+01
2.327684494993210507e+01
-3.132478193696147528e+01
-3.959188380210055591e+00
2.522717765932939926e+01
-5.653476328704975629e+01
-4.024955368933379241e+00
-3.462450925809673663e+01
-2.084881943398421100e+01
5.382730792062027980e+00
9.913308511819364455e+00
-1.317008115862643658e+00
2.077827605874315609e+01
2.678070714347262182e+01
2.863058187202801808e+00
5.366939388636278352e+01
1.017262808685902442e+01
-3.082539103965135752e+01
-3.279164988706898498e+01
-1.392436294373309913e+01
7.004307307774624292e+01
1.522018287856774243e+01
-3.802751676415496718e+01
-8.450972601885315072e+00
-7.489148789695607888e+01
-3.256081979993410869e+00
-6.515561811515634361e+01
-4.275266089768183342e+00
-8.384410646200215478e-01
1.946103682560363879e+01
6.044812683430711076e+01
-4.569935991110278906e+01
-2.426314549305413237e+01
-4.339986856724613062e+01
-6.850799475984064024e+00
-8.111427077291338605e+00
8.227715926670585489e+00
-4.400151817048822522e+01
-1.788713047775819476e+01
5.855692258506135772e+01
2.333734391693353416e+01
-3.121131137240877251e+01
-2.791426018462615133e+01
3.618371967332642924e+01
3.431179884199954699e+01
-2.813663560732041446e+01
3.483114856506439594e+01
-1.175253810108994657e+01
-2.910724106644836695e+01
-4.132863903170944297e+01
-1.674051826407761467e+01
-1.637099390548274869e+01
-7.025660832353221963e+01
8.569342998876114947e+00
8.680260942904771682e+00
1.780650384912208040e+01
-3.637962355545182191e+01
3.300632349832950752e+01
-1.475408141504776793e+01
1.860895800373998554e+01
-3.119667348791297812e+01
-1.208859495284409391e+01
1.624433203083232158e+01
1.046120088927718905e-01
-1.347809551240485249e+01
4.766123715454339305e+01
-1.030043377071942601e+01
-7.503565818686667832e+00
5.474339289401873643e+00
1.606334852169166183e+01
-4.440026672305590338e+00
2.137425755335595312e+00
8.963161311525276176e+00
-4.384546601388426268e+01
2.936407738873830908e+01
-2.596914483986022759e+00
4.472509891819341732e+01
-1.219747402594160413e+01
-2.589402624439641087e+01
2.233401661610377076e+01
-1.600882094479757001e+01
-7.297589171391045682e+01
2.744025396840659425e+01
7.553968186862774381e+00
-1.160417863439740793e-01
3.806306521374682461e+01
-2.149848547579992442e+00
5.865499376598263259e-01
5.283529783619423625e+01
3.533559794069869042e+01
-2.480377934109026938e+01
1.159093869542791744e+01
-1.876294968660559448e+01
8.977440095997023528e-01
1.300493423755722588e+01
-5.631103332207306522e+00
-9.340091938154943207e+00
2.244899051134497014e+01
1.617762265772150343e+01
-2.201961016537467941e+01
-2.861370673940573894e+01
3.714564775598845614e+01
-2.876260325862745404e+01
7.194004953131649671e+00
4.934143444359838071e+01
-1.093301010789122785e+01
1.396731933024138961e+01
2.913701087825731406e+01
3.408279308544178576e+01
1.795576682229643728e+00
-3.893141855105684357e+01
-5.578051913658418215e+01
3.405796209667211372e+01
1.733467906592667873e+01
-3.109490894953063034e+01
-1.661392538588421841e+00
-1.288578064218427066e+01
-6.344395072032393834e-01
-5.004944531560551191e+00
-1.394891269668175937e+02
1.274070360215209874e+01
-6.157975794982119311e+01
-1.296925627565243744e+01
-2.443631905564829765e+01
2.243441761344652008e+01
9.860004160606576917e+00
-2.302191251223521107e+01
4.836012223727901471e+01
2.510872824301728645e+00
4.698675454349352520e+01
7.584381462291327125e+01
5.574970698786050782e+00
4.190832634334761764e+01
5.725054744596142342e+01
4.391204187637942624e+01
-6.254307124463506895e+00
1.189615531172507445e+01
3.503288701138862393e+01
4.775119526554659188e+01
1.729534208442631993e+01
-1.107743732665826997e+01
2.673069652573819255e+01
1.126502444025866012e+01
-2.108300615525888944e+01
-3.767604596500552105e+01
-2.460194768443080093e+01
4.296005624695749425e+00
-9.959314676335363714e+00
-2.132072068614101568e+01
4.699316965357299125e+01
-1.000293305366234975e+01
-2.060654749731499091e+00
7.182578338025944475e+00
-2.293490796084390126e+01
1.484371635370104237e+01
-4.579602161673830807e+01
-6.440513723964684800e+00
5.495887451325465634e+01
1.188970907557106393e+01
-1.394339432501104170e+02
-4.635285458229518873e-01
-7.778779533528304313e+00
-5.295344383246127506e+01
-9.868082469513423405e+01
-1.759784329228641298e+01
-2.468532724137218182e+01
-2.968225597802946680e+01
9.723877654475213461e+00
-1.728391934767573801e+01
-2.948616970993875697e+01
5.661392164106016622e+01
2.149813829709256652e+01
5.017870257891818397e+01
4.935638639822256124e+01
7.771831592440527459e+00
1.815422999430592199e+01
6.125551225659068422e+01
-4.422340703125301076e+01
3.667020970116619338e+01
-4.002091284183928366e+01
-5.285831504635457812e+00
2.102335325709072578e+01
-5.864689100268946298e+00
-6.358368283566873913e+01
-1.684203934931041857e+01
-3.997647427517289742e+01
-3.488034730840578845e+01
-1.676749658555915401e+00
2.141775344383914970e+01
-2.927522612538874824e+01
-3.521187648967939454e-01
-1.744109844241237184e+01
-2.775360097849864971e+01
3.057381742379374323e+00
3.937021644476284621e+01
-3.078749874819307664e+01
8.395137103565966541e+00
1.340538455196723655e+00
1.236514147405610231e+01
2.564102723798913885e+01
-1.128834106576798391e+01
6.327995991536084830e+01
-9.181957729810532598e+00
1.067765999706783475e+02
-3.804160224067326368e+01
-4.269233391100407005e+00
-2.393783181512252156e+01
3.741508117225936303e+01
4.689601707568368738e+01
1.940158189600248662e+01
2.524300872642961657e+00
1.921041533743778373e+01
5.006000574906705936e+01
-1.486467009474990597e+01
-6.890530548213176587e+01
5.167063950767044389e+00
-1.584727463856329877e+01
-3.994123241456414508e+00
-6.039190615299641962e+00
-5.061779587525170321e+00
4.834159855012532603e+01
9.622907584337763609e+00
2.364359353807878872e+00
1.595164997006724228e+01
-2.246827812292585236e+01
2.259889754831793240e+01
7.596334618390640969e+01
1.708704953779931657e+01
4.115283481797900045e+00
-2.610793012922571776e+01
-6.664200842918136303e+00
-1.354665201027401444e+01
2.413066963033385548e+01
1.545080418972540848e+01
4.669530568702813156e+01
1.299684418554753940e+01
2.529886346608325809e+01
2.098495811688336232e+01
3.677247303067803585e+01
7.636117055553832245e+00
5.160325491757382110e+01
-1.782341280869244482e+00
-1.586288920510831346e+01
-1.150340574911122360e+01
2.919716749097625552e+01
-9.731824572170413745e+00
-2.741685985707627005e+00
-2.750656469731373477e+01
-7.973675138032861653e+00
1.855652854930820794e+01
5.758036683143959777e+01
-1.184912114855813670e+01
-2.668037741139865915e+01
-6.291253618291094085e+00
3.925658593316216916e-02
2.548586273261678059e+01
7.437634517093896136e+01
-2.421918707096171275e+01
5.682091401094080396e+00
-1.204938023161643024e+01
-1.391120572845591674e+01
2.974581216033477915e+00
-1.169021444744711502e+01
2.271106575630212632e+01
-8.686065195207042677e+01
2.454578595908533600e+01
3.230705057973654704e+01
-3.136451471889155584e+01
9.606368305226137494e+00
-2.593576044559704474e+00
-5.188624250396575377e+01
1.917646501827683281e+01
3.272860648714788567e+01
5.428245471101268649e+00
7.671912313763093039e+01
3.846981815787284376e+01
-5.012701168663461004e+01
-1.701862303659097364e+01
1.174267727968178576e+01
3.250811264585217941e+01
5.806949599606191725e+00
-3.805983456729624947e+01
4.384866547374537049e+01
1.584259501611392285e+00
-3.246460938303146548e+01
7.504823908332269866e+00
6.893851594261678883e+01
2.701379529734917995e+01
-2.494513407941742855e+01
-6.629742830484884664e+00
6.729186551271299166e+00
-1.338041966457127785e+01
2.541536867476623485e+01
5.599231602465561508e+01
-1.598824607276651300e+01
9.074758494904875761e+01
-1.996875675005585293e+01
-1.134168445342279163e+01
1.796717278777004267e+01
-2.311228053510115288e+01
-3.662696058081225914e+01
7.270766088994345466e+01
1.505534995405688825e+01
4.665784500298421733e+01
-1.368421005462079165e+01
-3.169066150255968939e+00
-1.599583261323463290e+01
-3.511637229518692749e+01
