-7.016730457590313996e+00
5.734029251905521107e+01
2.177604741076606842e+01
7.444874139952208481e+00
7.460532955786291609e+00
6.909509707979524684e+00
4.710233026419339808e+01
3.798735589673334090e+01
-8.292039128647207491e+00
-2.792991061986358048e+01
-1.215270460082012427e+01
1.547950664517301789e+01
1.682105688629263440e+01
-2.528931320821935103e+01
2.662018840658004759e+00
-3.662326714808092021e+01
1.864018715126962267e+00
-9.799638479138399916e+00
4.206740595432060559e+01
1.315826568858907919e+00
-8.784899792336460678e+00
-1.792854730026664356e+01
-2.544873889367306319e+01
-9.446230846446962204e+00
7.069116720842503199e+00
1.248853067378197235e-02
-4.096920520205114258e+01
5.400210994245586704e-01
-3.858662326260395758e+01
1.271195735518337955e+01
-1.566318480522138845e+00
-1.033445594722434002e+01
2.962240837311778918e+01
2.137788921856675017e+01
1.888149833509614339e+01
3.920234049660444242e+01
5.551737025604532860e+00
4.907921427304356143e+01
-4.277988112491933492e+01
1.312528240130275670e+01
9.415605915816488647e+00
1.926265537615232404e+01
-2.413263560874247204e+00
-3.100972091158894628e+01
3.656280062632863093e+00
1.248236082424536164e+01
3.624631803062810320e+01
1.175959175533791257e+00
2.750138235834875289e+01
-1.130888638458162987e+01
-2.384772666063860669e+01
1.678881128751061169e+01
-1.832726431596432448e+01
-2.213536520298763222e+01
1.953130974449217661e+01
2.168720030720109904e+01
2.474987529522749341e+01
6.062557217334396675e-02
1.665787185010672644e+01
-2.058056595978301040e+00
4.212066558851468301e+01
-3.559452842908749659e+01
3.651600715709196265e+01
-1.274902111570181340e+01
2.220109758316297643e+01
9.266670649298472284e+00
4.794086167081969307e+01
2.078750557805070542e+01
7.639363243206431342e+00
-2.385063554231622618e+01
-2.701106438252479336e+01
1.608153017410959151e+01
6.230040862762912468e+00
-9.114193654714451753e+00
2.938016060224249770e+00
7.872582622741871816e+00
3.131364145021939294e+01
-1.623269573486666317e+01
2.522646013659795372e+01
2.163470626766526905e+01
3.013143518663178000e+01
-5.541145836842456873e+00
-7.152493188435150273e+01
1.795928692430926787e+01
2.559870877070830986e+01
6.472529474258132964e+00
-2.727545500180347204e+01
-2.018973950046127896e+01
1.427527173252527870e+00
2.590670180886307605e+01
1.191575386824703653e+00
-1.964931948166412212e+01
2.948873070816400599e+01
-3.430555849295741311e+00
3.966663092356411902e+00
-8.928608640104767957e+00
1.488193111592386053e+01
-3.190849034029170195e+00
4.649233722991872497e+01
-4.621124454573668316e+01
-1.641184929445321572e+01
4.016284996754723835e+01
5.665611048094908853e+01
1.110491562553695744e+01
1.412759054963704575e+00
1.845534347690815480e+01
-5.211975377348141869e+00
1.661568695142184993e+01
2.971499784978761838e+01
2.892862134946111752e+01
-1.775985153088485902e+01
-3.487719672503688173e+01
-3.197223949408613564e+01
-1.718413505197562330e+01
-3.122287000111441113e+00
5.114131161918782364e-01
1.667492446872237721e+01
-6.403184732636256760e-01
-1.099766751755204552e+01
1.009882839532672527e+01
-2.969238803726077336e+01
-1.243492231387558178e+01
-1.511097357709591016e+01
2.922446882574671534e+01
-5.577146812944918963e+01
3.101443662336987828e+01
-3.282063029865918224e+01
2.642948882148914791e+01
3.345827228016259625e+01
3.128872951206780773e+00
4.394037438221769065e+01
-1.050921530421547168e+01
-8.563641120357385006e+00
1.568714605049544097e+01
4.100807040383288893e+01
3.054278791329702258e+01
1.941582416590198079e+01
-2.466088549598388724e+01
-1.924734199601772033e+01
-3.714745904689665679e+01
3.073199719367466543e+01
-2.330936812900136346e+01
1.859488986101428054e+01
-2.036349324639668978e+01
1.727591976005707020e+00
-1.916174403050150943e+01
2.397299034763801728e+01
1.764800556514902041e+01
4.259220645404747785e+01
4.858338169926200045e+00
2.762934195069812304e+01
3.017012423611461358e+01
3.435279612621758361e+01
7.624123498789751707e+00
3.837700915109201638e+00
1.617760156284396800e+01
-3.162548351563249227e+01
-2.001577362853345576e+01
2.212148364572297154e+01
-6.691256030340687389e+00
4.930467833522513388e+01
-2.346517795285830488e+01
1.203787902703794543e+01
4.282795804939151196e+01
-5.923906878558737432e+00
2.900484733249512104e+01
1.553108654602140071e+01
-2.221640509826430687e+01
2.001310687316143699e+00
-1.538877978030386551e+01
-2.742099721299892678e+01
-7.765841729873669053e+00
-2.148768691327892100e+01
-2.051504972660830717e+01
2.500888886956639467e+00
9.271774321762944027e+00
3.306056644913678610e+01
9.917209033788214612e+00
2.479279273500941372e+01
-1.686360482490020374e+01
-1.442570978813275318e+01
-2.408753578832448028e+01
-3.417614449113824548e+01
-6.724038240629386820e+00
2.044163215719407134e+01
3.271413887114480445e+01
-2.012757828018960993e+01
7.476416605643342095e+00
-1.346257286363240802e+01
-1.138222000179684734e+01
-8.535866557102316676e+00
9.822557190073871070e+00
1.546638468604685812e+01
5.434720768475952468e+01
-5.310373934691931197e+01
-1.772868421519120119e+01
-5.436663216735666282e+01
-7.680250972387012709e+00
1.225393862508709653e+01
3.518691274557969262e+00
2.363635110684781893e+01
9.779188177894665657e+00
1.146230000273155447e+01
-1.494980438587441895e+01
-1.004118465064918198e-02
-1.462008153071291261e+01
-1.602934329207648645e+01
1.096068116050110008e+00
-2.490603853360039821e+01
-1.380567281427460102e+01
1.044314072791282655e+01
-1.904027188476092647e+01
-1.728482033120115702e+01
1.649153873276581095e+01
1.324387091800082494e+01
5.562478143297430222e+01
7.539240714195665305e+01
1.299480593050185462e+01
3.456081374541969353e+01
-4.374922685028643343e+01
-3.940178409651487357e+00
7.233619269740200863e+00
8.781890510361417768e+00
9.176453037927688738e-01
-1.884165358213255104e+01
-2.754861026621814801e+01
5.341043122572589397e+00
-1.073904022420817483e+01
1.424278570127536447e+01
2.997097737441392340e+01
-1.098608680401311766e+00
-3.371630579909417946e+01
-2.130418091720174800e+01
1.867550010570043995e+00
-2.227047451142276646e+00
-7.079669612170930826e+00
-1.239722508709171578e+01
-1.169996907303173650e+01
1.927333957616473370e+01
-1.443367007787966116e+00
-1.152606420436690549e+01
-1.841666161299216142e+01
-4.733583063354835474e+01
1.352722828031749991e+01
-3.569920785578473499e+01
9.424243295828402367e+00
-2.148178372584290940e+01
9.920077938779456872e+00
1.229792654546147368e+01
4.290479616539472074e-01
4.270328349602262819e+01
-3.500619080852224840e+01
-2.591074278178848722e+00
-1.863016924607963531e+01
-3.094909081904891579e+01
-7.996550228391978710e-01
2.182351250737826476e+01
-2.446064000816523176e+01
-1.086565455257553303e+01
1.024568813894580366e+01
7.602044545932486130e+00
7.930623424191154847e+00
2.198011539248727075e+01
-4.560882502852781961e+00
-2.488234363258593973e+01
2.041684929144492955e+01
-8.157723435253409150e+00
1.012461239023950021e+01
9.732645164084281930e+00
3.829908957299956995e+01
-4.717993406792384548e-01
-1.760772475106693236e+01
-2.355421181269204922e+01
5.343484687217767970e+01
-8.643439806952942561e+00
-1.220974276184630014e+01
2.609849655800099200e+01
5.188715506438794733e+01
5.005862413150532575e+01
8.309891402070959998e+00
1.498477794564945320e+01
-2.480246003809204680e+01
-3.637097609328851178e+01
1.914074206434309389e+01
1.730754875820181837e+01
-2.084165445533259131e+01
5.928705906376566759e+01
-1.903156943875017326e-02
-4.854479852633854620e+00
-2.891379689854188584e+01
-1.800656779760302584e+01
1.763721567540235213e+01
-3.283223443284962073e+00
-5.901425407839516524e+00
-2.790291265223559236e+01
1.290409719610019579e+01
-1.405409787390665244e+01
-1.797269090302987138e+01
2.461327343403800327e+00
4.723398461047358943e+00
1.115261306750460335e+01
-1.689877428991662356e+01
9.134790015102980831e+00
5.889063451748336320e+01
-4.138132135812742973e+00
2.022156865475323073e+01
4.104551324293194625e+01
-2.618649735804079448e-01
2.034158618015316478e+01
-1.120786127215803063e+01
2.788076742636978977e+01
-1.106432044948795301e+01
-4.700244289882161297e+01
5.192175715188415808e+01
1.367765288314591032e+01
-9.864562262651702440e+00
2.851688945387672902e+01
-2.346554492112221979e+01
1.117715021145043330e+01
-1.931350143307495415e+01
-4.933804841927148743e+00
1.388252597923802867e+01
2.696892452416835084e+01
-3.909382415635821229e+00
7.381926516642807634e+00
7.596209451002008173e+00
1.282993475736969380e+01
-2.011505874642121228e+01
-1.866787008240110524e+01
9.175185523184467229e+00
-1.925989619219162918e+01
3.100518212470550239e+01
-3.113555759288410840e+01
2.358827554686848060e+01
1.058726688385679893e+01
-3.396363636697176780e+00
2.939556450394680276e-01
1.247998219536509135e-01
-2.340569798009251201e+01
-2.062533525539142332e+01
3.135590318679674127e+01
2.242108619354353038e+01
-7.346270520371007251e+01
-1.748468724846978972e+01
-3.650514812805643317e+01
1.426995487502561843e+01
4.500760591324779458e-01
-3.679709142974473224e+01
2.130887142577310822e+00
1.386357554819128346e+01
3.669075998454038867e+00
-2.199891889018226010e+01
-5.460177983531545465e+01
-8.785797232615113472e+00
-7.846453946910036059e+00
-1.873986539960931452e+01
2.235721128032563954e-01
1.672889553775752658e+00
1.313497902595976541e+01
4.513277277053339986e+01
-3.624822243577660696e+00
1.093300667082849742e+01
6.676995790075240578e+00
-7.961210550648235795e+00
-4.857945759667622987e+00
1.112514675611247839e+01
1.875577178395943179e+01
-3.447851853065165528e+01
-4.908705383097209562e+01
-6.418338139778846596e+00
-1.412358986776999181e+01
-7.437533492137566427e+00
7.196686224566234635e+00
-3.572453022430890357e+00
-4.130301754895107536e+01
1.171052103311425086e+01
-3.445943814138154693e+01
2.173095347845252689e+01
2.184344237387986354e+01
-1.055741814755441332e+01
-4.336192528434988702e+00
3.181313053097124310e+00
-5.644678313109842094e+01
-4.031901548833702975e+01
-2.195667100728624987e+01
1.280116809469882710e+01
2.444198284262264309e+01
-6.744608736175463193e+00
1.585460963865837414e+01
7.693793278666735347e+00
2.352033194286986983e+01
1.057668872254683556e+01
2.235178165078396617e+01
3.769328619945387704e+00
-4.732915348041260906e+00
-3.893931715636655078e+00
1.004392675553183167e+01
1.323605591195094711e+01
-1.155100385912538918e+01
-1.071768653103599256e+01
4.019749079625852062e+01
-2.631685494537787662e+00
-1.660291612932611827e+01
7.579955713689658481e+00
1.794507604198820161e+01
-1.352018199910663299e+01
-3.805589492528953599e+01
2.744717671881139509e+01
-8.472627202352033038e+00
-5.864642966727977580e+01
-3.182318073206539477e+00
2.598035535066176749e+01
-4.646498201480355306e+00
-1.598830972166167541e+01
4.458258631355825941e+01
4.971075568165829850e+00
3.888425230962349133e+01
-1.155403817485820550e+00
-5.727397359836870550e+01
3.801564884883785567e+01
-3.584766870508762793e+01
-8.793160150307674172e+00
8.248753823602990920e+00
-5.357813320617220398e+01
2.990211170968015963e+01
-1.388220610025751434e+01
9.429219963192855047e+00
-8.663851136396127472e+00
-1.645971501718042163e+01
-1.599560217209355706e+01
2.722940786417078129e+01
3.555597190373264027e+01
-6.564020904534811507e+01
-3.227073912819219004e+01
-4.152252189443215968e+01
1.056168896552674141e+01
-2.526359662143875529e+00
4.707985096837963290e+00
1.136137032111247258e+01
-5.017060636076306679e+01
4.712090610047768990e+01
-4.122572917405324056e+00
-3.669194990835765502e+00
-3.958784248825826690e+00
-2.097995784506133177e+01
-4.065161392349256175e+01
-2.810534132042277378e+01
7.013923598480764632e+00
7.089269073407144184e+00
1.010444608860194116e+01
2.517916447230315669e+01
1.274795790322820110e+01
-2.821629497416070009e+01
-5.812455880395829055e+00
2.935377785876585932e+01
4.933420920585490421e+01
-2.774850638597808228e+01
1.079976724077542727e+01
2.742656161518642932e+01
1.389976799218243464e+01
-2.367033494841869867e+01
-1.189440694467508841e+01
-1.146831581341663053e+01
3.028919821460640094e+01
1.717025205171746549e+01
-1.444397151844370697e+01
-1.767210204156254516e+00
1.097310610034296374e+01
-2.021659811470673063e+01
1.790513563740004699e+01
-1.037755549900314378e+01
2.346037275387665488e+01
2.211063321655000280e+01
-3.930184855883896233e+01
-1.071587690901527168e+01
-4.253929237615086834e+01
-1.340039637419931573e+01
3.596340913181230547e+01
2.114343124579916733e+01
4.029238805484230568e+01
1.027493819349760962e+01
-5.618692824972084310e+01
-1.730500520833164657e+01
-8.687315389014136358e+00
-2.518522546388739158e+01
-2.086076848162049657e+01
1.941371287261989309e+01
1.393795520056818482e+01
-2.049779898182904603e+01
-1.970631185115027506e+01
-6.046635738474172683e+00
2.824209335526424169e-01
3.574928893853279277e+01
-2.381731532930462336e+01
1.799748583982454520e+01
4.063981648962772653e+01
1.253679394850646034e+01
-3.214459535296949610e+01
2.077286103249479154e+01
4.821522668191123628e+00
1.148033641228360224e+01
-1.521352714743045453e+01
2.847259809619668403e+01
-5.339982190675610418e+00
3.599667074201580874e+01
1.310778141897993088e+01
2.307555883999187429e+01
-3.238596600099386791e+01
3.074249942896228305e+01
1.958138052866115641e+00
3.028048416735320458e+01
3.865990524794756134e+00
4.504324457149204264e+00
-2.082395447283131418e+01
1.842113282313214739e+01
-1.614382559001601081e+01
-4.652231002154275430e+00
7.570147292263699867e+00
-8.629227960267989772e+00
-5.536206126998650667e+00
3.346245788543892274e+01
2.196033207225507056e+01
-3.725337638068241120e+01
-1.199777584200053049e+01
-7.283165714547636505e+00
-1.889137482464017737e+01
7.716893282026772161e-01
-1.004783600808434230e+01
2.769905159920887527e+01
-2.302784383362099518e+01
-4.007717147776114075e+01
-1.314880002086238342e+01
-1.524718098659833565e+01
1.964763634061609210e+01
1.671632732143835653e+01
-1.232148209830734409e+01
-1.063027353611775361e+01
1.842423592156012901e+01
9.541508826372725238e+00
-8.780505631320696835e+00
4.822791736976039800e-02
2.015890614675145898e+01
2.447378208188048632e+01
-1.288063277777079740e+01
3.168366038230969295e+01
-3.480226693078189015e+01
4.042847536916538331e+01
1.527071668582617647e+01
-2.331365899567468247e+01
1.134553391837030967e+00
-6.978190306063463311e+01
-3.273871207403689976e+00
-3.467457383818698702e+01
1.192127781337192438e+01
-1.943202146427816146e+01
-2.950153238621825125e+01
-3.915387137204196932e+01
1.565309962281724232e+01
-1.816971563371259890e+01
1.460834020967672942e+01
-1.959912233370467050e+01
2.763775888793216495e+01
-1.793992665013016108e+01
5.734015756997376911e+01
-3.380311709448752566e+01
3.863850449726240299e+01
-1.419438237291152483e+01
4.894759634621004807e+01
-3.593493396192874201e+01
-1.583185662972573127e+01
4.713146514955355748e+00
-1.077182697547613266e+01
-1.354732551326364032e+01
7.464453625931330549e+00
-4.451072376103727635e+01
4.108239793251135197e+00
-1.673665910696423964e+01
-1.615224725177770182e+01
-5.266218009906499908e+00
1.573254384625910696e+01
-4.396831270834988814e-02
-2.376591784287648945e+00
1.463643026979559103e+01
1.413471843761658775e+01
-5.701395990626856758e+00
-4.391764304031658384e+01
4.327346431529177551e+01
4.058885035384943940e+00
2.867521313112053249e+01
3.452872443841691563e+01
-2.837200640892591252e+01
3.730941765985824787e+01
-3.800662867966684733e+00
3.184900023727295348e+01
1.940320219217812081e+01
4.550967821299560256e+01
-2.925181621483963923e+01
4.804189155794362875e+01
-5.360931121367065089e+01
-6.046968232746748662e+00
4.587666949428219709e+01
-1.243795842791721995e+01
-1.180560812796908721e+01
3.043252091878711241e+01
4.826465773975709084e+01
7.576442542362138433e+00
1.657145377587028889e+01
-3.519161488487050349e+01
-4.629480824449625942e+01
-3.561304618318513970e+00
-1.687343835135186865e+01
-2.460878435180245560e+01
-3.250101688502502917e+00
-9.493785316029304866e+00
-1.283224059232368575e+01
-1.325273399861047352e+01
-1.298643629630487695e+01
3.816102603500831236e+01
-2.069789268415804173e+01
-2.908272407510146351e+01
-3.387510674863619897e+01
-1.698490089313609275e+01
2.764486101157962672e+00
9.854275189839240667e+00
-2.325311999598697454e+01
1.592715356102868896e+01
9.421106366685309652e+00
3.523690471077354402e+01
1.907418347089316057e+01
4.695290982629746424e+01
-1.832382709713961555e+00
-6.743024821637582988e+00
2.198885721598061949e+01
5.093803720941528113e+00
-4.497488668115957822e+00
1.181970704254421811e+01
9.923985856157031549e+00
1.335004515682356896e+01
3.190143386086744215e+01
1.993362596807718035e+01
4.097070304559398579e+01
-3.707909027800439361e+01
-1.534711346529264375e+01
1.881257388552726439e+01
4.388236595191510325e+00
2.039775568261353555e+01
-9.762548419877512984e+00
3.047282611101794103e+01
1.374531421520870467e+01
2.345692194756697546e+01
1.276832733727961866e+01
-5.157838515523723188e+00
4.882005433915613679e+01
-5.323383867094225508e+00
2.035031190727051253e+01
-3.205358877129690143e+01
1.466410933171715225e+00
2.932929382994984380e+01
3.357064780055041098e+01
-3.204145526230684027e+01
-1.277031213614342242e+01
1.955905678073165177e+01
1.428571669461223159e+00
-3.999274084543920527e+00
-2.770857412900810246e+01
4.140978943170586035e+01
-5.308633382524613253e+00
-4.349816876058914517e+01
-2.673955295987312297e+01
3.013094070205032615e+00
1.247899907149590071e+01
-7.766804000085476112e+00
3.869920317458644377e+01
1.938539291677391674e+01
1.648179305981497933e+01
-1.199593379495718182e+01
4.162372869729752622e+00
-2.640603639648815459e+01
8.869988279764692507e+00
3.318381966967677954e+01
-2.258139723905611795e+00
6.350470328225168437e+00
1.696005559451521805e+01
-5.268748371790459117e+01
-1.762533920769040918e+01
-7.299146990028543946e+00
6.935935432917560206e+00
1.327044555923106195e+01
1.331600723260870822e+01
-2.194120501616849239e+01
-3.370402105482328636e+01
-1.431799172637060558e+01
-3.556695503490805521e+01
-1.717011297347549359e+01
-3.410257281939772067e+00
-4.691431309572289265e-01
-2.503928456281337489e+01
1.407877068621188599e+01
9.864776354615827358e+00
-7.490865891228406070e+00
1.470418889114198180e+01
2.505399403572353734e+01
3.025262599056921431e+01
4.398153782201132600e+01
-2.347598192512342763e+01
-7.482888212305820019e+00
-9.393343443297306194e+00
-6.822408422851362619e-01
9.507050480215241350e+00
-3.446075545928479755e+01
-6.717058139250968729e+00
-1.062395232962242275e+01
-9.899820353876446433e+00
-2.043538982411840266e+01
-4.084593474695940074e+01
-4.388521311734228103e-03
1.587844580104398418e+01
-3.995999095180590643e+01
-2.504834970614055933e+01
-1.262390467377580805e+01
-4.714329405826449104e+00
-1.412758776100309754e+00
-5.444250644293403951e+01
-2.221934066134903318e+01
-1.330410645671736525e+01
-3.184331847216965627e+01
4.920846715750840872e+00
-2.367475348383047873e+01
4.437369344587657594e+01
-1.168113327124816081e+01
5.996133080961038786e+01
-4.137044082823965141e+01
-1.361238396042974408e+01
1.914135759026331840e+01
-6.119486502584267740e+00
3.349013688679823986e+01
2.270426077748413007e+01
3.304738575104397569e+01
-1.886346200239323423e+01
7.794700174392310110e+00
4.458256554886062872e+01
-7.021744908068152213e+00
-2.997822575448068605e+01
-3.118101287617708106e+00
2.142685885245237642e+01
-1.202041228341176549e+01
-1.083260870114488794e+00
-1.351537568702973147e+01
-4.266547423438915843e+01
4.323008272497160931e+01
-7.038076855045957814e+00
-4.299037237874014039e+01
3.951354048408420283e+01
6.507438551185259712e+01
-4.791143967447059993e+01
2.333003168981926834e+01
4.882066801776187503e+01
-5.232017173370275032e+01
-3.406102794274416823e+01
-2.644692928632699225e+00
-4.489089674147387576e+00
-3.575960416559166788e+01
1.995870152142801857e+01
-1.233526768239785376e+01
3.714240901186702359e+01
-4.920675998435765308e+00
1.397609636473083228e+01
-9.590601677062409181e+00
4.519290844349355751e+01
2.476877072079262021e+01
2.237613666436786275e+01
-4.448159985533626681e+00
-3.102986930604176052e+01
3.032294956273601727e+01
-2.902780949320298376e+01
4.313090442089226428e+00
5.132851637087069818e+00
-1.227915817942294652e+01
6.941459766309454160e+00
-4.885699586918057946e+00
-6.083094848586830139e+00
2.248730615163489688e+01
-8.100144392139912952e+01
-6.053454683702930339e+01
3.647683055665711294e+01
-1.044366317828003510e+01
-1.319903129244273821e+01
2.792616489880462183e+01
-4.227648825315675651e+00
8.309137249035558170e+00
6.534597829019880066e+00
7.918171940420608124e+00
3.611294035209060382e+01
2.801803297445519902e+01
1.258357376413375484e+01
-2.427349592999314964e+01
-8.829306974632494587e+00
-2.778959895326704554e+01
-7.167713689823482071e+01
5.417226198359523792e+00
6.643209329963376319e+00
-1.104469771232798614e+01
-1.700912663164634298e+00
-1.209772600229568873e+01
1.251427146786077316e+01
-2.881039246811187127e+01
-1.681912969847384431e+01
1.014943676446855036e+01
7.525265526788064818e+00
2.511151775068438852e+01
-2.172370855460819428e+00
-3.377605616378632902e+01
-8.297785419778561433e+00
6.039547138123294800e+00
1.414144674458848527e+01
-1.126191536159312179e+01
2.372470603830474190e+01
-1.445862757274951882e+01
-1.560791143027889838e+01
2.113355655580326342e+00
-1.014722735556842004e+00
-3.644416320952694299e+00
1.207172629477459047e+01
-2.231223630742168851e+01
8.649218977327208790e+00
-1.888134067244837766e+01
3.169015872144281332e+01
-5.613407104333148823e+00
2.294643790855888099e+01
4.825363832693022381e+00
-2.941551200846479475e+01
-4.988684314516081741e+00
1.178168986042203770e+01
2.706423460981179829e+01
-5.147729241898679931e+01
-1.107005477110381442e+01
-2.113855725452263812e+01
2.612826484547399986e+01
6.524536160915390326e+01
2.263599802305055775e+01
1.485239176789331594e+01
2.533822338970280796e+01
2.265418500409181490e+01
-2.340425176455480738e+01
6.541858257014553146e+00
3.409553622639733561e+01
-4.042484619363955289e+01
1.459446961215746086e+01
-2.965726831296648669e+01
2.629108921247080843e+01
6.579389244197570541e+00
-5.862489985935722459e+00
-1.121570745369695565e+01
-1.855685285993429190e+00
4.041139481465206273e+01
4.173684761320346936e+00
1.814684775504465053e+00
-8.491745905610019740e-01
-3.713086785171567783e+01
-3.031535259544020278e+01
-2.969446484084123483e+01
2.399751675854648170e+01
3.535657021130155186e+01
6.458277776158865002e-01
3.305317090693883841e+01
9.153694200158253302e-01
-2.620105228029909483e+01
5.696286139219900235e+00
1.184482820830265126e+00
-5.076881926080575624e+01
3.139590986384106941e+00
-3.228851988765408265e+01
9.013692959047155284e+00
9.897843255240092120e+00
-2.437108457688180518e+00
3.051000944890745714e+01
5.767637470384625153e+00
2.011129561883830164e+01
1.294121944187082285e+01
-8.829480050149719261e+00
-2.141531976949439908e+01
-2.832520804936755354e+01
8.040191554849847932e+01
1.332419000136215992e+01
7.984621358363423838e+01
2.103257345829339542e+01
-3.095201259948535721e+01
-2.849704796830850029e+01
1.296001561867501195e+01
-3.176464909728414110e+00
2.107891890873226615e+01
2.714140143839636465e+01
-6.722277884148775584e+00
-4.780138660765674175e+00
-3.253582401092310050e+01
-3.288335224415359193e+00
1.339889399287654115e+01
2.472027189386259494e+01
2.330319185335156362e+01
2.134658991002455863e+01
3.213906255169139570e+01
2.669102022037867528e+01
-3.116463051212483393e+01
2.567029901733647890e+01
1.524578979059770312e+01
8.732498525610324691e+00
6.306684631033100885e+01
1.161783018227739461e+01
2.440051960177100554e+01
-7.982784685384006096e+00
1.873924316135254386e+01
3.677144466312506133e+00
-1.260796285912462622e+01
-2.305063085221879149e+01
3.704342662495131577e+01
-1.917805785577879973e+01
-3.192822116358333773e+01
-3.791259778556935522e+00
3.806092633945855397e+00
-1.837353402251764578e+01
-5.407975374022140613e+01
5.230607598979713835e+00
-2.209830378515760696e+00
-3.372979848483119270e+00
-1.163770223206568843e+01
2.140321016022864953e+01
-1.907827818379960405e+01
-1.174157260094790800e+01
-1.597734157167112734e+01
9.758702879459081103e+00
-7.277124542642502192e+00
-1.351716032792095135e+01
-3.781176805361845084e+01
8.127385535277525719e+00
8.923472681805597162e+00
-4.652304869439402246e+00
-1.079341015385279690e+01
1.821399669578913816e+01
2.100434221060185536e+01
-2.057288531732255521e+01
8.343052521069752814e+00
-7.461163679612898836e-01
2.716705749056667329e+01
-9.757905672319012069e+00
-4.024671505317813569e+01
2.731172850344965752e+01
-5.802882719629639752e+00
-1.667034905822096746e+01
5.747095346618378287e+00
6.822893901331733346e+00
6.426802601270573678e-01
-7.564826236045867347e+00
1.596645267781224220e+01
-3.582791471504673808e+01
-1.691780964338810378e+01
2.684560333974558688e+01
-2.405384701524728541e+01
-4.810774131270760279e+01
-2.646761309120197936e+01
3.476449552082041539e+00
1.271281189812993162e+01
-7.856127298494387290e+00
-6.736270720922854061e+00
-1.086580277502977587e+01
3.740568763383323159e+01
4.667960985534270968e+00
-4.221168364986420585e+01
-1.673489503570410486e+00
6.985422993825334270e-01
7.659362442335225118e+00
-2.268549703438114662e+01
-8.874215913460858474e+00
-1.481046630363416661e+01
1.309306331923225031e+01
-1.148849754906823861e+01
-1.054789259016171954e+01
-2.523947412965149439e+01
6.076074480776789244e+00
-4.623671828912486959e+00
5.284487335414776510e+01
-3.976990885800546938e+00
-5.235326853669047154e+01
2.637995398220085974e+01
-5.052372504444001322e+01
2.475849029383719824e+01
9.546156902037386871e+00
2.578977865087702526e+01
6.217754503914451725e+00
2.354812658259277569e+01
1.171957781526309716e+01
-2.950971927225199209e+01
-2.911585319950196293e+01
1.282369539101408762e+01
1.367113003709401298e+01
2.599641582158800368e+00
-1.631187359189563679e+01
-4.417965338485529969e-01
-3.110656682886162017e+01
3.880524876747925589e+01
-2.487367681186800894e+01
4.816946413923036019e+00
2.820752533311147303e+01
1.970728212584138461e+01
-1.499604370707881351e+01
-5.366929311849543360e+00
-5.504566694095019308e+00
-1.793996935996358388e+01
5.724348743367486492e+01
-1.760531804184076510e+00
-1.244252810999826764e+01
2.119932470718742934e+01
-7.951804558981412363e+00
-1.133074844880150245e+01
2.122113583199698894e+01
-1.192579208207140917e+00
3.308803265404416294e+01
2.082895897331084001e+01
-1.985240675664541854e+01
1.954068454138505473e+01
3.183817637385270061e+01
-3.028028116850282458e+01
-3.810868800868566098e+01
-6.539482120229159534e+00
-1.333920190288345431e+01
5.281369368369293937e+00
-1.075735830923209235e+01
-1.498978174520095408e+00
2.236846907408115470e+01
3.356110825600101322e+01
-4.162505384761250582e+01
6.724014543201931815e+00
-1.177055104783564232e+01
2.207831064439932334e+01
-1.433255269005361221e+01
-9.727154918136884376e-01
-3.988397667350572107e+01
4.538460087804432419e+01
2.707650676211978080e+01
8.384160189254764362e+00
-7.451680466897006916e+00
2.663429663848613060e+01
-1.374750781168332203e+01
-2.779522387558548502e+01
1.990533456117210775e+01
-3.064746464354704969e+01
-6.134965397924245778e+00
3.301670062305674058e+00
6.137453637920706306e+00
-3.494240141370990216e+01
