9.971978546368259755e-01
-3.303339636353779252e+00
1.551677349804557293e+00
-3.108585378203811533e+00
-2.125278290379731150e+00
-2.681961554880701648e+00
8.617378454190978587e+00
-5.351686674658343357e+00
-5.967550600667042460e+00
3.336485657099753421e+00
3.172245964808750429e+00
-1.610917581605928905e+00
-2.117623406058154689e+00
-6.288127582111846081e+00
5.105171162499267723e+00
-1.654713069715928464e+00
-5.909928007081646228e-01
-2.470456562561783587e-01
1.179130574490327099e+01
-6.201053275381367413e+00
-3.793302843858969098e+00
6.879543508615890701e-01
-1.191506728225120781e+01
-7.630818490852211422e-01
-4.076492921589622398e+00
1.594080758335293391e-01
-8.832669516796539000e+00
7.162172697490214901e+00
-6.007398932101764899e+00
3.045313860008099782e-01
-4.423029075661216503e+00
-9.967683467175948664e+00
-7.994130643367336475e+00
1.235708165117094026e+00
2.371315283436672861e+00
1.880640456399008453e+00
1.215751807889849978e+01
-8.518777792845806829e+00
-5.948820144955395683e-01
5.467105245943443492e+00
3.105630223345281493e+00
-1.337502481939296217e+00
3.891539376182506782e-01
-1.253817271254897570e+01
-6.275142896487384547e+00
3.745337596120687174e+00
-2.410269937798643070e-01
2.950283032826850782e+00
4.204775691676133853e+00
2.333324975571715143e+00
-1.067852901971113377e+00
-2.737658340371109222e+00
-5.663028461820584170e+00
1.482980013250112306e+00
7.164373033570979210e+00
2.151812833936480374e+00
-2.953210945793435460e+00
-7.296737180764837127e+00
-3.104765576388593296e+00
-8.127838089959681156e+00
5.868627651558335323e+00
1.993156090935380931e+00
-3.781250627669004771e+00
5.260696208759237713e+00
-5.197576528453927480e+00
-3.538642256311121392e-01
7.694501713801386700e+00
-1.817515589750137606e+00
4.944247485872261372e+00
1.881282112465596956e+00
-1.990986040078596142e+00
5.872095448483091173e-01
7.119693605591046470e+00
7.261776987546721962e+00
8.357224081229883694e-01
-3.498519199537986513e+00
-1.632056565766231593e+00
2.876064565456502908e+00
-6.391407862213823066e+00
4.070857917809210136e+00
3.003386788922633333e+00
-4.050459003136843705e+00
2.423991626238680919e+00
-7.587461898309566521e+00
-3.509959225742441014e+00
2.312939666216727197e+00
-3.340482207933289427e+00
-2.277702756187828026e+00
1.171104940402239336e+00
-1.508498442486030378e+00
1.797520980300726823e+00
-1.972813118226222961e+00
3.367247209799459462e+00
-3.259148515369007182e+00
4.967204066721719435e+00
2.880665225969695431e+00
-2.513162105808046665e-01
-2.532291291388604759e-01
-3.105424131696394863e-01
1.424138728402472465e+00
-1.310435730861045656e+01
3.225845229860596075e-01
-8.384047536641025644e+00
3.444231062401816867e+00
-2.633250617275710859e+00
4.892203241088024512e+00
4.459450528041752015e+00
-4.076347630924322729e+00
-3.765166569265857022e-01
-9.724681439642112180e-01
-1.838825804668386077e+00
5.248324672032907756e+00
-1.517266205872295659e+00
6.033565122587907226e+00
1.250370677616597037e+00
-7.846681394647981866e-01
-8.814115402787971121e+00
9.748814200061032054e+00
-4.412498827106396959e+00
-1.103444924527500248e+01
-7.791827510874007601e-01
2.868085017490660249e+00
2.227717750927302731e+00
-2.757596256048909122e+00
8.321133442764530486e+00
-5.885647402005492523e+00
-6.653401830973401765e+00
-2.275445128062314026e+00
-3.685040682529987066e+00
5.626687985860531427e+00
-5.543157298558440971e+00
-5.629185656483334022e+00
7.166219699980431734e-01
-6.559606509076562730e+00
-7.808947606440331590e+00
6.715744591868034519e+00
-8.988448265902195811e-01
-5.968824350369338561e+00
-2.650137547644227265e+00
3.549343003079151071e+00
-6.136155795825487758e+00
-2.194068323035389678e+00
6.197629451371395870e-01
-9.253010928142744174e-01
5.731428178116638961e+00
1.982921621676534407e+00
-6.228601623013502397e+00
2.822510526773776451e+00
6.200914329039056483e+00
2.021404316300307258e+01
-5.633126233992606480e+00
8.569062750013424434e+00
-6.783680382095864658e+00
1.513915641630203313e+00
2.902801130959693054e+00
4.974015600234625190e+00
-2.002348737550703195e-01
-3.815769731628832595e+00
-9.264439856500672477e+00
-7.360780920656089243e+00
2.251754684756269054e+00
8.188553214543921044e+00
-7.631751341080511564e-01
-2.444510568503609704e+00
4.019845308826557329e+00
-7.733544161764797309e+00
-1.793877015562803934e-01
1.726128685295902354e+00
5.122232552914342207e+00
3.954532777815918276e+00
1.376630768060875365e+00
-4.817983993415454691e+00
-8.479547380668442713e+00
-8.428079473661966858e+00
3.446862340087882171e+00
-1.918031249262264648e+00
7.618438620827121532e+00
3.206072631241100979e+00
-1.842643921385869854e+00
5.410921793855566486e-01
3.117248482639127793e-01
2.788392904166050901e+00
-4.677339717939711927e-01
4.023397938310659505e+00
1.776067495006001584e+00
7.502107441796993292e+00
-8.805191739268760642e+00
8.668272399431852904e+00
-5.486920348171238082e+00
-5.994422474657841171e-01
8.491524783518439534e+00
5.917236402808070395e+00
-4.483056305373998462e+00
1.430640278560870504e+00
5.165688598060660830e+00
-5.099553239219861922e+00
1.982241370885823084e+00
-2.925425255655053292e+00
8.767031188206543257e-01
1.707782547450746868e+00
9.977512421300345213e-01
2.892810968919637737e+00
1.062756490287180222e+00
5.809462990627036305e+00
-4.134580126268360800e+00
-1.150819696055137342e+01
-2.084521222883450875e+00
-3.838176178035065167e+00
-2.786804274674310467e-01
-2.665682480763721163e+00
8.130540505152119124e+00
-1.372280729914988839e+00
-2.397907827932787672e+00
-6.388638358742655399e-01
-1.609854737228176624e+00
-3.527568278703046012e+00
9.164169974685640874e-01
-7.514056396365043966e+00
-2.953608891889218491e+00
-3.623630281392491437e+00
7.663433604553486767e+00
-9.723518240610157903e+00
7.604449600720198710e+00
2.596991628011140918e+00
2.216508206897179090e+00
4.858796310138633778e+00
-5.893573454552590185e+00
-5.612668725617369958e+00
1.006643754322204565e+01
1.565332797801108899e+00
1.277914012057639859e+01
3.846973200202594256e+00
7.692060529646997047e+00
5.765871866348435404e-01
3.338831004463787888e+00
5.836939538222503998e+00
-6.995087920591449127e+00
-5.301121275136215338e+00
3.229068347131570094e-01
-3.208044452279386949e+00
-2.320650639313242003e+00
-1.070053444550819854e+00
1.117886637176778608e+00
7.136153083107932282e+00
1.939205541561837443e+00
-4.588923088146744433e+00
2.535198346411853265e-01
-9.250852029451592795e-01
-1.901095187576761880e+00
-5.730235822618922725e+00
-3.000951575888666234e-01
-1.024478827691342131e+00
-6.384777985489818342e+00
-2.286108871006174770e+00
-9.822176694614106474e-01
4.413117253734192502e+00
5.488589338489257008e-01
1.155100743399851471e+00
1.279017657995150659e+00
-3.822040089433869525e+00
2.916250704816664152e-01
6.977178069966630147e+00
4.993073063899866604e+00
1.644847556333137728e+00
-8.843435176726383018e-01
-6.796150972934248635e+00
4.938232668401564496e+00
-7.262647556894782142e+00
2.423741700165061630e+00
-5.871537446402950167e+00
6.552025383795372804e+00
-9.766143046366493330e-01
-4.455239759671537847e+00
-3.874808956167333562e+00
2.183143421331098732e+00
-8.629713312153707960e+00
5.606793829290197095e+00
9.470417831005755183e-01
-1.850761103685591547e+00
5.680136130395550431e+00
-1.505051856973140145e+00
-1.566810401782673612e+00
5.737312585404477083e-01
-4.953853107470682637e+00
-3.199454599929600906e-01
1.868809867000779779e+00
2.829205181004458947e+00
-1.598483008716617748e+00
5.054309595027538293e+00
5.874187135256080383e-01
5.101171239707181115e+00
-1.914088310983721009e+00
3.295944134096024491e+00
7.436429129507530433e+00
8.907501245502711384e+00
-7.906945517720056493e+00
7.434661936061848664e+00
-8.934584618147611845e-03
9.710386623409035245e-01
-2.321788048453194087e+00
-1.417554016915856030e+00
4.092943251657443771e-01
-3.423585625211674532e+00
-4.503342688253006543e+00
7.210635068821961147e-01
2.105318466244883169e+00
1.419374902070090538e+00
6.111951429099771183e+00
3.011724485804978535e-02
1.682885797974250641e-01
1.368629531047150794e+00
3.296763300298320765e+00
-3.603202283114624649e+00
-3.857120784764562771e+00
-1.613236192210133479e+00
-1.512203565059634158e+00
-2.294994336250022471e-02
-1.100305915928750800e+01
-2.430596973138234418e+00
-5.100041638519398290e+00
-9.225908992709179746e-01
9.770344351174330200e+00
1.015732039903514838e+01
3.066862956009314800e+00
9.002629572277260905e-01
4.255466586121242623e-01
-1.923967448155180504e+00
3.618533006536232666e+00
-6.956265033746422688e-01
1.145428633797543228e+00
3.175132088775524331e+00
-1.207531663847225367e+01
2.220223475096626764e+00
2.341580877551073137e+00
1.845489345326144726e+00
-3.251296042259811614e+00
-2.193411226662739466e+00
-2.756331336079601790e+00
2.179509797889105371e-01
-2.386590397059826785e+00
-4.646695362229236181e+00
-8.704969955355387867e+00
3.331543907548467409e+00
-6.601750559196068124e+00
-6.147008957349926916e+00
-1.219100616207288157e+00
4.926001440810385823e+00
1.009381973105461583e+01
-7.708633942127425254e-01
-1.531843617647021816e-01
1.459801195353783498e+01
-1.330099319514776779e+00
1.403359425294573093e+01
-6.500626889177224754e+00
8.293812354623231187e-02
5.245902042860080883e+00
1.073911496721486225e+00
-5.351274114785848912e-01
2.543600884036032017e+00
1.027323097555444376e+00
-5.875312145371820449e-01
8.683255024959589008e+00
-1.498107959397037003e+00
-1.283522582706874005e+01
-5.431703265690979165e+00
-6.934063745702610859e+00
-5.214030950847252655e+00
5.407557686955177800e-01
-3.293553649707787745e+00
-5.610826790157990018e+00
-2.705244158906564333e+00
-3.172103131172586465e+00
1.207042711181954431e+01
3.336095142768936483e+00
3.506763649521590143e+00
-6.145321871714414241e-01
-5.087239979447399030e+00
3.277451761742051328e+00
3.494146926063113057e-02
1.758459480934197572e+00
1.453020673879193980e-01
2.600893453896455654e+00
-9.082315477387616909e+00
-4.356004516419113237e+00
1.536987056410149766e+00
1.599508354290528178e+00
2.196266652130710595e-01
-5.752211673293232685e-01
-2.461808706807580904e+00
4.668267806537430786e+00
-2.012497757659569952e+00
-3.963533364754754817e+00
-7.513947321265952439e+00
-6.641268231481483042e+00
5.264865599715474964e+00
-2.887073378893365572e+00
-5.171038435456614124e+00
5.020355389740077889e+00
6.341664461904999328e+00
-5.330631709930199413e+00
4.515271197855780017e+00
9.765176396505542700e-01
-3.169824743878283946e-01
-4.380896761065732115e+00
1.093101842336362539e+00
-3.982513294704648210e+00
-7.167271694605343413e+00
-8.714105753834664014e+00
2.590535601735899807e+00
3.586223937236205028e+00
5.239252099106407101e+00
7.044083376125718665e+00
-1.512454843605434363e+00
3.060447771509400283e+00
5.321735440280596308e+00
6.765993647312550152e+00
-6.118828759950128315e+00
-5.760287836122870431e-01
-3.778058217697809695e+00
-1.584694013464675200e+00
1.860200302897339730e+00
5.031642505674064125e+00
2.556668721461142102e+00
-7.870038730255965120e+00
-2.879828227369966243e+00
-1.333453206975043770e+00
4.226132661363715126e-01
-8.577362459205905010e-01
3.459879943141570102e+00
4.392925065159944076e+00
2.339908969500596569e+00
-9.308692711562416733e+00
9.720146759159510097e+00
2.600761380485867136e+00
-3.252154569210941482e+00
-8.660212633429608786e+00
-5.907865127848173969e+00
-4.021925183972401285e+00
-5.364637455968821911e+00
3.044724943098522374e+00
5.362227358651483478e-02
9.518835639469493515e+00
4.742281068198755944e-02
-1.249012149989575171e+01
-4.823937909245078259e+00
-4.322955286697777844e+00
6.808977535079021592e-01
3.826890872649412856e+00
-3.584362999429194119e+00
-5.169700468938167592e-01
-2.748897904811196558e+00
-3.525323802199291645e+00
-8.965726787587518842e+00
2.442580242783071842e+00
1.060219250757309828e+00
-2.728127357665290464e+00
7.240944676396859236e+00
-6.824228594314433183e-01
-5.703702175122826734e-02
-7.139838700782128456e+00
-5.427183869085848045e+00
-2.879484757172451559e+00
4.061455371709891793e+00
-8.434969583682546457e+00
4.119114105114349833e-01
6.237907481692851697e+00
-1.101411381500998932e+00
-2.159252456392383834e+00
-8.995265769348179674e+00
-1.742591655718525923e+00
-3.025458943759279151e+00
4.703062279420640479e+00
-9.010830043470665629e-01
2.861607069043402340e+00
-2.375849917902228992e+00
1.221541510979220480e+00
3.985619884147470482e-01
1.462424253309889455e+00
5.254717197548651519e+00
-8.409640092100827857e+00
-9.107223456445580068e-01
1.848583815735280189e-01
-3.804154635170867493e+00
8.692599786344773705e+00
2.771179696313795127e+00
1.425834615577858067e+00
6.712035439672852100e+00
3.977484871209118644e+00
5.106282379812864036e+00
-7.752800527460717461e+00
2.300908392573546735e+00
-8.795185055219164383e+00
1.338265985437860905e-01
-2.758433178281860521e+00
-1.065028233587847417e+01
-4.453552042257697963e+00
-9.783880291004152241e+00
-2.863542814390653835e-01
-1.766180203279341387e-01
5.981042229160085100e+00
-9.124895642637731896e+00
-5.314178867728021061e+00
-1.415971097387690225e+00
-7.762245920707039559e+00
2.400875980527924725e+00
6.842166476409685671e+00
-2.419880668209013042e+00
-1.132154878012094246e+00
4.351740098482569152e+00
2.744839783556984880e+00
6.468597799784200575e+00
-4.919252473729804009e+00
2.236030880898530082e+00
-7.998615365205199446e-01
-5.364630915826731350e-01
-3.587865183615649212e+00
7.953476601327674089e+00
-1.210978195269284408e+00
-6.914560698033833219e+00
-7.047995910458205060e+00
-2.800955270037024381e+00
2.949058148094686249e+00
-1.260891588642844230e+00
-1.543926151977897510e+00
-2.748963637948203420e+00
3.068831025050524630e-01
-7.386452466997409871e+00
-1.343089751866283654e+00
2.475806437029783424e+00
-6.788404078173374545e-01
6.280217823595510396e+00
-4.863644811834401338e+00
-2.726236290237583848e+00
7.578828683982058223e+00
-2.003358088311815166e-01
6.456100341158593103e+00
2.400580224492676606e+00
2.806330945469110993e+00
5.223505188035399982e+00
1.823935054582873194e+00
5.610935363440827217e+00
-1.989816068098477331e+00
7.337864464199005399e-01
7.405874049738391918e+00
6.851676408517325179e+00
3.820974678416087400e+00
7.268294180350263645e+00
1.179675870096521528e+01
-4.720483937885546766e+00
-3.039785420431168284e+00
4.804574495315331539e+00
-4.221321818088267896e+00
1.163901145250051394e+00
6.500484992549995233e-01
3.849180764893327833e+00
5.688327137305843273e+00
9.742630887228660441e+00
3.134869233886088402e+00
5.612015937185823589e-01
1.996309834907508796e+00
-6.019630409616834044e+00
7.986811734943866092e-02
-4.320033283881214103e+00
-1.346005534310252294e+01
-3.803233936832050244e+00
-4.876085498446190769e+00
-5.155727997784520511e-01
3.528425398479700270e+00
7.379269356200200747e+00
-4.860829225011078947e+00
3.274900047573394257e+00
-5.281296810889076099e+00
6.419826149910819346e+00
-9.800756132954219879e+00
4.688785893179917785e+00
1.502176315984212973e+00
6.880525287289889214e-01
8.933562481282729451e+00
-1.932139477190459642e+00
4.355306663796291389e+00
5.676174029201963123e+00
-5.814315004473924464e-01
6.420323981465491769e+00
3.135772421314449776e+00
3.047355227087985341e+00
-3.487072967713079841e+00
6.226444156023299925e+00
1.452939991414532006e+00
1.290060580525788092e+00
-1.655363889083327766e+00
-6.603762603554188537e+00
1.823482957115438285e+00
3.396914930414903999e+00
-2.687115963199878443e+00
-3.875984170054598721e+00
5.142544667862656738e+00
5.530871937755899914e+00
2.620125278909933297e-01
5.777032109181679864e+00
-2.267028044853776514e+00
4.249006962455544212e+00
-3.438987146442467058e-01
6.227121890832822082e+00
-2.158436269852029188e+00
-2.455541526900411498e+00
-1.396746274397097975e+00
1.818195929594249360e+00
5.640154773681298472e-01
-3.776616961236392012e+00
-2.259195478634294041e+00
2.118510902403841101e+00
-3.131058890143036066e+00
-1.032921099736770598e+00
7.748048999494562494e+00
-3.843122369961498030e+00
6.014105760826392588e-01
-4.281352038097685053e+00
-4.968951313957382432e+00
9.952478570608453978e+00
-2.832263611339666198e+00
-1.538813891932578670e+00
3.383723572712730387e+00
-1.357837678102654877e+00
4.601245766267358928e-01
3.644473093443959311e+00
-1.234973866073834081e+00
-4.554618852019293840e+00
2.863335553846457771e+00
-3.191800225220926546e+00
2.531681914502583730e+00
5.739201021194094920e+00
-7.494624078990143268e+00
-6.002442097419184108e+00
-2.865459964090615763e+00
-4.039111263777269478e+00
-4.042394027724099947e-01
7.062577889340861503e+00
-6.750629754049320752e+00
1.771011368455186474e+00
-2.042374813133360334e+00
-1.181621902890488940e+01
4.071737365269966880e+00
-4.168375599417111221e-01
-5.152071954592645220e+00
4.645771636339418365e+00
-2.172417389486454020e+00
3.959620886054302957e+00
4.640001867988486239e+00
-5.633009211647882708e+00
-8.248276333642118985e+00
3.303071788552325749e+00
8.809837223547374307e+00
1.848388476629965416e+00
1.867612263435021180e+00
6.986033651600902949e+00
-5.474279911826681833e+00
-3.357888619540743136e+00
-6.241011032848517992e+00
-2.920871704163960914e+00
-2.534893170639727078e+00
-4.186610366638947589e+00
-1.710707009420788349e+00
7.262428718650468795e-01
-6.406186852391304143e+00
8.334605488418488362e-01
2.002874291323002875e+00
-9.975006877468819422e-01
-1.054734833123256266e+01
5.781783512867111341e-01
-3.882865590764503216e-01
-2.464079116043753181e+00
-4.827338442998196921e-01
-3.690182790125329237e+00
4.292108800595951790e-01
-1.298365648219802715e+00
-4.603879729556169309e+00
3.019605218593784279e+00
2.759336375848174594e+00
2.323453415822272827e+00
-5.353856843914513775e+00
-6.489575795679844106e+00
8.131838117504139873e+00
1.736578648639689915e+00
6.327315718892704055e+00
-1.388331874327284865e+01
-1.716013490605613701e+00
2.244274685339358033e+00
-8.132839278281092987e+00
-6.616323672236855913e+00
-1.366932118473715763e+00
5.045226954454190782e+00
-1.425616128263598625e+00
-1.071490920985166362e+01
3.574081360173279265e+00
1.259415740148399410e+00
3.069424313164296869e+00
9.772854966302222390e-01
-1.956005251405251499e+00
-6.509873489160892035e+00
-4.626518495027029942e+00
-2.937214713512329656e+00
-2.956705731809978754e-01
-6.419865010006880368e+00
1.014986271064631751e+01
9.925197631054812675e+00
-9.004723891550570514e+00
-4.185884715697349989e-01
5.938730911781052946e+00
-3.010208005514348528e+00
-2.551229381350514025e+00
5.896065568775693322e+00
1.331725604007690356e+00
7.371456982501374711e+00
-1.464230265029859979e+00
-2.781984648317404218e+00
8.093693877411773929e-01
-2.099162395714459617e+00
1.576098328725527686e+00
-2.423581020776127470e+00
8.109932726159096994e-02
4.114585130657566481e-01
4.792381920402646323e+00
-6.818936487729485574e-01
3.593781252136782456e+00
-6.318027912902471677e+00
1.971014954081581783e+00
-1.651579741741707741e-01
2.614003377019082031e+00
1.532150479100105489e+00
2.772685478855783092e+00
-1.588986162645338762e+00
-8.101619318987708596e+00
-3.294029570047288580e+00
3.731462891730383369e+00
-1.285365355677275545e+01
9.242620105717214152e-01
1.382307788554065997e+00
5.224088546832297730e+00
2.029099463295163552e+00
-4.125326657694435184e+00
2.794863059133567251e+00
5.044564828231781206e+00
7.892840353340714321e-01
-5.580661562849872359e-01
-6.666699351282634467e+00
3.054289912772584437e+00
7.034068776652044885e-01
5.062357716201248969e+00
9.397768287278061017e-01
-2.122503090553832905e+00
-6.828359629359168181e+00
-9.314325984913319090e+00
9.907351591975460892e+00
-3.212463222363802773e-01
-1.254503492638577855e+00
-1.597647303386264994e+01
2.888007089497265589e+00
4.708851109796978740e+00
-1.005914669019425389e-02
-5.286923428103905032e+00
5.278460227635783042e+00
-1.188535154149308770e+00
-1.426032678889231242e+00
1.061566258385884698e+00
-6.632553303307251902e+00
-6.804205683647641223e+00
6.804953906808140829e+00
-2.810425585057374498e+00
3.033337884502424586e+00
-3.886079379565657632e+00
1.627430807317962191e+00
-3.211128764009210990e+00
6.636002480711086449e+00
9.747589443410202392e+00
5.224544537640283259e+00
5.362864943003685880e+00
4.253692470315502128e+00
-1.288787884811253504e+00
2.949375234220775077e+00
3.341374126183971338e-02
-3.240727835990865113e+00
9.533806892842177305e+00
1.086341975556276207e+00
5.813499047050626478e-01
4.555857921378481112e-02
-3.253709398822064003e+00
-4.593337960184771251e-01
4.453639870129325828e+00
8.530681772120198403e+00
1.586914361598924739e+00
6.282718622278204990e-01
-1.193209696536447595e+00
3.164879049781439413e+00
3.114675942363359651e-01
-1.222878995588039608e+01
5.342895549718686965e-01
6.652098399466986223e+00
7.731937325019035967e+00
-4.692350325164047931e+00
3.299162889721278358e+00
8.656142801912702467e+00
1.494646041096656219e+00
2.958471245302284558e+00
-4.645113340716967798e+00
3.349037102931373688e+00
-4.057841295523554770e+00
6.330078834231693818e+00
-1.178249713087540451e+00
5.096986119113836367e+00
2.667883921632926647e+00
3.530192316022802146e+00
-2.859377770360787441e+00
-6.492849060869007261e+00
1.941555557779070185e+00
-4.181315046393963009e+00
-1.241086094366502524e+00
-9.255846563575044428e+00
-5.290573201684978244e-02
5.351512527689526344e+00
-9.594007912510446046e-01
1.823921457576403782e+00
-8.687935336009227072e-01
-1.954229876808594391e+00
-4.237893634801277010e+00
-9.011071792096750244e+00
3.837422256898554096e+00
5.419831818721082328e+00
5.722123710618498116e+00
-3.887307706730172008e-01
-4.915487731018089335e+00
-1.192035385930834135e-02
2.129989051461579574e+00
7.885890448364693661e+00
3.504715686057761292e+00
-4.168086381722351241e+00
-3.712389056053986280e-01
1.865478930468777552e+00
-3.163725812152762717e+00
1.058334416992140348e+01
1.003073578915179676e+00
-5.764384285737167879e+00
1.010562107530972975e+00
-3.328411590652561536e+00
-4.984661416280797397e+00
2.537538547661861710e-01
7.291645079355900450e+00
-6.143463877836737197e+00
-4.080318372243208813e+00
-3.804673627083343668e-02
-9.802175557694130958e+00
-8.333672431768441413e+00
-3.253692651760769827e+00
-7.346306113971263763e-01
-1.328726984153235424e+00
-5.707889239822830696e+00
4.011659574846905052e+00
3.045506368504168559e+00
-2.731764011134532932e+00
3.180077863978749697e+00
4.082601038956816808e+00
-4.661589176305080073e+00
-2.557213379378102225e+00
-8.310238006443453784e+00
-1.425001160313696280e+00
-6.634382955344502619e+00
1.573814907712560540e+01
-1.036009365245431724e+01
-2.651331161342315390e+00
-1.184395363200066953e+01
-1.704005743545355278e+00
4.531929968499529560e-01
2.455502480206459559e-01
4.246282668243377412e-01
-7.994206576776338835e+00
-2.121739788653768333e+00
-4.211318389296161868e+00
1.179186291854466262e+01
3.858961692323823911e+00
1.682472798309668782e-01
1.085081273690327741e+01
-4.519347070209878581e+00
5.114951641138674177e-01
-4.175156667329979143e+00
-1.537417547986055455e+00
4.543096894253135787e+00
-8.383296120623199954e+00
4.992594373840519850e+00
-4.442470448253535764e+00
6.688067140237642150e+00
4.011247014154315504e-01
2.690361284013622623e+00
3.487529689854472537e+00
7.739942339488195877e+00
-7.250749520158785266e+00
2.142615404001491530e+00
-3.108615805586106617e+00
-2.522928098724474211e+00
-5.003941002567017904e+00
1.386614809246867974e+00
1.119553238550292373e-01
-3.317159859054680915e+00
-2.076663916637973895e+00
-9.048692055134040402e+00
7.926386044799930808e+00
-4.000924583540075297e+00
-2.858889739828304410e+00
1.852447062896103613e+00
2.322456440589170334e+00
-1.684891361145978816e+00
7.259892954352996419e+00
-7.261961162784086099e+00
-6.043677229326644529e+00
6.749072178968526181e+00
1.204242339268004969e+01
9.130205187307586456e+00
-9.648311868653333123e-01
-2.837643044710932205e+00
-1.738912839432998902e+00
-5.184696093620922319e+00
-4.496324039347364132e-01
-6.556667204796788440e+00
-4.124498488015975184e+00
5.946381297513147146e+00
-1.301423465851312855e+00
-5.783331845759793310e+00
2.936671217987695037e+00
2.243535686638631788e+00
2.442122312312957177e+00
-4.403897690954025279e+00
9.950535585296682584e-02
-1.139055469642659979e+01
-7.204297154310004281e+00
6.820112172816333862e-01
-7.822255684062209280e-01
-4.760666625748221747e+00
-1.519751110819858031e+00
-7.096029599778168162e+00
6.473796733455561281e+00
6.595519779223470103e+00
-1.667131510951928020e+00
-2.389716478815093303e+00
1.826901638237459213e+00
3.813524642891153782e+00
3.665983948113164193e+00
-2.382355720188470194e+00
5.496401394267065754e+00
-7.677005735297710132e+00
6.747374680762951549e+00
-5.519581459721754513e+00
-8.428196655644883961e+00
2.638386234656436180e+00
7.970320934732149087e-01
-5.527954765386192904e+00
3.397981966520492225e+00
8.341399788065659848e+00
-4.917762537094575670e+00
3.943674919744228902e+00
-2.603838344469020516e+00
3.816903796630050305e+00
-2.111742970746858905e+00
-4.589607246807771546e+00
-1.619103086863302954e+00
5.692697659071818350e+00
-3.051050659077042315e+00
1.312863828538873401e+00
9.000196485076251918e+00
-5.338671174673571551e-01
-2.790734508699109995e+00
2.858369065775373308e+00
3.493628460659460089e+00
3.126645506673203734e+00
-6.294725056817320308e+00
-2.670139795586825571e-01
2.087160225192322915e+00
-3.613917229063595027e+00
-2.157605222899634967e+00
5.482150698777209286e+00
1.454719336971897814e+00
-3.103765917492285809e+00
2.232894548973308968e+00
1.628446233957834277e+00
-4.335335575182154955e+00
1.786431687289954606e+00
-9.052697619020911191e+00
-5.350353944934958861e+00
6.632611020018927661e+00
5.446317741936706369e+00
7.820160391470367678e+00
2.023580661142856840e+00
-8.806092238431807218e+00
5.364433301404090138e+00
-3.136503329612275071e+00
4.341889678055459001e+00
-4.964764149148747086e-01
6.517362848016308163e-01
1.012457093029655653e+01
1.247110533894539941e+01
2.652023285154369248e+00
4.875929532315018022e+00
5.177879055330884661e+00
-3.348812704822794473e+00
9.971426186534579017e+00
2.446790130323820200e+00
-3.498499524969235885e+00
3.883161589867409891e+00
-2.845965390473731427e-02
1.189686763763840638e+01
8.884985108390944797e-01
-9.778137417641570295e+00
9.101706273299271288e+00
3.888231815358926813e-01
7.297015028724676000e+00
-2.002558398130053430e+00
1.330572838669349611e+00
-3.580214971392678081e+00
-3.292526039394051196e+00
-2.057011903039163592e+00
7.023471602090987531e+00
8.507005546049700939e+00
4.955540115398044065e+00
1.294389482947750736e+01
-3.864411552622095236e+00
7.496534825658024426e-01
6.459539835127758867e-01
7.264133414937187894e+00
-2.113091588129913934e+00
4.655809881123623484e+00
7.117503819321038705e+00
9.466234256213923448e-01
-5.121181624852255254e+00
-2.327860675377391164e-02
2.132645982239961491e+00
-6.251431772660692943e+00
1.335159371568653164e+01
-4.504191983866880911e+00
9.032601226042378251e-01
1.736747231927782575e+00
-7.734408844065047139e-01
-5.091525407211644483e-01
1.576110887724508691e+00
2.984708196513544909e+00
2.474394585046465200e-01
2.953917955800393180e+00
-1.258602736116465337e+00
-2.004526229006685867e+00
-3.006142764400523859e+00
2.395121843976300013e-02
-3.171674078125821250e-01
7.029296716061253392e+00
