-2.492374809804562830e+00
-8.546960533133951543e+00
-1.162967956137931225e+01
-1.121983184955320034e+01
-6.677939885123045372e-01
1.041970744909069779e+01
-1.128394726844013718e+01
3.672727318015310605e+00
7.823165126970685890e+00
-4.043000758394339478e+00
1.882321933978607920e-01
8.623157551029677848e+00
-6.423423892216169051e+00
-4.673858619989493590e+00
4.404423035346336057e+00
5.212052252250333417e+00
-1.540242202725215037e+01
-9.078442604166818697e+00
-2.167397101183917929e+00
5.673731460746218147e+00
-1.437114728166519084e+00
8.601457216334784661e-01
-6.185669247146844185e+00
-1.134308532999284935e+01
-8.266437121081386952e-01
5.232624632005011378e+00
-4.939971297249539539e+00
-1.084960290016344864e+01
7.454063891288139843e+00
-1.725722951347719025e+00
-1.146560963399050515e+01
1.155903000988497276e+01
3.099248078266410023e+00
-1.556742297740754788e+00
-8.632791863250945497e+00
-2.464724273873664551e+00
9.348639185217349379e+00
3.050065373976359240e+00
-7.080028603357206407e+00
1.055472031604890404e+01
-3.119645545230722128e+00
2.103384623564448219e+00
6.085067651254449927e-02
-9.870347752611831282e+00
-1.642025756701557171e+01
4.981266162170306266e+00
1.028602036251682783e+01
6.050178085276407103e+00
-2.032846108697073939e-01
-1.084724000956162548e+01
4.066810986625826629e+00
4.175241827082623480e+00
-1.902533789249825347e+01
-4.194579418348018507e+00
-4.055680022998291001e+00
-1.860149632574036538e+00
7.029463229711866212e+00
-2.205753268019563507e-01
-8.424027474663825288e+00
-4.806766345505744553e+00
6.407625942077919134e+00
-1.226516503763402000e+01
3.746977342388286392e+00
-4.496938807158332718e-01
4.901192550074350507e+00
6.741331112037293738e-02
-1.280309208779717878e+01
-2.699527576792549510e+00
8.117254692148993200e+00
-3.073391943875865007e+00
1.003185904692074004e+01
-1.252481401701948727e+01
-1.800977848467592679e+01
-7.649632926433762137e+00
6.252582334608585590e+00
7.376503854199595978e+00
8.399106575089437143e+00
-6.594750984460150178e+00
2.421938466907877174e+00
-5.004751516687456103e+00
-9.566722002575202666e+00
4.223506758338507971e+00
1.050201176251149882e+01
5.228954317586981482e+00
4.195155262306118793e+00
1.116783484988934649e+00
7.943136959085693505e+00
1.064200900082929024e+01
-1.233929409288362855e+01
1.794809945512998794e+01
8.810868051092803910e+00
6.545078085899419529e-02
8.958211767429958172e+00
-1.615369681624576614e+01
2.719611344149568843e+00
1.898264829999822823e+00
5.610375647695550860e+00
-2.281621055321041425e+00
2.504731729469890311e+00
-8.272374904407968632e-01
-5.578917962852598222e+00
-9.874378180380906755e+00
-1.359067607403556011e+01
3.308778741906098553e+00
-1.820450816115255321e+01
8.787900338180507642e-01
-1.096509482788833267e+01
-4.461106525051087957e+00
2.216834228134838369e+01
2.326905867444434950e+00
1.383562837708894477e+01
4.908975064782870046e-01
2.426055819386466084e+00
-7.167659740410023517e+00
7.431632946076957680e+00
-7.620354975339465042e+00
-8.309120588416320174e+00
-6.584872743164370767e+00
-1.977839270667091087e+00
-4.288246003707367748e+00
5.124407479113309627e+00
-2.497759037410338667e+00
1.071788448984955977e+01
-1.282349619331147217e+01
-4.093819242073307052e+00
5.838976068225870009e+00
5.762255189737249594e+00
9.081256089794537800e+00
2.792591388482152048e+00
1.367972249706928167e+01
2.490753268629073425e+00
1.967614156091584521e+00
-5.831508364530841870e-01
8.326917719383675198e-01
-2.439222412593790690e+00
6.105754769247823122e-01
7.328481482267625857e+00
-2.022005616860646882e+01
-4.163858218809916245e+00
3.808921364900681894e+00
2.106098632340973609e+00
1.731186950246128120e+01
1.084617406111631865e+01
2.877700796812892037e+00
6.807526705732465544e+00
9.538552231214159960e+00
1.146134092236602564e+00
6.415691009938699452e+00
-2.535394810890042372e+00
7.717298478441003695e+00
-1.581424519810973450e+01
5.193265199361313478e+00
9.952508981767641316e+00
-1.575276539227992956e+01
-1.397238615567703901e+00
-9.281774051148167004e+00
-5.742277170743866677e+00
1.108911730028150089e+01
-1.150164623580710632e+01
-6.209115192650831894e+00
-4.518767169333026246e+00
4.974325923452303400e+00
1.198619225951926826e-01
7.472077633204939673e+00
1.651845550479984226e+01
5.051318335345254873e+00
-3.740883926760865119e+00
-5.641439699592329049e+00
-3.910438577309926167e+00
2.698619804097431185e+00
-1.058911614584171268e+00
1.100351860706134133e+01
5.666472648021861680e+00
3.232154771939289017e-01
-8.389336436488433080e+00
-3.097262465272335952e+00
-3.220302118471427999e+00
-1.334767237831210629e+01
2.406168411477502822e+00
-3.806719900907030940e+00
2.418004450241660219e+00
-7.392240629230295568e+00
2.059513690001335551e-02
-3.688478558147254560e+00
-1.812356451695450232e+00
-4.955152556398267905e+00
4.493910614631992928e-01
-6.082011724926357665e+00
5.697744508206677772e+00
-5.058768200483918065e+00
-1.540685629394780376e+00
-2.976039104919839251e-01
-4.396035392247011231e+00
7.738572477509322312e-01
-1.455721742512260874e+01
-2.525686151251737233e+00
-5.545471750639268116e+00
6.878276092984706658e+00
9.210883638408994045e+00
-2.156555207503192850e+00
-5.502224931963263010e+00
-8.281331577878392025e+00
-9.727310183428802048e+00
-1.701175103115932785e-01
-1.099546548446227412e+01
-4.689163241945719207e+00
-8.588704033351490352e+00
-3.444880247958657993e+00
-4.008187908177797354e+00
8.016446721484305371e+00
-4.734941975980277995e+00
1.327434710365629433e+00
-2.090374175173370652e+00
5.045659130222963640e+00
-3.254835319890485579e+00
4.049610213081369814e+00
-9.572796933361260585e-01
-5.446774823172186863e+00
-7.207645531659997218e+00
-1.204291068809843379e+00
-1.084521460139219862e+01
-2.906722714639807581e+00
-1.206886929991142443e+00
-4.104892790587099327e+00
4.382110514614218744e+00
7.143763226276142575e+00
4.391585895428192110e+00
-4.632146831113169050e+00
-9.239128350524987709e+00
1.629074602592237131e+00
1.794626532453075685e+00
4.436061634874853832e-01
-6.015802222688082068e+00
-1.207652458762916492e+00
-1.408160290977980567e-01
6.262952916573202522e+00
9.352944429896075107e+00
1.797045437514123378e+00
1.266383396502543235e+01
9.216038672877095550e+00
-9.059432119186231702e+00
-1.454003952372893149e-01
6.540316713180954977e+00
1.232472043302554532e+01
5.846512052866983389e-01
-5.761039120393371959e+00
8.833178962624838704e+00
1.377852400162760116e+00
6.465090119240320732e+00
-7.636950095660776761e+00
1.083498120271779186e+01
2.140222549227020377e+00
5.261875397502013385e+00
-1.017923493093140408e+01
3.760288431066854287e+00
3.896387291251378393e+00
5.849305880855601103e+00
2.693775674957826993e+00
-2.825081596574980480e+00
-2.260005438833128988e+00
1.045006807828064943e+01
7.120754921556992301e+00
1.457410055296544327e+00
1.580985900924653365e+01
-1.292218393868015447e+01
-1.301100562001106731e+01
-2.685496414623049333e+00
-3.268095549790889787e-01
5.810233284737131854e+00
2.856573483146655601e+00
5.966712718360927425e+00
-4.655859666688557219e+00
-8.173119002755925067e+00
1.037964714815226586e+01
4.551666872177795753e+00
-1.911947981304000521e+01
-1.363547913132607725e+01
-1.054421185095695268e+00
-5.509337000909269033e-01
-3.605421992098529316e+00
-1.453268159213100397e+01
1.003041336485173129e-01
-8.909054347933883733e+00
5.418580200678966285e-01
3.910712172467400549e+00
-6.523418654000844086e+00
5.867924629647663259e+00
5.268232799934770227e+00
-8.501927114781899775e-01
1.188176636204124170e+00
5.514009429961994613e+00
3.972707306235283120e+00
3.855981781466730318e+00
-6.325127277840143503e-01
-9.762711874362512532e+00
-4.899359059976403863e+00
-5.980387191085181797e+00
-7.643593584581837241e+00
9.076190916440088685e+00
-3.818055839104539384e+00
9.225068540608198475e+00
1.181946595460837202e+01
8.647528003464024948e+00
-1.067309642241441381e+01
-5.488823479307026076e+00
1.995559058735423719e+00
-2.196410059337055465e+00
-1.243571743650526074e+01
-7.050556173422508621e+00
-1.031656845358764230e+01
-8.984106004767784537e-01
-3.219634504358329097e-01
6.384057467405079400e+00
3.536629768168348509e+00
-3.107266092420328363e+00
1.439272908685052199e+00
3.582998639995668366e+00
-1.359333593275575502e+01
-3.077990615754498727e+00
6.077618285647993446e+00
2.429436149505577625e+00
2.651622448599058490e+00
1.063220953651810063e+01
3.972399378544390292e+00
6.851425688732473152e-01
5.987195211663887129e-02
-1.230198438947532047e+01
-1.271413564972655230e+01
5.550415240072406498e+00
3.337105666524949665e+00
-4.905779267823040080e+00
-4.781453448562926312e+00
-8.191724997996461255e+00
-1.029773955406112407e+01
-1.222025487370742169e+01
8.980654511177748489e+00
6.887866359405828698e-01
2.922364155721318468e+00
3.023535436086755013e+00
4.578512361375719486e+00
-7.083551200563673156e+00
3.199851068596020198e+00
-1.964986974498783567e-02
3.489880318335519149e+00
2.513157057363636149e+00
2.014785937445816022e-01
1.652594563826635721e+01
-1.298765778833850959e+01
2.781920802916202362e+00
-1.018481172200965190e+01
3.899722469826854443e+00
-2.485872106388657521e+00
-1.158396877610507136e+00
7.879032091413463057e+00
-9.394663564508849873e+00
9.664108165667343542e+00
1.973231950607383212e+00
4.762101488889046053e+00
-2.838561066257369703e+00
1.466607801662647503e+01
-2.690174988671576450e+00
7.050165311028500525e+00
1.847870469371028834e+00
6.630846498528417676e-01
-7.002150291440530694e+00
-8.526587880879814563e+00
1.303059831091155640e+00
8.002117547497540784e+00
4.668046423574680581e+00
2.962073350943195127e+00
6.659558828563641342e+00
3.844563365499142904e+00
-5.521058886306022817e-01
1.097772244630015326e+00
7.879532880692073915e-01
-1.184893074944456970e+01
-5.992316647346836334e+00
2.350030319957645109e+00
-4.628044613344273195e-02
-2.749228493659723771e+00
-9.371574016826111020e+00
1.443143094552195915e+00
7.400573400717644912e-01
-9.375465269931730461e+00
-5.938718014093944397e+00
4.777004856610714612e+00
3.405051481770095201e+00
5.180613055130554478e+00
6.206110481902832987e+00
3.787594822516763493e+00
1.413764359395364600e+00
-5.640782949951669067e+00
-2.546617572868662194e+00
-5.972963544215252440e+00
-3.238986939231273787e+00
5.793632655101247586e+00
-9.874077218906077702e-01
-2.340258184511065487e+00
-4.122532245577381182e+00
-7.879256024769334399e-01
3.304903878484767077e+00
3.175686067988902295e+00
-3.638256018298787087e+00
-5.274557652620126547e+00
1.054819532601440812e+01
1.174456278903238671e+00
1.162248014392112516e+01
2.095711415981091008e+00
-1.436800482135499379e+01
4.221334800020713374e+00
2.539363054033372258e+00
-9.594164389465428044e+00
-1.503998579595171803e+00
-1.275453138320783708e+01
4.258106904474537657e+00
-6.572106041949375310e+00
1.348968531453912867e+01
9.564156952324678329e+00
-1.930055406984801047e+00
4.412382316164297436e+00
2.266866482247082537e+00
1.857667822006873415e+00
2.316617919768646061e+00
1.042918206627737021e+01
4.102911850060564802e+00
-6.496080608515349297e+00
-2.155729766818588189e+00
1.043142709831947990e+01
2.401060140954645483e+00
1.087402238295543810e+01
2.975328025992445724e+00
-7.835243308415428487e+00
1.295085270066662186e+00
-6.575097028653203779e+00
-8.145742615578789980e+00
5.549909351540469160e+00
9.585243553012754436e-01
1.248820958732332187e+01
-1.148709514455539704e+01
5.601155513920200946e+00
-6.012800660265371633e+00
-7.368520711770314424e-01
1.009450263413343585e+01
2.452574193218070242e+00
1.933435557017599393e+00
-5.439388815972774793e+00
2.536483670923945777e+00
-4.561641229001345721e+00
1.401231189630881069e+01
9.152613518799567416e+00
7.706024824660529404e+00
5.954002305854192656e+00
-6.214303585815452280e+00
-4.207346044587847445e+00
8.180361206346947966e+00
-2.333674449369607107e+00
-8.525483881842857770e+00
-1.254200565870256234e+01
-2.046037027319893120e+00
1.909674720338985665e+00
4.766297180192885286e+00
-4.156271082335428524e+00
-2.644674710471780266e+00
-2.635721644228938843e+00
-7.479980986118857089e+00
9.756495539408364337e+00
-8.542492979295923661e+00
1.054557871784327894e+01
7.743135978432564848e+00
-5.071199674054669870e+00
2.789488157448661632e+00
-1.739704579206322599e+00
3.393501958533652108e+00
-9.739714403972069334e+00
-1.006962205050899684e+01
-5.739611879414701079e+00
-1.947157635002158882e+00
-1.187496254760974601e+01
-1.722756356592371318e+01
-8.847250508592306995e-01
2.534128429156720763e+00
-5.285162999229950920e+00
3.507100163012588645e-01
-1.098079998310801209e+01
-2.632950865021898235e+00
-1.501410833707246084e+01
3.924475285055262219e+00
4.397131970455696148e+00
1.600644548444838666e-01
-6.352863945539343860e+00
-3.403831229073262854e+00
1.033304455781776632e+01
-1.564052431407512422e+01
4.112520732503020859e+00
-2.120599175357134669e+01
5.518717251143804958e+00
-1.530113882245709434e+01
-9.902034453735240049e+00
-1.583841568306297987e+01
5.578608124635341170e+00
1.222981614075695500e+00
-3.577570167903949994e+00
6.762552637934487798e+00
5.101415634421560874e+00
5.758226199346656582e-01
5.706210526556676932e+00
1.509526511322464515e+00
-4.376037106943414301e+00
-2.003361777693403734e-01
3.659843782875209062e+00
4.232936169256122483e+00
-5.879170247154723583e+00
-7.534495944723110128e+00
9.812916460576899258e-01
3.589797844597284460e+00
-1.023184802916920155e+00
2.907501895047582829e-01
6.056958992201471048e+00
6.532117934398922188e+00
8.505128447555154736e+00
-7.946544755740307053e+00
4.089644136757836890e+00
-1.221585986934395240e+00
-1.316378099091814668e+01
-5.496114688997084663e+00
7.757735353876947570e+00
3.432603260388018995e+00
6.143842389103812529e+00
2.117831488197783329e+00
4.309580820510676702e+00
6.153527888418525826e+00
9.364286736414685342e-01
4.781287547991258435e+00
-7.819959503894717834e+00
1.220513570716918750e+01
-9.934481086029794739e+00
1.361214531972679431e+01
1.333958941023071887e+01
-7.166359417340107951e-01
-1.747254538367543297e+00
7.653499412603493646e+00
5.367892192715106425e+00
9.255719897172935973e+00
-8.826342931710788875e+00
-1.724556917963244018e+01
-7.454420036995042409e+00
-9.504361801567181800e+00
1.618732127922420361e+01
-1.094708455594455998e+01
-2.891920021585381861e-01
-1.595188289793222580e+00
2.747324505695579955e+00
7.497612550250644103e-01
1.000755994309660402e+01
3.675227097112530927e+00
-9.449206676778615366e-01
-8.078223431922949560e-01
4.304741299845858404e-01
1.433108540884955318e+00
2.375583051342421648e+00
5.845795006519225012e+00
-1.974307843429166098e+00
1.107533017103641626e+01
-1.107151771718435995e+01
9.315502493772653381e+00
-1.304372226237155630e+01
-1.629213504146825287e+01
1.587194302708353044e+00
2.631944879366042933e+00
-2.367672325910246123e-01
-3.556094485886378553e-01
5.712009563107057986e+00
-1.336571314621396667e+01
1.394661891152381017e+01
-5.383411959840612937e+00
-1.429789719076774368e+01
-9.227427412775757176e+00
1.013584723131301146e+01
7.723616840893824387e-01
4.479220530169520487e+00
-1.142844925002456158e+01
5.952944002164015203e+00
-2.354287191207848906e-02
-2.409069680844095007e+00
-9.234681005836254286e+00
-1.297838312020001972e+01
4.067186454708118681e+00
-8.126131295185686554e+00
-1.328561520964874898e+00
-2.099837241749290317e+00
1.517512412303362446e+01
-5.277895926237082591e+00
6.347116548444791562e+00
3.739404807142222342e+00
-4.579515155054977527e+00
-9.410227780360079564e+00
4.784975102577061712e+00
5.696226803590102250e+00
-2.398084544355279846e+00
-1.757346562003973034e+01
1.326057194358228664e+01
1.855699653243282299e+01
7.005068670984400114e+00
-1.696388590370158767e+00
-8.708240707980493767e+00
1.159050381377613270e+01
-1.178394684822002958e+01
-7.864363050317495940e+00
-7.556614468704852428e+00
2.058114362500709227e-01
-1.896906437769671605e+00
-5.956875541498092730e+00
-1.558166397486060673e+00
1.598058249060251335e+01
4.825874038429990520e+00
8.657277705206135821e+00
-1.093029138506442877e+01
-1.448006385712119481e+01
-3.505658921484871904e+00
4.195301014008155249e+00
-7.685043561125703970e-02
1.849139621729240446e+01
-5.424163482457411867e+00
1.370115307853251707e+01
-1.404934454096282792e+01
-1.318740801239440685e+01
-1.612543568075768263e+00
-1.252496916885713674e+01
1.812525264251100410e+01
2.498435629610392894e+00
9.864735693041835063e-01
3.884686559105193560e+00
-8.095077573780027791e+00
-1.687355117596892606e+00
-8.492903616489964946e+00
-9.262553336350189070e+00
5.748025527444451832e+00
-7.199381491898896535e+00
-7.235227776583971426e+00
7.272344116716201512e+00
3.473584428450582351e-01
7.937051972857329218e+00
8.517883199845865949e-01
-6.589936628690741927e+00
5.279454196001528210e+00
-1.796805567073072041e+01
-1.297817740096971484e+01
-1.716302152112437973e+00
3.560185684017922014e+00
8.576646023505940519e+00
-7.622769582108519515e-01
3.194965656644317420e+00
5.087991653292605498e+00
-8.817410001255476804e-01
9.886399836100398630e+00
7.510143088905994802e+00
7.116128178549938621e-01
-2.047784932271043079e+00
7.224404793338472519e-01
3.026266796270931536e+00
5.903846234189956022e+00
-1.128077654312103029e+01
-9.398302292757321652e+00
-1.727870056136960208e+00
6.995715209552302305e+00
1.589148430165622017e+01
6.673160293469880600e+00
7.029621316937479492e+00
3.705199307343558068e+00
5.549549915264725186e+00
3.881238746911491955e+00
-6.474000099622686522e-01
-9.716779683230155840e+00
-7.538837103220275893e+00
9.870547236759641407e+00
3.036107240951522179e+00
-2.461388608902705055e+00
-5.692008442766537613e+00
-7.266712858425223409e+00
-2.974569194616008438e+00
-8.404831603176992516e+00
-1.245871315400298940e+00
-9.339412589160028588e+00
-5.313374353940389483e+00
5.627069016684760783e+00
-2.761700375793523232e-01
3.749691104831104349e-01
-3.736176383594065342e+00
2.398223011822080419e+00
-6.067176262700895606e+00
-1.371983765732582849e+00
3.434248558521469263e+00
1.712740680096998425e+00
6.135231993207888479e+00
3.131336219361045448e+00
1.123052235619766748e+01
1.013623025214339890e+01
-5.680611595232459621e+00
-8.122281357535749535e+00
1.336927084486679362e+01
-1.900850995359214535e-01
1.515833204042944082e+00
-5.106507069413729560e+00
1.438165707320017006e+01
-6.921386015992487373e+00
-4.494622887287317958e+00
2.212411995252542507e+00
9.645748693379905259e-01
2.943722218697424342e-01
-7.656063629674824789e+00
6.480605148818640693e+00
-2.134235441594216454e+01
7.360652821546717739e+00
8.448275897246110944e+00
-1.452472525141212145e+01
7.442917431425239982e+00
4.687697674633483302e+00
2.169218650448733410e+00
-6.560551155799593914e+00
6.433043362311666513e+00
5.624656736424960002e+00
-2.779344679287105713e-01
1.312039355577861066e+01
6.619978221092171822e+00
1.163156679527958648e+00
-3.666033315604228626e+00
-5.376913900281242498e+00
1.637273927660702100e+01
5.938069014687291869e+00
4.500333861888677234e+00
1.673766788685832552e+01
8.696475404937682896e+00
-4.816648839121051573e+00
-8.040501214829664178e+00
7.966144769913331203e+00
5.431467584026927753e-02
9.324057718978293607e-01
-2.846649101734660459e+00
-6.011427182829502947e+00
1.101442382400309405e+01
4.706275487686647274e+00
-4.631021633563908502e+00
3.221304861457651381e+00
-5.219188398027721831e+00
-5.551951578362814388e+00
-7.734404921970451596e+00
2.994699633492519997e+00
5.420946966055019800e+00
-1.162906531176278957e+00
-2.633237319540642218e+00
-4.285950162292104793e+00
-5.367206127292123430e-02
-4.077270307960882967e+00
-5.329372572399787344e+00
6.279948194032565212e+00
2.403678488905015342e+00
-6.660283153040845505e+00
-3.866216198984340213e+00
-4.527154133376353862e+00
-8.738437332436965743e-01
1.587874203131254980e+01
5.867371429706794927e+00
1.038284686992738770e+01
7.423914270686325700e+00
5.999714101543263567e+00
9.217154383886869695e+00
-2.394163741732115547e+00
-6.539600975374968428e+00
-5.139783209232918537e+00
1.171707364382042549e+01
-8.089705096446289101e-01
3.855799294610187555e+00
-1.304769450231772154e+01
-1.013498927556665130e+01
7.393568587205523457e-02
5.955553319909091314e+00
-3.168571376365278525e+00
-4.085899999502734303e+00
3.221889416458040500e+00
-3.106476558827115930e+00
-7.566346188649716309e-01
3.403315922871009036e+00
-2.599049923306844256e+00
4.665816489777652620e+00
-8.116145486924644104e+00
-8.630257399566742649e+00
1.579745428711693211e+00
-1.353351070857902272e+01
-2.000680003844525245e+01
4.394547605124761169e+00
4.155345005071753306e-02
-3.154391413540357014e+00
-6.284517139155431309e+00
3.798275931773670511e+00
2.996767667961374393e+00
-2.696431256638009977e-02
2.619887114663685956e-01
2.473075037510528595e+00
-2.759312425197727681e+00
-7.610322346285746775e+00
6.537168100812030147e+00
6.887739573262575021e+00
1.056014711380362847e+00
-2.333678606589770776e-01
6.748013942839551582e+00
-1.996326606732443887e+00
-8.041980992107670145e-01
-2.403938690330771788e+00
8.810220828572228768e+00
-5.588169010965200911e+00
2.167512524585351485e+00
-1.088530683733621629e+01
1.135275043091244562e+01
-1.655846987869519449e+00
1.130844704616762009e+00
-2.714613604380192058e+00
-3.381607980086072107e+00
-1.373500307447863378e+01
-6.667771686056012115e-01
7.568363856181616889e-01
6.919084173523962100e+00
-6.348277851697433860e+00
8.389100534231829442e+00
-3.124641219221755417e+00
-1.103239478568908138e-01
8.942650232612503913e+00
1.605903049666180582e+00
4.516535916431822173e+00
7.099266973037622996e+00
1.785978958996926735e+01
1.256904737275638562e+00
8.288791272737696669e-01
8.026850529393414480e-01
-3.878813127466857580e+00
3.617393872072809380e-01
-7.120848404201360893e+00
-1.617897604044358673e+00
-1.425007290672009397e+01
8.088440122814807509e+00
-3.678914556890573451e-01
-9.474810724205561030e+00
1.655038954960209807e+00
2.508257459536888945e+00
1.398326515184026952e+00
3.750628815101507918e+00
-4.218052621468839192e+00
-6.829499404670320573e-01
3.944012066780670178e+00
-6.249973162907370039e+00
-1.851406264502384769e+00
1.061258423742507873e+01
-3.533265772658409354e+00
-1.109923671261361910e+01
-8.383085800236584006e+00
4.223934971844816033e+00
1.470129520579700610e+01
5.444310810629329644e+00
-6.404464556203464554e+00
-5.554641892872404618e+00
1.269293974090549071e+01
3.053171122238874435e+00
-7.350995959406839475e+00
-1.951269243664474118e+01
2.753245201864980451e+00
1.850305805515231938e+01
4.991702220679803403e+00
-9.163839718941316770e-01
-1.294360504058608008e+01
-8.501140058090854712e-01
-3.587567633593375938e+00
4.650717244739154488e+00
7.786285437773400320e-01
-3.143781482921204073e+00
-4.836089904861418987e+00
-5.413607261331410569e+00
-4.742564247805870714e+00
-9.011606817806839587e+00
-9.495181067234137018e+00
-5.418482388995983001e+00
4.762007155219588839e+00
-8.178910841081382443e+00
-3.499573861770798100e+00
6.361491080094787698e-01
7.220317525381814150e-02
-2.404105922321530198e+00
4.291644062037384799e+00
-5.622871001159559512e+00
1.089986177795146993e+01
1.508386968859650779e+01
-3.319476948219832746e-01
1.892528109890037946e+00
4.978151487639457251e-01
-2.366613489376542923e+00
4.333375934697089704e+00
-3.915203033512323572e+00
-4.744655423933878957e+00
-1.431545044081869200e+01
-3.325875726515667985e+00
-9.037081432335956066e-01
4.302004175260316643e+00
-3.563749587503022287e+00
-3.861311060278139973e+00
8.575055513960458953e+00
1.256168581654139516e+01
-1.918277143697075582e+00
-1.938323396387892927e+01
-4.712601074946878299e+00
1.137492387065205790e+01
-1.596207321843367666e+00
-8.701712517293914928e+00
8.427723088143848074e+00
8.449856915338873620e+00
8.423393582026498905e+00
5.223756251117765537e+00
3.197866850744251810e+00
-5.685870499041120851e+00
-1.545792591792264581e+00
4.295367715774654371e+00
-1.551090829266434490e+00
-3.522717856728330599e+00
5.703279708255124980e+00
8.372709432414659148e+00
4.980058277234316044e+00
1.492604700965656006e+00
-6.177982047709873470e+00
-1.747297266640766011e+00
-7.291815093172234086e+00
-7.914590632749538557e+00
-8.844751774150392265e+00
2.021512880212359420e+00
-7.274792290667869032e+00
-1.016686711436013413e+00
-5.876301508736474499e-01
1.326609738264495952e+01
-4.014908404255437269e+00
2.802218145669162386e+00
2.213534663034865346e+00
-1.328180864707054809e+01
-7.691243250922927821e+00
1.935583727765806339e+00
-6.388422090352571914e+00
5.726555654723139988e+00
6.158287681244363654e+00
-4.788944900094197266e+00
6.518504062725448911e+00
-1.602349314961609039e+00
3.194186702495815489e+00
-5.291423512061475876e+00
-1.780588285900611023e+00
-1.447117921415829844e+00
-1.462169472732300468e+00
-3.662729370525644956e+00
-1.734173458796496536e+00
-2.459281830829818993e+00
5.581191051949213389e+00
4.212931991167111256e+00
-2.035927765520706423e-01
5.619519594363051596e+00
-5.377473373605736739e+00
7.956790843970762417e+00
3.319721661631148013e+00
2.291476063693562271e+00
1.201461215407124428e+01
3.591706045189755336e+00
2.757980683367745378e+00
-1.256205783980503199e+00
-1.184021331078262840e+01
-6.192260175097536568e+00
-8.396964288094686424e+00
-4.431092801802574144e+00
-7.549409477801172663e+00
3.401254942994029307e+00
7.075592636486364384e+00
-5.261064137171853616e+00
3.809752850073277131e+00
6.295950635603864143e+00
-8.455529147049150041e+00
-3.830795427711417567e+00
9.812135578601820285e+00
-1.272567964813423913e+01
1.876936182214917537e+00
7.222985054456203535e+00
1.921911839371987618e+00
7.831973077702708785e+00
1.267080157169569432e+01
1.201412567358197236e+01
-8.929788390077735727e+00
3.628471232764867604e+00
-1.179317649091613340e+01
3.418815909925705387e+00
-2.889793627770939288e+00
7.874367202381469255e+00
1.256664340153851711e+01
-6.347418934715120642e+00
8.115930374057905183e+00
-5.379938439005501394e+00
-2.653861257994380995e+00
-9.311456225382126473e-01
1.972164294014475683e-01
-2.278324802853829434e-01
-7.820616761168087905e+00
9.631349996395812685e-01
4.884760411345316022e+00
6.756706480114040403e+00
-1.101533070507403345e+01
1.503391931498059275e+00
-4.040566254195329110e-01
-2.076520875116753651e+00
-4.994581482418581686e+00
-2.165190077100279886e+00
-3.827952799836255249e+00
4.208586018353145164e+00
1.096104143145893550e+00
-2.923149660563450158e+00
1.315476927349733760e+00
9.504466467195522128e+00
-9.766085051349332247e+00
-1.321116427000912363e+00
-4.956093010367338181e+00
1.484465381401431650e+01
-1.059805259237599628e+01
-1.753409325066985547e+00
-2.172705471347672557e+00
-8.036032146045368307e+00
-1.076495306917184536e+00
-4.097710831199641746e+00
-1.486507982831678909e+01
-6.299119434597945322e+00
-1.346817006244757753e+00
-7.227669797477941138e+00
-1.623432427734049499e+00
-5.179784019892305635e-02
-3.709198440563905130e+00
-2.689455805928855803e+00
3.134815871933419817e+00
5.933519697750637256e+00
-4.010248033946187007e+00
-9.619671009212421353e+00
6.850951923301472846e+00
-1.133367025251406313e+00
4.247621317822167342e+00
-1.554155683173998170e+01
1.675673275579258936e+00
6.783705256532305938e+00
1.698201075031645413e+00
-5.688948110277711301e+00
-6.656566329529366222e+00
-6.897597829977460293e+00
-2.276592814816576382e+00
