-1.423260116795562524e+01
1.243348051216257577e+00
2.117345995106385992e+00
-1.804839363650068407e+01
1.868971349097081625e+00
3.548077125098698659e+00
-6.522666807761646979e+00
-2.822191994014566774e+00
-6.621832317998568307e+00
1.556187142745794816e+01
-2.118876188647910830e+00
-1.878082682563775307e+00
6.094319836084671316e+00
2.188948254966649909e+00
9.891854404419582192e-01
1.104871753580222560e+01
-4.376075561681839865e+00
-6.103499310147161516e+00
-1.119524893969636103e+01
3.423129896234878622e+00
-3.306714614938624841e+00
7.362633502841575694e-02
4.596996153663889473e+00
1.734386176598418983e+00
9.709629873713344850e+00
3.297507186187430328e+00
3.275231548185558950e+00
-4.532719497983712209e+00
-1.185458260914620698e+00
-8.333853695534989559e-01
-1.581492863867794973e+00
-2.043432745384300198e+00
-7.529223702330601675e+00
-2.001471348042146658e+01
-1.650570333745522200e+00
3.664211762370113146e-01
-3.851154638694443744e+00
-4.498909036372139347e+00
7.194531086226060523e+00
-6.001230027119084376e+00
2.107583262459289841e+00
-1.056466330219900485e+01
-4.050684998719217944e+00
4.716239930346322495e+00
-3.628666032452806611e+00
-3.629609626882112305e+00
2.253570364210690791e+00
2.829485405549582389e+00
-1.088337442749978123e+01
8.798064420575409272e+00
3.458860434244223292e+00
1.610045064506869394e+01
-3.137113680685872819e+00
3.453475660183798368e+00
4.258120354969959998e+00
5.285242705863279156e+00
-3.015181822734851025e+00
-1.695244539090517932e+01
-2.064884896343176290e+00
4.532225275456178260e+00
1.768521287762936112e+01
-2.734617335601805088e+00
4.507120207814383939e+00
-1.769346245837436271e+01
4.387911054454690429e+00
4.846457441812304090e+00
1.003337757927153362e+01
1.083766458319616000e+01
1.129564049254212321e+01
-6.987298126947701249e+00
2.090104145277697256e+01
2.172799522438714437e+00
6.924419969336277347e+00
8.441356774679681152e+00
-3.299720540871303065e+00
-1.131718785437183961e+00
-1.055056730522404251e+01
-6.787392235949400998e-01
-4.633345472912637319e+00
-1.303215904010073167e+01
7.091091961161024582e-01
-7.204740205784120555e+00
-3.267829422773272707e+00
1.627222427282832129e+01
9.370997870874003155e+00
-6.700011245728825671e+00
5.276917573402593931e+00
2.202290128208549636e+00
-1.477596476478626286e+01
-2.633439199413400988e-02
1.022226891379525071e+01
5.575340125790719803e+00
-2.661249213010652426e+00
-5.162241965470621530e+00
9.019260059648361860e+00
8.513190465686708563e+00
4.435888582297410565e+00
1.233654991875140716e+01
9.850398104375434727e+00
-7.683064714058486011e+00
8.286935051633741445e-01
-1.805101905328995571e+01
-2.252850680795610572e-01
-5.698054297807857438e+00
3.962710795738256575e+00
4.988843986213941761e+00
-3.481259388731795745e+00
2.358237166545796626e+00
-1.562332786413457519e+01
8.034855527775542683e+00
3.196235973691051058e+00
4.390415528311264914e+00
7.065074143131580442e+00
-2.899103418294491252e+00
1.216965793545021768e-03
1.569603274960110717e+01
-9.238194529599361715e+00
-4.148423642936320377e+00
4.303243454785046218e+00
-1.187162741926449527e+01
6.750212286299841935e+00
1.285460288774515192e+01
4.901291114577785990e+00
-7.500426598943774614e-01
-8.393337590054166242e+00
1.590581605594866943e+00
6.160822338458618930e+00
1.062001291468214603e+01
5.750660172609878273e+00
-5.525121173649130135e+00
-1.842645664923986404e+00
2.406432175477941193e+00
-1.074025632137169062e+00
-3.951123188549582887e-01
-3.463010861055241474e+00
9.477049086860594329e+00
1.988765849312116529e+00
4.722935214540785687e+00
-8.593176777285586709e+00
-4.904792297960569591e+00
-1.151743482001383434e+01
-9.538138620235523391e+00
-4.629988307220690658e+00
-1.316551502676597707e+01
-1.093007417507624535e+00
4.145937978051819073e+00
1.736066047432701609e+01
-1.412004496560337152e+01
2.786636737390490559e+00
1.116097633947642365e+01
-9.083842255174006119e-01
6.268038332700548665e+00
-6.823580271129840114e+00
-9.942260894697334095e+00
3.871429494481726241e+00
-1.691673180040039304e+00
7.645022295312618787e+00
-2.714609345086614223e+00
-1.409497637467240772e+01
-1.263995934690509060e+01
2.009864213719214643e+00
-4.203496868285962584e+00
-3.936767032779161735e+00
-1.864110082075223218e+01
1.373537669010412543e+01
6.073014771387309274e+00
1.091252374325275998e+00
4.844483190169812659e+00
-8.228467017414525131e+00
-1.000119654914115053e+01
8.454576938651578999e-01
7.295716202585249555e-01
-2.112445250193998092e+00
-1.124120721512547227e+01
-2.801868145725709081e+00
8.639557060526405152e+00
-2.781582331219180304e+00
-1.449794415701909145e+01
-5.421260720580019843e+00
-1.729905492571560188e+01
3.642598996909665487e+00
3.563051917614302511e+00
1.643406876412400353e+00
7.889532047702338957e+00
-9.551793353413922105e+00
3.808438056131088878e+00
-1.494097028860663645e+00
-2.323547365817399513e+00
-8.646977764707139968e-01
-2.923565026205410255e+00
-4.704671127578074596e+00
5.190444866094100718e+00
-8.036725002793135175e+00
-5.747023505116537478e-01
-5.691104274435615729e+00
7.054501046943899567e+00
2.410682305407151560e+00
1.240697755060612906e+01
2.111784098766521289e+00
8.146933409301835738e+00
1.744342511837584553e+01
-4.819817768300796779e+00
-2.403592993969261293e-01
7.342564769662636159e-01
3.249589181224457946e+00
-1.758160200999352440e-01
-1.099348631829873923e+01
9.058740146041484920e+00
6.404939633727874337e+00
-6.634656005886851560e+00
1.413678950368294629e+01
-1.335330400952476282e+01
4.152980056050477486e+00
-1.564107822243011903e+01
-1.211959628427446845e+01
-1.854672545930517202e+01
-7.050257216466915722e+00
-7.234104472075539860e+00
6.785487974040071535e+00
-1.891574241101883658e+00
-3.794802045316651107e+00
6.839068282631632911e+00
-2.078790185157548542e+00
-6.103296432733231747e-01
-1.349545529745742023e+01
-6.674608354219487616e+00
-1.402586848102477823e+01
-3.039165049105364780e+00
-3.127144898845854115e+00
4.065741879107337198e+00
-3.267581185747228112e-01
1.650409235558057519e+00
-1.011287438983899811e+01
-4.347494988132496019e+00
-9.169069409890081346e+00
3.924472853916733950e+00
1.400884119434429920e+00
1.804756529200245208e+00
-1.052823037007066631e+01
7.437161995213728005e-01
-1.784389238108968545e+00
5.817391788087181936e+00
2.676506441103997158e+00
6.039267867890561803e+00
-6.767008983654110743e+00
-4.009585739889422129e+00
5.243365876138840420e+00
-2.674201206794485142e+00
-1.007609224580692597e+01
3.202390058876191770e+00
-5.748287754272977113e-01
2.821182924063892372e+00
-2.747441507004189987e+01
5.741585715433944692e+00
-7.326849005539919801e+00
1.621635627850069650e+00
-7.107635098784927941e+00
4.591955063125326419e-01
7.650141356843794149e+00
4.264137973184856101e+00
-1.257490629308530750e+01
-1.758325418968736731e+00
5.310544781895507604e+00
-8.845921145461973722e+00
1.090455259620675799e+00
-4.814066873661287937e-02
1.013060465178650738e+01
-4.845722684085254528e+00
-3.914915120594956166e-01
5.646061656999167511e+00
-2.852889957413225375e+00
8.567111078682709824e-01
-9.672229423540894544e+00
1.557732983277975602e+00
-6.972567822707956608e+00
-5.678789295247339552e+00
2.597418628069266155e+00
-5.553973224154095334e+00
-5.172060856277834517e+00
5.302374482763129393e+00
-6.115502486072444732e+00
5.248520390075674946e+00
5.936714082273731208e+00
-1.193207074992780470e+01
7.887363660029155454e+00
1.045729440009312761e+01
1.668643311927431583e+01
3.169229578005754444e+00
8.248839193827681271e+00
2.004533964838801197e+00
1.411121998712394010e+01
4.800753088132382551e+00
7.077844675703788724e+00
-9.967681507785155048e+00
4.954519953433527135e+00
1.594751028812392946e+01
7.587041851230423184e+00
-6.945890235215737007e-01
-4.226849197878871145e+00
-3.958367363267874861e+00
1.133015102216882397e+01
3.576406335734809261e+00
2.954289356863039728e+00
-1.347519979742868834e+01
-7.428351268984753730e+00
-5.064960974319953735e+00
-2.655490415861805786e+00
3.562690374442692764e+00
-9.875382779274067602e+00
-2.669919304572023755e+00
-2.862661487969251350e-01
-3.608206185802466770e+00
4.688684348264871460e+00
5.906846645487716652e-01
8.311397882701369255e+00
1.287783813860278848e+01
-4.562607435390367172e+00
-9.581193202218526439e-01
2.342236167303120897e+00
9.203101528846403312e+00
8.577756469750987378e+00
-4.070350306173764032e+00
1.376632511882271537e+00
-6.756593351567799388e+00
2.051171700844235612e+00
4.994344506675421513e+00
1.330292566117486031e+00
1.289189334210807836e+01
-2.716570967301101369e+00
-5.539349222934223604e+00
-1.379627066808339286e+01
1.186008647736360011e+01
1.976586562146850579e+00
9.798041754635061551e+00
-5.172332265933067497e+00
-6.614768454887511862e-01
-1.028332515986181050e+01
-2.360232075475539926e+00
1.119323344959258293e+01
2.349827701824744430e+00
1.504267029575848191e+01
-9.786306683313870103e-01
-9.811647583883111423e+00
-7.317932475531619962e-01
4.389259124033772608e+00
-6.516642877826505753e+00
-7.220791946824198781e+00
-4.504152196308900180e+00
-3.826338351126311821e+00
-1.784342124143404318e+00
1.133634599525462860e+01
-1.573664517986950173e-01
5.087721354022483045e-01
-6.967057620248220395e-01
9.095215391629496438e-01
1.708418753428212966e+01
-4.466502903409394598e+00
5.651852663748304639e-01
3.432390372417671309e-01
-1.298312890649255813e+00
9.367419253238558952e+00
7.309225189978674209e-02
1.499067754737731129e+01
-6.751004730712317770e-01
-2.963589016695512335e+00
-1.056726952098346661e+00
-5.006025081645860908e+00
-7.163287754640982996e+00
1.020184831239634526e+01
1.276649677210782841e+01
-5.700085845178159971e+00
-1.128730217963072491e+00
-5.679094148774446182e+00
4.062892975275934404e+00
-4.132529723963673796e-01
-1.944150901711719781e+00
-5.781070327943051979e+00
-2.339832629916790196e+00
2.444859565626225617e+01
4.654663297887881690e+00
1.942025620591073576e+01
-1.428381275231702663e+00
-9.763816094404912604e+00
-3.697119931596392739e+00
2.738705867051411502e+00
-4.435060475889720522e+00
5.011520334688176703e+00
4.537578740293231050e+00
1.580363657264421517e+00
-9.447590093076032591e-01
-6.448285633931981842e+00
-1.532841723697224623e+01
-8.525911342871033582e+00
-2.821430899377252999e+00
1.325961743202805687e+00
1.960994993542547604e+01
-2.906293384708773964e+00
-4.135746632013303503e-01
1.009130133213291458e+01
-9.699921970689576511e+00
-2.204890372324495029e+00
3.148506846389569347e+00
-2.813660184107344975e+00
-2.104762050279938901e+00
-2.544221064271581678e+00
-2.412516770678497569e+00
1.962130161322769339e+01
5.362147887252317613e-01
8.034526298898634344e-01
-2.097343731448385817e+00
1.378766669271651590e-01
1.293513454784531369e+01
-1.897720075189907263e+01
7.723061061681626427e+00
-1.399045372059146430e+01
6.427080857146213688e+00
-1.854154777064822213e+01
2.007359267677265535e+01
-3.475170259004269013e+00
-6.970481484846262177e+00
1.275073842371013733e+00
-1.098765645603331453e+00
-1.804008515762369536e+00
6.764649915714119999e+00
-2.559915660713071084e+00
2.633394766150435995e+00
4.283067030412293086e+00
-1.103711865908941903e+01
-1.301900610254783253e+01
4.926521110009275617e+00
6.192076649102422614e-01
-1.620441964416682090e+00
-5.219142478479514402e+00
2.016140024058550306e+00
2.339703984120895086e+00
-1.052571724658826291e+01
-1.856080968759872052e+00
-5.064150004505706626e+00
6.634711900164758980e+00
6.113270137562809126e+00
-4.518912720858021537e+00
2.260900698331789371e+01
-5.072356508762492666e+00
2.544505574664885472e+00
3.915238692269174869e+00
9.023514847398482530e+00
1.597663140244823943e+01
-2.400920546320652349e+01
-1.392464540677418761e+00
3.209529354210246765e+00
-1.540723979062837756e+00
-6.498195260081646829e+00
1.333175214685642729e+01
7.262935566862946946e-01
1.147881462879536052e+01
-1.554486832091864779e+00
-1.568179025960661832e+01
2.001328768651020340e+01
3.110591943800080639e+00
-4.108372398654545954e+00
1.855103255614347191e+01
-7.628860770131643321e+00
4.916635859573545986e+00
-4.487974070937108095e+00
-2.468791340978325977e+00
-1.161021244571718647e+01
2.770703870627899246e+00
9.380467152201630299e+00
-8.341525620668043928e+00
-9.269434021549929348e-01
4.680446721668687360e+00
1.774887667790177304e+01
-5.854136172566343888e+00
-2.174056123704278587e+00
3.975295050459157764e-01
-1.257213578610724447e+01
5.858926799481691816e-01
6.228798351576921632e+00
-1.589409908805095206e+01
-2.191523645104701767e+00
3.343405785847266998e+00
-8.301093774355688737e+00
1.489567832254343749e+00
1.399844180107244718e+01
3.309634385593337225e+00
-2.875315906773631269e+01
1.948878177666329092e+00
-1.885933234513991419e+00
-1.265766186198125887e+01
4.579604264495963584e+00
9.228543300096646584e-01
-4.588295346742422787e+00
-4.993577612406419064e+00
1.994335418218719402e+00
3.079914301401133869e+00
-1.489246888581508799e+01
-8.154929976767684607e+00
3.743131539054895374e+00
-3.317361957310688059e+00
3.789559030915431226e+00
-4.007367827903779656e+00
1.362347397770100699e+01
9.128531473202214030e+00
3.214289596026601359e+00
4.768637883210065098e+00
2.876960561666648708e+00
6.267872434859516950e+00
-9.173100512707861753e+00
3.323333825058492952e+00
1.036793028871138311e+01
-1.909598268163968982e+01
8.449284791643290049e+00
1.296667488870656193e+01
7.907002217208605188e+00
-1.094704830770487902e+01
1.410298438946192334e+01
1.064264736848886450e+01
-3.473606775792387857e+00
-6.388053549204384396e+00
1.222752966639422212e+01
1.911385171382797399e+00
-2.210651110466592684e+00
-9.723494403889645366e-01
-3.544612547496992505e+00
1.869829645827653097e+00
-6.457412357525948998e+00
2.791694139490737747e+00
-1.378771541620536567e+01
1.815186451274545121e+01
-4.303434387627526725e+00
6.787221605947098446e+00
3.911904052302734858e-01
-1.116259781182642641e+01
-4.791466842682739369e+00
-4.903611639563936642e+00
3.313771983882056293e+00
1.176628376395670195e+00
-9.313207251227928474e-02
2.565205391422581194e+00
-4.120544636281062267e+00
8.115452881091261617e+00
-1.413747680397998430e+01
-3.127891128182009872e+00
-1.259151250002823552e+01
-2.635198601361575577e+00
1.896960159522848244e+00
-5.807276750578752811e+00
3.233454402831311469e+00
4.171561213542340774e-01
-9.672011479770080911e+00
1.009359067243991426e+01
3.677821270245104746e+00
1.152587379609398788e+01
-2.601428643811437347e+00
6.933059894798469180e+00
-1.388854761847715835e+01
9.450295521567587897e+00
-2.979481813645233679e+00
7.258246077965273546e-01
-4.058279761661554907e+00
-5.377380626478576175e+00
-5.874394342515545375e+00
-3.707884312479782452e+00
8.659185623757917227e+00
-2.668917870752658850e+00
-2.830160192179182133e+00
1.422375019576553257e+01
-1.240294549991363349e+00
-1.337894914854486750e+01
-1.243457635044732612e+01
-2.730066220218101858e+00
-1.755230733022039402e+01
-2.903690343776241800e+00
6.614934375436406500e-01
-2.383565690957186511e+00
2.371434819141902395e+01
5.992433794009011550e+00
7.622982219578582352e+00
-4.848544696195228099e+00
5.405142830150875710e+00
1.750702190335329256e-02
4.762474852734511543e+00
-4.449368222403409234e-01
-1.514950250708460011e-01
1.638109363349510517e+01
1.046105803793831512e+01
1.722996526034206610e+00
-6.851142988942375389e+00
5.833055478874610067e+00
-4.101715827669794479e+00
1.528127080850254949e+00
1.339025049985583493e+01
3.324868820570248573e+00
4.914342936368085724e-01
2.097777382119955014e+00
-5.061477183344570641e+00
3.176702643393641612e+00
-8.666474928069296979e+00
1.462843972956256344e+00
-1.196890407909867804e+01
-7.029036616905179002e+00
8.821010929013343826e+00
8.142604371816022368e-01
-4.232158004888471936e+00
7.776058894762209128e+00
-1.169811661674821579e+01
-2.265243844193985723e+00
-1.617428317418285033e+01
3.168690573726733017e+00
-7.114226847319121916e+00
-1.021320531835377299e+00
7.247997074410491791e+00
7.354142092276488185e+00
3.233766288562467395e+00
4.544971706241111242e+00
-1.042314133506373963e+01
4.018668108992075716e+00
1.592580115306240218e+00
-5.693108669703906166e+00
3.936307356748087294e+00
-1.002680133910657112e+01
-2.507080387905602947e+00
-7.339709374972411382e+00
-6.344873994947222151e+00
-1.214451290128792937e+00
7.390109417018476679e-01
2.288200834888981561e+01
5.990927897613708808e+00
5.947436593840937036e+00
-1.277277507144771640e+01
-4.053984920779698520e+00
7.478191452465397404e+00
-6.562380275139519270e+00
4.705022260230085074e+00
-2.831586734008745054e+00
6.962988010885774237e+00
1.499141181310252424e+00
-1.151970461727479922e+01
-2.723733774361440485e+00
-2.453737879698016489e+00
-8.284487333452938973e-02
-1.523025733027215889e+00
1.240136009324818378e+00
-4.165561388140191390e+00
-6.100558418697123564e+00
1.036658005677954897e+01
-1.483420718308923414e+00
-2.081153951480476216e+00
-1.461394300032763560e+01
-1.353839023649372386e+01
2.233496123422427537e+00
-2.548744700820611442e+00
-1.607819655404675974e+00
1.675146824322196082e+01
-1.639388811806785995e+01
-1.242779839066167957e+00
-8.362188399798643701e+00
-9.235170384312082703e+00
-4.607776690900867167e-01
-2.983388019966109361e+00
4.030236759647467970e+00
7.336348487802285767e+00
3.299656103287237574e+00
-7.800561111518073965e-01
3.729165808740933397e+00
1.481642605154670500e+00
1.889472637011580636e+00
4.275610886873294270e+00
-3.378441885739277950e+00
-6.063402952345995800e+00
2.108044354263724163e+00
-5.427213778941570865e+00
4.475515155498560604e-01
2.541639155942617911e+00
-8.463156066303197278e+00
-3.637268841693523491e+00
2.732651796348985584e+00
-3.392486534807287679e+00
8.542264870871505877e+00
-3.265799169447129557e+00
1.825942605349294201e+00
4.343354355812914847e+00
-2.945738964914898173e+00
2.765909578499422317e+00
-1.211358477951843682e+01
7.465551658437399318e+00
7.843475824049215284e+00
5.699435430964146398e+00
-1.008720914047656159e+01
2.679450439387640603e+00
5.416433486808375442e+00
4.198092889392564864e+00
1.589285117920710366e+00
-9.871275339736389043e+00
3.659433017849059055e+00
7.530789228938211011e+00
4.385926017555780154e-02
1.566315691787942299e+01
-3.357810095088993307e+00
2.096812812309895246e+00
-2.278362340422851684e+00
-1.286882546663717797e+01
1.038539880513994973e+01
9.327987948853380118e+00
-9.051252576048227638e+00
7.250600108597704541e-02
7.726703075524611108e+00
8.725591514631812373e+00
1.676021272027158560e+01
2.143275067645257437e+00
2.260177966731340415e+00
-4.119076472977254433e-01
7.201206434005011481e+00
1.438665459343983777e+01
-9.821449784441966813e+00
1.666893766616029504e+00
-2.171347203576667884e+00
1.561992469957368890e+01
1.473124477740280014e+01
1.775980053431511152e+01
3.424771869406337821e+00
4.360608888135779182e+00
1.012501068610098720e+01
-9.156407109931246069e+00
-7.946387905198536217e+00
-5.433009096409715077e+00
5.113423722534398586e+00
4.134879408161822312e+00
-6.650171237364300936e+00
-3.137320556154365114e+00
-1.408970932701667245e+01
-7.258108862561740704e-01
-2.320513697281899601e-01
6.704027711200865269e+00
2.645796844882244869e+00
-8.399180456121235760e-01
8.834892189819601782e+00
5.213435224716349570e-01
4.501702353478394869e+00
-5.744896427809386807e+00
-1.168967995840134400e+01
-1.242971001237547224e+00
-8.254672667377365158e+00
-2.599438374846257949e-01
4.449746259482378008e+00
-8.962975731574621463e+00
-1.442475041722412499e+01
-3.286552799133021452e+00
-5.795957260008543166e+00
-1.624893148351117844e+01
9.149308378264839448e+00
9.619865883185108046e-02
-1.375036228814226824e+01
4.479689720145207055e+00
2.024522083973807440e+01
-7.202881766161456589e+00
-6.167985460806656661e+00
6.181659160619981108e+00
-3.114656822565455396e+00
6.287058003832093789e+00
-9.307113297267529006e+00
1.410019184155306782e+01
-8.980617603892312673e+00
3.696467881491938279e+00
2.205466538954952149e+00
7.670987207027935018e-01
-5.762381910564180920e+00
-5.043059156963503042e+00
-5.615422467713802490e+00
-1.254841624170122749e+01
-1.789608821406518668e+00
-9.444208581286728688e+00
3.086305042970669543e+00
7.201775372664767971e+00
-2.133801003610950264e+00
-1.104538245257441531e+01
-4.496017749622660098e+00
-2.007073041666421087e+00
-3.972914055748367090e+00
2.254502191236035458e+00
-7.023275520042230546e+00
-9.467461576030417048e-01
1.187177274732697185e+01
1.735633282056321747e+01
1.911587986310914200e+00
3.256720159627469524e+00
-9.243226931617224196e+00
3.725765349500401946e+00
5.815939308520190920e+00
1.190376518448381837e+01
-1.326825383503877021e+00
2.080424962429373181e+01
1.768391000219801334e+00
-6.362709181700266114e+00
1.320023172031242531e+01
3.312745145771986532e+00
-8.162701460371431850e+00
-1.116850140188609730e+00
-2.010686804176448295e+00
-6.401642931702520301e-01
3.777927910600185069e-01
1.197075068929769337e+00
9.458326225205956561e+00
-6.126479034082426445e+00
-3.307665352694646455e+00
-8.884706045266520746e+00
1.549812129191085575e+00
-9.173382118329696411e+00
2.021517099414664642e+01
-5.760444587526675875e+00
6.041267960306078599e+00
2.737038642307939362e+00
4.351387846812706517e-01
-1.465228839501532043e+00
5.310508719289489754e+00
-6.376382409961030007e+00
7.966659570012556202e+00
3.611583679587855755e+00
-6.805171872799552268e+00
-8.822072982483152970e+00
-6.763863672167939711e+00
1.793264363125048177e+01
5.545554324074315033e+00
-6.343583638473298869e+00
1.626390181120976219e+00
-6.473950949934703658e-01
-6.073218624332432647e-01
-4.155589193359102040e+00
5.747535131489678761e+00
5.649054294686646216e+00
-8.179113311990873214e-01
5.122557272716219856e+00
9.999867265569900576e-01
-1.405252605758837703e-01
4.905751445197216398e+00
1.338668992217959541e+01
5.246092972968119383e-01
-5.467663440406807851e+00
-4.894941313958192097e+00
-4.939318860860002047e+00
7.241357707643658159e+00
5.176234259572369822e+00
1.501975556898978548e+00
2.086892889685599073e+01
-1.061567505185933946e+01
-5.231002352965956170e+00
-7.147758189151748098e+00
-2.683991429211486590e+00
1.313757422172121547e-01
9.506810596566504401e+00
-1.216552780224610331e+01
5.395985189722758868e+00
1.455840755052543756e+01
4.727744430823692667e+00
2.171900693509873914e-01
-9.181755563458876779e+00
-9.530513875906871490e+00
-9.458717818561749979e+00
-7.094188961569932950e+00
-1.522598325495478688e+00
-5.528131061286969405e+00
3.247868663997818484e+00
-7.385178357177010433e+00
1.481835282127291897e+01
-9.385860925377496056e-01
-3.565347741598298370e+00
-7.451718499518125149e+00
-1.803900229222590523e+00
7.022131768521756356e+00
-5.871838931182411514e+00
1.358256026747590273e+00
2.022587112301841294e+00
-3.507756187480119081e+00
-6.697079071214221635e+00
-1.698854818193575422e+00
-5.311286559688864983e+00
-2.222029671948915919e+01
-1.468298753248340693e+00
4.650782263006744799e+00
9.363416875219809921e-01
3.648587918777452810e+00
-6.799960786071948426e+00
3.067034016961275089e+00
5.028377555714815372e+00
-6.561992591726865776e+00
-1.451353719529970121e+01
-1.128368192167744510e+01
-2.444592417591357147e+00
1.831358103417407435e+01
1.436627902932383449e+01
8.747931754197590948e-01
7.917508688622754143e+00
-1.659512305410946453e+01
-3.435717113001674594e+00
2.401501205226466595e+00
4.149714970608453513e-01
1.255699616782199213e+00
6.899769184939449573e+00
-1.460075514366382698e+01
-7.722141827229869193e+00
-4.657162694128839320e+00
-8.377264384211319026e+00
1.344775958004306915e+01
-2.571585479079025127e+00
-6.740223941634506666e+00
-1.064604966421269339e+00
-5.574374814301364722e+00
-1.088462183800991845e+01
-1.040239563818712520e+00
-1.138101360576217580e+01
-7.355661615418439325e+00
1.185471869264785649e+00
8.785052288160979383e-01
1.091880881748086196e+01
1.504409871885477035e+00
2.342984284787191562e+00
-4.204337991286143605e+00
1.113282419405123136e+01
1.075238943182261542e+00
2.377275374756885551e+00
4.442469820568405225e+00
5.459242302520915580e+00
7.092733684565584173e-01
-7.435586505500899612e-01
-3.287207941558146551e+00
7.307731457615172843e+00
-2.130551136845038585e+01
7.950385715456722124e+00
2.098950050537915502e+00
2.257870744057522749e+00
1.552393926343541786e+00
-1.484244466210571289e+01
1.751776697077796285e+01
1.968047333063182913e+00
8.909769247682430837e-02
-2.352659546882895469e+00
-7.842392497711488275e+00
-8.789850505768599831e+00
7.032258035329561174e+00
-1.041841000665261241e+01
1.180600968614444746e+01
6.922456061276393235e+00
-6.395658727820786815e+00
6.688172974502942791e-01
5.465554113767053579e+00
4.829895355942102952e+00
-1.565478339138791242e+01
1.234749924787514530e+01
2.147164860225641014e+00
-9.096789282591668524e+00
-5.275003768784386260e+00
1.265660693595442865e+00
2.289081002825303912e-01
7.968593177527275806e+00
3.594411533597165587e+00
-1.325280291223489337e+00
-1.162104431840401686e+00
6.008500976450833697e+00
-3.155498397777552810e+00
-1.466607842554804586e+00
2.248927086001328846e+00
-5.962503819111251602e+00
-2.603781344935927500e+00
3.554163877789620063e+00
-1.339528524566464096e+00
-3.824945514640463173e+00
-1.748656761092788336e+00
2.452709723179239187e+00
-2.679346529133476373e+00
-9.182628506829779269e+00
-3.000300420616478281e+00
2.820527460910130735e+00
2.724557868097684299e+00
-3.268981056826187448e+00
8.044596496575261213e+00
4.132810304842079674e+00
1.786243828322237048e-01
1.443306014592412367e+00
-2.666458439417385695e-01
7.495768587609523692e-01
-3.501175121141768987e+00
2.007934027694494805e+00
-1.805717267101143220e+00
2.649402315674056041e+00
8.246279053845597673e+00
5.300629528762697440e+00
-6.009415099777027258e+00
-3.018199280107662030e+00
-9.418119087827911073e+00
-2.212530610862046831e-01
-8.271570047893646915e+00
1.480694479348061865e+00
-5.813486395931294126e+00
-5.722943194135763356e-01
7.030940179099252951e+00
-2.846220486210691902e+00
-3.448214011249528532e-01
8.206235262109434103e+00
-2.950089110410483606e+00
3.943729160376743259e+00
1.026356436576163844e+01
-3.614816055591998367e+00
-1.137185135569089622e+00
5.339189392346469276e+00
2.259769690680019094e-01
1.820500796444166625e+01
7.452885421989578596e+00
-5.880834139976807151e+00
-1.795961087522309096e+00
-3.919180239374058239e+00
1.366281099455609049e-01
-3.852923487285587534e+00
-6.510547327502778536e+00
-2.461233725431272390e+01
2.719938654391744315e+00
4.103039043396647045e+00
-3.145234099259750504e+00
-3.675356796084487065e+00
8.922609106014753877e+00
-8.606665989488419655e+00
1.051068684817751375e+01
6.025124015029815538e+00
-6.856670592842186274e+00
-3.296609127852079268e+00
-2.313203616521019690e+00
2.711402398092431554e+00
-1.920158639491992858e+01
-9.656029494596531038e+00
-1.093206552430943646e+01
-8.416886843412115127e+00
-1.313108307969817012e+01
-1.206300243773689473e+01
3.306785337769579058e+00
-3.630448780071713344e-01
-5.016314348211234453e+00
5.053325488976027069e-01
1.067385741180572056e+00
-3.356706212959841285e+00
8.825221393295010763e-01
-6.711765682758777274e+00
-1.038236466680729109e+00
6.921612114019124462e+00
1.507651820019682010e-01
-6.464822971412135466e+00
-2.188195764531537968e+00
3.315513154226145787e+00
-1.998311352654484452e+00
2.373764308125283051e+00
4.219003486333482655e+00
