-1.031668852352925541e+02
-9.931132907201131843e+01
-2.484967127008677892e+02
-1.443944250063143500e+02
-4.626783888782251353e+01
-2.597244863711627261e+01
1.659386602585485377e+02
1.312732786436532706e+02
5.509685420106699638e+01
-7.052649490750771122e+01
1.727709645704293848e+02
-6.838057589372951384e+01
1.427818046992333052e+02
6.250988469163092986e+01
-2.229176982815265262e+01
4.260113173214311644e+01
-1.084631191999574327e+02
-6.511730410383536594e+01
-1.173978024237401172e+02
1.336662256623295661e+02
-3.871787516042398636e+01
-6.021045819787745756e+01
-3.510890536735067347e+00
5.325080515430028782e+01
-1.005843992437670522e+02
3.933927983323349054e+01
-1.326452952318126108e+02
3.882242843558794476e+01
-3.537282845748805471e+02
-7.909247345706845067e+01
1.308257314645148028e+02
8.273599156844307245e+00
-8.717303361445679855e+01
-2.624488556144040174e+01
9.535062652330513799e+01
-2.435869984919205251e+02
1.099233761952202713e+02
7.502146350406131603e+01
-2.541937840184901276e+01
8.363213532239299752e+01
-1.366600990423555118e+02
-8.348436296147691849e+01
1.247301904485359216e+02
-1.740927042764986865e+01
8.021166594989047383e+01
5.975863335491919059e+00
5.651502553743031143e+01
5.623615210147056587e+01
-1.125632512278442903e+02
1.781413197796601935e+02
6.572565886186504258e+01
5.355413187227193106e+01
-5.260090837390977470e+01
2.439164874759454449e+02
-5.371347785295418475e+01
6.473952614490383439e+01
-2.603675491434576657e+02
-7.227776330805974681e+01
-1.460978904824108326e+02
2.817137181247280608e+01
-5.941983476664374209e+00
8.805403777497915030e+01
1.194526528839638502e+02
1.660151273729748667e+01
1.280630866644185630e+02
9.524143699759891035e+01
1.885945718440977146e+02
-1.622477010016786281e+01
-1.450200391409721590e+02
5.379813357443096322e+01
1.410778959993807007e+02
-7.122470293058420054e+01
-6.228293246650575554e+01
-4.879436869266734078e+01
1.255348591315527500e+02
-1.709560877406374289e+02
1.929096715221353406e+02
-4.516962652155435620e+01
-3.174864474286618687e+01
1.894638216955829932e+02
1.162749917769057220e+02
-6.631508779160905931e+01
1.048022917425770544e+02
2.812406775479270209e+02
-6.508977842300981642e+00
4.068261317127100796e+01
-1.290318690377064570e+02
-1.606238148023308838e+02
1.561827097236361226e+02
-5.018361344261687407e+01
-1.579309663813662326e+02
-2.910382861474349738e+02
-1.736413444461058475e+02
1.456918112595578840e+01
3.060654230336194104e+01
-1.158471540853444850e+02
1.712104472488987881e+02
1.964661880077239076e+01
-7.832168842024788091e+01
-1.164746831950045802e+01
5.553788716506664969e+01
1.287267449344800241e+02
7.024749443088163048e+01
-4.373423105998348603e+01
1.569823623981366154e+02
-6.602565495096908421e+01
1.355002478538971502e+02
2.223771069473482953e+01
1.677347327003257078e+02
-8.620549696258413519e+01
-6.385177982525664930e+00
1.793798510150170102e+02
-2.031672143584001446e+02
1.238806512435290585e+02
5.973328864239271496e+01
6.121362635061049673e+01
1.810078438713375704e+02
-2.285061079849355963e+02
1.573455231900637941e+01
-4.183311962701767328e+01
2.013405921198704007e+01
2.174569974941879380e+01
-8.294611835794781030e+01
-1.393644140562214773e+01
-4.895546852850987563e+01
-4.057005700630433864e+01
5.151244427974813078e+01
-9.688993141665800124e+01
1.720835141649994569e+02
6.803108401282982243e+01
-1.411633914345864582e+02
1.609657964357566584e+02
-1.985517199380103079e+02
1.663973077435793613e+01
1.133494812827707108e+02
-3.980194062634167551e+01
-1.555697651453565982e+02
-4.643481651154400680e+01
1.220499979735103011e+02
-3.110958585378127239e+01
1.295575825867485378e+02
1.092017811572841701e+01
3.069220078933590656e+01
-1.003906981539433119e+01
4.135565046208649420e+01
1.000931757026298499e+02
5.302525418158522541e+01
6.760208449148059628e+01
9.831321910684643228e+01
1.298778012726471331e+01
-6.127282884941724461e+01
1.318251854671145793e+02
8.497071026727387277e+01
1.833259780173165439e+02
3.541653686914267496e+02
-4.805832366044099757e+01
-1.129982406038775764e+02
7.590067589129058945e+01
1.416193653557075294e+01
1.120165985889842517e+02
9.042624425473762528e+01
6.811860965721969308e+01
-9.997109054325684951e+01
1.554035457295245592e+01
2.518045132807576181e+01
1.771790688457041441e+01
-1.977839608424189777e+01
1.782658282019002627e+01
1.930876833459280562e+01
3.241964884945308540e+02
-4.268104785345625629e+01
5.824254800879688787e+01
-7.309247272571752774e+01
2.235038067202133050e+00
1.830609664249303137e+02
8.347471653372947742e+01
-2.284825890412595584e+01
7.248954501898097647e+01
1.935126138799628848e+02
3.971054819458799123e+00
9.250652959776084572e+01
-1.060215106038136241e+02
-5.983108480538665219e+01
1.969070304996225502e+02
-4.390369248873656005e+01
7.719872813314566429e+01
-1.099419477044325504e+02
6.083552207744203244e+00
3.828128121405621442e+01
1.036138066304961214e+01
1.331540993623042084e+02
4.507335005785911619e+01
-1.370499986334958180e+02
1.195427790942580089e+02
8.337279377948108561e+01
1.106156537188071241e+02
-4.530328363871231545e+01
3.839568431813605542e+01
2.502006962694010639e+01
1.155307413551094271e+02
5.532257851188553133e+01
1.851353631387730445e+02
4.044979508667175594e+01
4.286846729587540494e+01
1.199143294696762752e+02
-1.422455153483582819e+02
2.589355897310634980e+00
-7.253241274260437876e+01
6.780369523287741451e-01
3.262444198313264678e+02
-3.143688693931304812e+01
1.013813144819566077e+02
3.080798634515952017e+01
-7.173085018807040569e+01
2.395114496811064555e+02
5.367602979916490114e+01
2.906968106925407724e+01
6.426542728097653878e+01
-1.027710202848825958e+02
-2.502615247437180130e+02
2.597304940327045841e+01
-1.711039309351173756e+02
1.968049229963104807e+01
-1.535317153333757858e+02
7.142520058605515487e+01
-1.047082870130648473e+02
-8.294364520259776441e+01
-6.593582417891559189e+00
4.517478837973796146e+01
4.957293849838248434e+01
1.585560403194227206e+02
-1.129352325971941795e+01
1.121102097598835456e+02
-9.664503156380479965e+00
1.257535218584060601e+02
-4.297067452059589954e+01
-1.438738146087357350e+01
3.795237199685962537e+01
-1.090809562036787810e+02
-1.321993530917966382e+02
-7.375573404941748379e+01
-9.118669207004413124e+01
-1.887015262020090915e+02
1.422011472480151042e+02
-3.101039804943835065e+01
1.448961903867860599e+02
-1.459564915574873467e+01
-3.580148062880362403e+01
-5.757323668999103461e+01
1.306132892648174337e+00
-9.031498077859322393e+01
1.382010820726909230e+02
-7.765163976876442575e+01
7.361774615681328271e+01
3.722516005157245900e+01
1.025776578210315790e+02
7.783346127740139764e+01
-5.729594716373282637e+01
-6.896411262527341535e+01
2.258363713533951511e+01
-1.835921508223577234e+02
1.369114999326754116e+02
7.033015779222577635e+01
9.392476802175868045e+01
-1.893738115515759901e+01
-3.455180246931454491e+01
-1.033681239178858107e+02
2.688993855977260594e+00
-1.314201529963746964e+02
-2.408801720839295513e+01
-1.415631577762968334e+02
-1.023500389644733559e+02
7.132901583726162187e+01
6.278537492574833578e+01
-1.599885433454418759e+01
-2.009253572422696266e+01
-1.815486400594228087e+02
1.111608370695244901e+02
-8.732509476783594948e+01
-2.969814237927297995e+01
-2.213848483568094494e+00
-5.734566408560326511e-01
3.704803755084175521e+01
-1.484533710447159365e+02
6.990545587412199779e+01
-5.343759353785468846e+01
5.872463167566344566e+01
1.803346412390807885e+01
-2.387783159236697017e+01
1.817049300691338587e+01
-9.884318260474741180e+01
8.936035334717652745e+01
1.390287040498484039e+01
4.930843601737419846e+01
1.011804065874234659e+01
2.480005025061330315e+01
2.648662570742732481e+00
-1.615352569201969501e+01
1.578762749166818082e+02
-1.570283530081446202e+02
2.687611736193749223e+01
3.556622404296196471e+00
-2.831747111318998833e+01
-1.528310681735122323e+01
1.655039897127428361e+01
-5.162737706573980745e+01
-5.646471227131154080e+01
-3.819834151964644775e+01
-1.135540601349776040e+02
2.188026112694867322e+02
2.866289686949386351e+02
-4.294429370973139015e+01
-1.365201734271322032e+01
-1.191374744535361003e+02
1.209781323579172465e+02
1.410575374280404617e+02
-9.981027140829539235e+00
1.234293468011176031e+02
1.980986421187723501e+00
-6.344332332649420891e+01
1.942149463406171606e+01
2.573648402001850855e+00
1.479173479275350758e+02
-4.939221996284894800e+01
-1.348661126150885252e+02
-1.777137282583615274e+01
5.338409377131350197e+01
4.031741706475754938e+01
-5.518555766130317153e+01
-7.721778742917699390e+01
-9.927434483664869447e+01
9.072272186262630100e+01
1.012195903042598744e+01
1.031934139794680618e+02
-6.241743138271780822e+01
-1.800128805488803607e+02
-7.402218787353524476e+01
-1.089078648026950731e+02
5.593703177091632028e+01
1.599547415339064855e+02
1.354941284516994244e+02
1.226148867316139075e+02
6.134664666586763104e+01
-9.456190928540954133e+01
-1.000326004813552743e+02
-2.456181098838495913e+01
7.071992854122656880e+00
-1.424883340725236280e+01
1.230956791600038542e+02
-7.992935615220478951e+01
-1.031311400553625504e+02
1.312183893299420090e+00
-4.103631788445625972e+01
8.948942371329826528e+01
5.397167218274855571e+01
-2.429066683085873812e+00
-3.707138666020215112e+01
8.040587828988878982e+01
-2.019056660670970302e+02
-6.445767647746575335e+01
7.001086700708584942e+01
1.331088223587346135e+02
-2.778940695032975938e+01
8.463043495260446036e+01
-1.555199873983019643e+02
-2.251353847306650735e+01
6.295819612263716891e+01
-1.281366596757816865e+02
-7.882244186748391712e+01
1.105846674928665010e+02
5.509034584760609476e+01
-8.305957956795461428e+01
2.472342687891494251e+01
1.467424150460921908e+02
-1.200215517116234167e+02
-6.383939875939021391e+01
-4.739812608484152179e+01
1.068167600103261776e+02
2.116799579302544743e+01
-4.093069430890029281e+01
-9.887829251227451266e+00
-4.848649776320025495e+01
-5.333221277791205495e+01
4.383552228856530064e+01
-9.673448960669420060e+00
-2.243414945702363923e+02
7.872439251642609293e+01
-3.486116703470814038e-01
8.196409534672667974e+01
-5.134349283011961518e+01
4.258000214751147183e+01
5.510633759864460046e+01
8.223282274671909420e+01
-1.303443786954981647e+02
1.539787939778597945e+02
1.900054629263688355e+02
7.696206368621537308e+01
6.645092240628959246e+01
-1.025533643778013158e+02
5.073260673589420833e+01
-1.389994606761337081e+02
7.826516201287212482e+01
-2.294742788197167727e+01
-2.253653168240464311e+01
-8.326259112589383449e+01
4.496823693127233668e+01
-1.865019248432598431e+01
4.322445456978603318e+01
1.100132206931784262e+00
1.543834981684189778e+01
4.760344329616918202e+01
7.849355952133757341e+01
-6.361953628385817794e+00
-1.306318378538992704e+02
-5.297998884393912533e+01
1.255961217407232411e+01
7.643679671147687316e+01
1.128839608226718099e+02
4.273219108457297466e+01
-3.944281441280060818e+01
-1.729268101010447367e+01
-8.197565101815204969e+01
-4.649497297253638806e+01
4.813131798235843917e+01
-4.013194105235690046e+01
-1.979009277574268140e+02
7.815472091806717003e+01
5.064421074548658908e+01
3.251637437873560188e+00
-5.639457330346205666e+00
-7.842029333621339049e+01
2.607350707825272593e+02
1.086806618876097446e+02
1.089468012383334070e+02
5.728770672654402318e+00
6.551945238596992738e+01
-2.392081765512741640e+02
6.214318888654990047e+01
-3.593156006118066870e+01
-5.943036173678011380e+01
-1.624359672679187128e+01
-9.120681047679684639e+01
2.457674512738743378e+00
2.333395981812266839e+01
-1.283989200868741065e+01
8.160268302363591886e+01
-1.213092711016848995e+02
1.132823276734793438e+02
8.965203204726300612e+01
1.851877669252251906e+02
-1.062593101098864707e+02
-2.649077995370251415e+01
9.231775040998942927e+01
-2.306224942271582279e+02
-2.220564914400762007e+02
-3.648798258781382060e+02
3.772388775608275324e+01
-1.137344989277109732e+02
1.194154976145337628e+02
7.191132071465182207e+01
6.956188622819226453e+01
-1.878553340968717293e+02
1.072310095704708459e+02
1.664152724847418341e+01
2.411901555688920098e+02
-1.839980210077789309e+02
1.411805339293896111e+01
1.476727928873353157e+01
8.619350400107838084e+01
-4.190531631773976784e+01
-1.876838599521553874e+01
2.023653618710557112e+02
-1.100487658248671465e+02
-4.512979687422578223e+01
1.835580872862978197e+02
1.233086775742178531e+02
-1.022850318111171504e+02
3.350119441686602073e+01
-9.870467009132941882e+01
1.268559295247913639e+02
-9.814259633897111712e+01
1.586245692283596753e+01
-5.049014227474488337e+01
-7.659058032165096286e+00
-3.100343347398846561e+01
2.885967733220726217e+01
9.391474260139182206e+01
1.220075773867010298e+02
7.286525642758650179e+01
6.334153943069159709e+01
-5.229750196961533248e+01
1.098924299780873071e+01
-2.574907306849331121e+02
-2.362807232445890904e+01
-3.209928648068773072e+01
4.346207031927877829e+00
4.997887510051109672e+01
1.888826713735693374e+02
1.591099606371891539e+01
-9.798498106013276754e+01
-9.504460824959157605e+01
9.541250131851111860e+01
-1.188799015578825191e+02
-2.322893805113941994e+02
-7.138769341840276184e+01
-4.003603597330845787e+01
3.037805014184622792e+02
-1.612969295685768145e+02
2.468122875092408890e+02
1.179683396873845709e+02
-4.230624180758714914e+01
2.493150015385539007e+02
7.191296975460154783e+01
-7.666578267976606753e+01
7.559921521416994494e+01
9.532206943859746673e+01
1.100110176676077245e+01
9.757935475564634942e+01
-2.710165635685733605e+02
-1.121656102317438410e+02
2.793786251203739823e+01
-6.301547076173376638e+01
2.900376705724934467e+01
-5.858925606470958769e+01
-2.156876314851362864e+01
2.567335239374193634e+01
-1.213315088503095041e+02
1.277275143054035880e+02
9.647026249428249400e+01
4.037073264446767951e+01
-3.865181874114781380e+01
-3.118180685284206888e+01
-3.640747032031627839e+01
3.439127798437284156e+01
1.148997328194771228e+01
-6.934263585238173278e+01
6.240857466012585064e+01
4.601475615957342313e+01
-6.000966497014525558e+00
7.670544563910991087e+01
-1.934304451843118144e+01
4.589583955081260314e+01
-8.109717939609090820e+01
4.179210869473038059e+01
-1.682835657698805676e+02
5.395525324145399537e+00
-1.628971458936221950e+02
1.688314430750610597e+02
-1.940395605179111556e+02
2.807327554120693947e+01
-2.226323544210247292e+02
1.382762408125670106e+01
1.541459042425285588e+02
-1.306228716930824021e+02
5.541023323839399950e+01
9.442332411273262949e+00
1.970974670582966155e+02
-5.959019398977874005e+01
1.377837562872488419e+01
2.980767156957966790e+01
8.004709866898106441e+01
-7.645154111095594374e+01
-5.836944705522257948e+01
-9.586209292787862069e+01
7.743753338974279643e+01
-1.293274720035868874e+01
-4.581140848802126442e+01
1.083406010244900983e+02
1.047662382634040057e+02
3.791474847556002459e+01
3.233288518124529531e+01
4.047431556433507183e+01
5.804673192950669147e+01
1.112491045789589172e+01
1.053127606481608041e+02
-1.068533470013332654e+00
1.940168680632768883e+02
5.254983342583378203e+01
-1.672789881193901707e+01
-1.473075302832942270e+02
-7.554844598238285869e+01
5.130976331184210437e+01
-8.453971979009268978e+01
-1.470389680685378835e+02
1.593053106467069711e+02
-6.014299220296715731e+01
-1.630997721370050613e+01
2.611785042141659829e+01
2.223183971532982639e-02
-5.124020773654660843e+01
-2.187712260092412180e+02
3.657176422233942503e+01
6.995215458411230713e+01
1.869460864615513458e+02
9.678668114368667830e+01
-1.867990839490806820e+02
-1.755495706334734223e+02
-7.181756909413876144e+01
3.339179573401091616e+00
-7.609425763905584006e+01
3.558919044453753600e+01
8.100534759630733106e+01
-5.002757742198872393e+01
3.394905445428000768e+00
1.112610462516205274e+02
-2.248229077185255775e+00
1.381632541275906476e+02
1.885844227095528254e+02
-7.281219414321671479e+01
-4.358421856746450374e+01
5.532895715687283200e+01
4.073530518763277541e+01
8.554799561903615768e+01
-2.952568157644763147e+01
1.121787048956822019e+00
-1.761413492183375524e+02
8.718443177153433865e+00
-2.574152946930963637e+01
-4.278451114365072527e+01
1.134763449147036454e+02
-1.445932820571306650e+02
6.512021222780055041e+01
7.228099227926469439e+01
-2.084677448127252219e+01
-7.144189912871696890e+01
9.382932229774539223e+01
2.284615766933071939e+02
-4.230410533029564135e+01
-2.325797391348282019e+02
-1.697180134956054687e+01
7.176261732531739312e+01
1.440474578136372088e+02
3.818227667504440603e+01
-2.816252638504254335e+01
-1.914033664945789326e+02
-2.728032384474386163e+02
1.060235557137037006e+02
4.250556144222639432e+01
6.073978483826156349e+01
-3.362952556523686098e+01
-1.069564323337101825e+02
-5.779840960968785879e+01
-9.608165506436972692e+01
3.123483725788315724e+01
3.743423447449890773e+01
-5.291382294908103034e+01
1.046321870471927866e+02
1.575062530021466785e+02
1.977271728887262441e+02
9.116784417182103084e+01
-9.642613081443926148e+01
-2.864018390901262023e+01
-2.343066880986720548e+02
-1.460979749448479765e+02
2.369682237178671613e+01
6.552011417694933471e+01
-7.620686059454510541e+01
-1.038746408711800484e+02
-1.363129919499080813e+02
8.049720628446809911e+00
1.792979809401766715e+02
-2.545046573372967558e+01
1.503738473997316589e+02
1.268975571783601737e+02
2.360780022915589171e+01
3.687628466336133215e+01
-2.095565662362984654e+02
7.983738940370612269e+00
3.143926580104193391e+01
1.726432429584815509e+02
-2.019555499333599755e+02
1.442514724666652342e+02
-1.463675797193576500e+02
1.381452504775528212e+01
6.709352730574248369e+01
2.203295224602538838e+02
8.707700978325814845e+01
-7.600704591439776436e+01
-1.498039925523223417e+02
-2.156764534855294357e+01
2.047557519992805055e+02
-1.227789246658888800e+02
-3.074718926526124108e+01
-2.952425121065542513e+01
-3.090128396646366937e+01
6.105847526804142689e+01
2.528282546124592756e+01
-7.847535625377996205e+00
-6.301919833524928549e+01
4.687384289437835605e+01
6.447455485792141872e+01
-2.847907575378115297e+01
-3.131972204583183483e+01
-2.200943359181109145e+02
7.103899652277924304e+01
-1.224235937031969712e+02
1.247125967472313235e+01
8.948105595266602563e+01
-2.411140420397604345e+00
1.215924239548759545e+01
1.084178079440619058e+02
-4.362111817395350499e+01
-5.776147115135888299e+01
-6.138702310606586821e+01
9.168923760663732025e+01
7.176091525644660862e+01
2.241316448281761495e+02
1.109805446590980580e+02
5.806566466595006659e+01
-3.936368500884773880e+01
8.067150228079064789e+01
4.678283054931534224e+01
2.747168631656701887e+00
-1.566137950207576921e+02
-3.773561060750405716e+01
1.137008196237541142e+02
-6.271940424304519723e+01
1.913641905671212839e+01
1.824968830573608258e+01
1.405105354557673252e+02
1.189797118503899611e+02
-4.785828393736726127e+01
4.918760145831538466e+01
-3.928465685202893809e+01
1.249947331440942833e+01
-4.082253640419187235e+01
-1.314699963195780015e+02
-2.047892713901424031e+02
2.646701032937528097e+01
1.235840303004139571e+02
-7.764487699165866275e+01
-4.115984861293036090e+01
7.354823289124077235e+01
5.283438671168104150e+01
1.873041472994217145e+02
-8.814843464333155509e+01
-4.936047041562873261e+01
-4.553037523561064148e+01
2.729611961989284907e+01
1.187989362555207506e+01
-5.874771055256460528e+01
7.730334807709898826e+01
6.671024442382699249e+01
-4.281207654788170913e+01
-2.187292371608413646e+02
-3.296329973038683470e+00
8.594464462503084690e+01
5.089701310702828607e+01
1.692645361010513056e+02
8.907868064529037611e+01
2.610937637705865555e+01
1.156568446077719159e+02
2.037523128283314833e+01
-9.828580629816703151e+01
-1.727483303643308332e+01
-1.452959856434213179e+02
-4.403709118591458349e+01
5.399974540634136844e+01
1.074814480331090465e+02
2.092741713890149526e+02
-1.330036364413576777e+01
-3.927080270801515383e+01
2.510692067291801521e+01
-3.303794866369017882e+02
-1.114442674564672728e+02
-6.311021134081310890e+01
-1.930320868152872436e+02
7.362292822824390015e-01
-1.377999672600058432e+02
-1.146388902619380445e+02
1.296757042352957683e+02
-1.715915606841224417e+02
-1.195744663222540538e+01
-2.347795226556274173e+01
8.826085279333908318e+01
-1.358614933239718070e+01
-1.370815313633225401e+02
2.316063392961207512e+01
-1.633611658697811890e+02
4.855499053478689930e+00
4.080640291584584389e+01
-5.899843634045909369e+01
9.525514343734889167e+01
4.666844162441224597e+01
1.762832089601506027e+02
3.057985870915826609e+01
5.707947122561790820e+01
-3.648245905894072507e+02
-3.810049565508150238e+01
-1.640861916148212458e+02
-2.835347028895072796e+01
9.881315987653543687e+01
-6.860422666446457640e+01
-1.645311860214522994e+02
4.635580540394093063e+00
1.886069809194097502e+02
2.524764814949705283e+02
-2.806531316525583009e+01
6.302302616146889136e+01
-3.103829186158917608e+01
5.354109472775814282e+01
1.033370281448188734e+02
-1.231166550828057211e+02
1.320547751413566857e+02
-3.050247942529311196e+00
1.080812387683690616e+02
8.172366642121278346e+01
6.104110237620878010e+00
-2.664365289210168797e+01
-1.157827876264753968e+02
-1.154327986422429007e+02
1.003718637127924609e+02
2.484091599293596886e+01
2.138557849599517908e+02
1.438645267607374478e+02
-1.393344329973418212e+02
-1.157836275825918335e+02
-6.944169601394599489e+00
9.911317128104467145e+01
1.860797757236843211e+02
4.825622045453648923e+00
-1.286545290745361285e+02
-1.151066400045879448e+02
2.843167447275173032e+01
-1.195499913184598917e+01
4.776309197624201808e+00
-5.711779438925624675e+01
1.729255796333868318e+02
1.212071291779808035e+02
-1.257563623721991917e+02
-5.373887094082306959e+01
4.308574356016114137e+01
2.065249784787310716e+01
-9.239627975567638885e+01
1.302756122621680106e+02
8.109600124232645157e+01
-8.633442614596818032e+01
-2.227730848856527928e+02
-1.707659842863154509e+01
-4.516896317112929715e+00
-4.927609200126073574e+01
4.195742687132216986e+00
1.518197058597700391e+02
-8.663866390755600833e+00
1.468869748671553168e+02
-9.712701065551702584e+01
-5.191487137573719934e+01
-8.240173871006966522e+01
-7.828038140398442124e+01
8.324466651836021924e+01
-5.660176069486266925e+01
1.529546721647037444e+01
6.742129155731559820e+01
-4.443407059061200215e+01
-4.248867644592379378e+01
2.141470905779437217e+01
-1.471359536305897109e+01
-1.056948418385801887e+02
-4.493267767595099826e+01
9.267781636723488248e+01
1.796249742233842994e+02
-1.187883216731470704e+01
1.831398387353895529e+01
4.841483282148988820e+01
1.578361599334246534e+02
-8.197547431409320495e+01
1.651622713482473728e+02
-9.786470210584003837e+01
8.422017762340345826e+01
1.062985504453012453e+01
-6.842005901085984476e+01
-1.054208311490135657e+02
-1.381820242222469375e+01
2.542178576681541102e+01
9.005591667446464044e+01
-1.439256585938562694e+02
-1.588153567233654258e+02
-1.316319241536155289e+02
-4.969386331698208892e+01
-1.309830642473777118e+02
1.538651811521521040e+02
-2.015917046832712956e+01
-3.959079870612215046e+01
8.427441355546088175e+01
-4.785869264360061237e+01
2.018199641744598694e+01
3.676732314063415430e+01
6.641168250678065021e+01
-1.425121656144609794e+01
4.401338051269279106e+01
1.609683714229474560e+01
-7.146456513800936250e+01
8.259652787447429034e+01
-1.514385321779570290e+02
2.207574208566826002e+01
-5.817454002130082102e+01
3.996145227764978358e+01
-1.035589632325549303e+02
7.869048498019364501e+01
3.860584478172625467e+01
-1.219063924375890338e+02
1.028616673606774867e+02
-6.504594284298387663e+01
-6.042246111178155132e+01
-1.794813136295034042e+02
1.140832707313575156e+02
-6.944735817719999815e+00
2.060963751031429183e+02
-4.411188319505406952e+01
8.179806027151020942e+01
8.853909670099560003e+01
6.793342161136375523e+01
4.676443353882208953e+01
4.511601238599975972e+01
7.022691071100118165e+01
-2.034280046510657769e+01
-4.288856018416463911e+01
6.108895026260482553e+01
6.747126429883562082e+01
-2.169317725803897901e+01
-8.475108780369173189e+01
3.503890461175927840e+00
2.102455071821085042e+01
-1.078297565650808423e+02
-2.134651219561438893e+02
1.123552012197776833e+02
2.737674881691113526e+01
-2.086393979042143201e+02
-1.291630453019766946e+02
-2.846875038686756554e+01
-9.282512452756624555e+01
3.773452598168771033e+01
1.013184770465547615e+02
1.444024306247546008e+02
1.061738390948848973e+02
-1.536392781269101988e+02
1.443469600046392998e+02
3.999640380337542211e+01
-1.545973942093216635e+01
-2.351335381967724913e+02
1.301870478265974995e+01
1.950724300867620116e+02
7.725274560962694181e+01
-1.448029770039739219e+02
2.315725361829532503e+01
6.777237169403211681e+01
-1.133022829651414654e+01
1.026089008306863377e+02
1.070444513931802391e+02
3.437930309680898233e+01
-1.058464395310711836e+02
-6.555758015335877076e+01
-1.148571454181613092e+02
-1.676973297918150152e+01
-7.905964053658256319e+01
1.954952068909243224e+02
-2.070577143841869372e+02
-1.369257871141554688e+02
1.877774307927002155e+02
-8.638890947893139582e+01
-1.624734884149575720e+01
-1.353784896217260041e+02
-8.203431465899834052e+01
-1.477763803360191446e+02
-4.574769316639268624e+01
1.148879908818204996e+02
-5.742109069510340902e+01
1.047180997632503932e+02
-7.203040935538817280e+01
3.924113262554249637e+00
-5.067508524229543099e+01
6.755540304010993680e+01
7.632723624335296719e+00
-1.340565777109218892e+01
-1.585049841296602313e+00
5.419098500320151857e+01
1.454331688759998897e+01
-1.066811511999782169e+01
2.683104861936587326e+02
5.273174098757698403e+01
1.829301500484990584e+01
-4.806835269013377143e+01
1.805733476644134328e+02
3.971197701976548444e+01
5.684605953447088922e+01
-1.068780110026805197e+01
3.412736284144568089e+01
1.407027257095036816e+02
-2.835379540949716670e+01
-5.034932014245518417e+01
2.182509253757588752e+01
9.936047426685642847e+01
-1.116572332654506106e+01
-4.837360781269961940e+00
9.828340737041864372e+01
-1.378226801725752466e+02
1.652828273705733864e+01
5.648571744187653110e+01
1.485796926053450022e+02
4.295473539447254296e+01
-5.014727924521970692e+01
-7.056311428714998613e+01
-1.301394022417586029e+02
1.111487799112491004e+01
-1.192959933517963265e+02
-1.004906910341190382e+02
2.036756014216558981e+02
-6.329732528455382123e+01
1.157816784834885055e+02
-4.254250843600057408e+01
-1.799147334989895342e+01
-8.227795328642764616e+01
-8.127028200420130588e+01
1.235569464830529540e+01
6.183688051141639619e+01
4.256565967316841892e+01
-1.672666657551767173e+02
2.386740227387421243e+01
1.869297981990684310e+00
1.891073349349786383e+02
-2.316464239973528905e+01
-5.605428725955778191e+01
4.848707378371511822e+01
-6.913098335255889992e+01
-1.768627119920370205e+02
-1.256596203188499743e+02
-6.900259294342104610e+00
1.861007380350986580e+02
-3.786174652606907642e+01
-4.679376340440214932e+01
7.930246487859871252e+01
5.896709247231761708e+01
-5.673599452265595033e+01
-8.009723996834193827e+01
2.050419211080331650e+01
5.601392656711820450e+01
7.459104458548476657e+01
-6.454925694842150108e+01
-9.264752579297245916e+01
-1.184459286236278928e+02
2.332475127272018653e+02
-5.730594543299979193e+00
2.038198743043865235e+01
-1.443144853989192598e+02
-9.790526504525729479e+00
-1.121150737646243698e+02
3.520000035775341374e-01
-1.698063130189070193e+02
5.532253505127771831e+01
