8.969312617101596175e+01
5.348750680682920233e+01
5.175872297136414346e+01
6.976089417372358525e+01
-7.596059328883424655e+01
2.757681570986310362e+02
9.740403351817076327e+01
3.316860806407217410e+01
-1.783876850563674310e+01
-1.768308152751812941e+02
-6.003835718390308074e+01
-3.951110048400900610e+01
2.060704822237351266e+02
3.936618568013980735e+01
1.125642875259838576e+02
8.561353704809660314e+01
1.370663120824460464e+02
2.784592038702182748e+01
-2.280699627618876093e+02
7.317881741548868035e+01
-1.024804205812187092e+02
8.929903446494631680e+01
9.472917714563698155e+01
-7.036553511319220888e+01
5.696450074048502188e+01
-1.278766367540639948e+02
8.621672872989984171e+01
-9.740609758086947068e+01
-1.021136989344381263e+01
1.103853969186301640e+02
-3.910186574005818372e+00
-1.313790301166590098e+02
-6.546557645607120435e+01
1.025697570257335514e+02
-3.573292719402292761e+01
7.340752433920280851e+01
6.056191385556316220e+01
4.456451867203449879e+00
7.836169715265097580e+01
-2.018499336078606916e+02
-3.387245106648995474e+00
-1.599875408733054769e+02
4.784475696053043237e+01
-1.072514555644327459e+02
3.655286789572806949e+00
1.450622724170833777e+01
3.579410864913968648e+00
-5.560600417084378222e+01
-4.763829970049793872e+01
-2.074297413280550018e+02
-7.165971473647121570e+01
-4.510391854543073009e+00
8.395531891246369582e+01
-3.103388427091184099e+01
-1.050786448464246519e+02
-7.348236493273935821e+01
-1.058979303696106058e+02
3.317413623641307652e+00
6.666730199166427440e+01
-7.117724544515726848e+01
-6.187289456975578972e+00
-8.717461633385121900e+01
1.429819872316808755e+02
1.346396747897280761e+02
3.538847850479038470e+01
-5.617115023628644011e+00
2.817787867214975961e+01
-7.431053432280789295e+00
-3.276891316090225104e+01
-2.090721353114860790e+02
-4.892998218685308132e+01
-3.903747449409830494e+01
-6.971034873881080784e+01
5.199676604934036561e+01
-3.158345894215824146e+01
1.911957042683246755e+01
3.202272808568790197e+01
4.916175864584089616e+00
1.491366086008128775e+02
-1.307863514565482319e+02
2.208252385623048752e+01
8.009543159979483562e+01
-3.816588269230472008e+00
-4.491439399939305588e+01
2.966779994330041603e+01
1.780446610475206910e+02
-1.682071020148128326e+01
-5.713274425565596459e+01
7.259802165713931288e+01
1.531692051484604349e+02
-1.164946578625457789e+02
-8.386532744928233285e+01
7.182581565527917178e+01
1.379014015786866594e+02
9.348538897698904293e+01
4.648551023932625270e+01
-1.989611750499332388e+01
-8.041642781762729442e+01
1.022624048759352533e+01
1.139992453937996686e+02
1.682971577731040043e+02
-1.993368432073474992e+02
-1.079052094780885440e+01
-8.230569021244473049e+01
-1.562192902623913824e+02
-5.483951605471528978e+01
-4.561998093129428611e+01
-2.695873927303206301e+02
2.336838661468907503e+02
-1.687687306426070677e+01
-1.788964085287525734e+02
1.692739922382459667e+02
-2.983802278215945236e+00
2.916618609196897083e+01
-5.525396744881049926e+00
-2.175134243281608235e+02
-4.630920971528043495e+00
1.264448736190191909e+02
-1.158348223460409940e+02
2.260401710788776342e+01
1.247005474482298837e+02
-1.687960433649200240e+02
2.568362843497526171e+01
-4.597749011832368282e+00
-1.503757965095413169e+02
4.286526966481880407e+01
-1.005009120059830536e+02
8.130545023958470452e+00
2.395471006947870052e+01
4.846332925605832287e+01
5.485530403845447012e+01
4.622136474874761802e+01
2.084144793801874940e+01
9.363801106508140037e+01
-4.942855939867030202e+01
-5.501259772979204143e+01
-7.648429993265497728e+01
3.825993650140003410e+01
1.060151431935777850e+02
-2.426388822648879682e+02
7.340960099686577145e+00
1.261045869451016017e+02
-2.504616947886541567e+01
9.981133280286429965e+01
-1.540241000540638794e+01
8.032911520090524959e+01
-2.630089072438644138e+01
4.008252503157532942e+01
-1.040443397435503812e+02
-3.043906156518122330e+01
2.911246325460359117e+02
-1.319336522180660864e+01
2.994267038603006625e+01
2.081223977161858443e+02
2.416117111280198770e+01
-2.360788306640022682e+01
-1.568153765093723351e+01
-9.923886403702746861e+01
1.098800849114424096e+02
-1.331542726912242358e+02
1.059267545680286560e+02
2.778680697820967538e+01
1.642280911366371043e+01
9.626276716257825683e+01
-2.935385442951757629e+00
-2.765269726077445256e+01
1.706563783551326452e+01
-2.627193429022215696e+02
1.004859205476789015e+02
2.177630562513060681e+02
2.586347514802584868e+01
1.390850403469790137e+02
1.171984444989407734e+02
-2.154091845105069467e+02
1.399124904311713351e+02
1.504413568644837085e+01
2.488803549570955198e+01
9.072901604754744653e+01
-2.956228159244486520e+01
1.253907615458792009e+02
1.694865592614954721e+02
6.407038543656744523e+00
2.374157673884743076e+02
-1.738785356645211095e+02
4.299193752906006694e+01
4.872365921271202183e+01
1.381955691995710112e+01
3.078826803714699167e+02
-2.417256372659054264e+01
2.784060051620961218e+01
-1.653142657150051775e+01
-6.305321020906220042e+01
-7.477362878023842541e+01
-3.123295878019375493e+01
-4.667096766481431303e+01
1.386821802943464377e+02
8.224735632795724882e+01
-1.306493891501003191e+02
5.089267230030448275e+01
-5.610052910174347574e+01
-6.719637229797422151e+01
1.423794596888414254e+01
-1.513446932464887027e+02
-9.956044306603936889e+01
1.991444820996410954e+02
1.651783322831249734e+00
-1.613507489398797929e+02
-1.644085761436898565e+02
5.659046173934856938e+01
1.702279924512816649e+02
1.665551307797131386e+01
-1.139239297691886179e+02
8.653562020588074688e+01
-1.876147339629357447e+01
1.321398649308426059e+02
-1.555212769098095009e+02
2.410812926092349073e+02
6.246306542152866825e+01
7.007845903692142997e+01
-1.537807813756440289e+01
4.780037843951963072e-01
-1.512658371321973618e+02
1.130767549397394873e+02
-1.049692627318091525e+02
-3.077101331737263834e+01
1.284211577245396541e+02
9.810147051732363366e+01
-1.119126561634144537e+02
-2.759704513264614434e+02
2.158137300722906105e+02
-7.202053790704722758e+01
-8.798520847142464163e+01
1.484254520108245288e+02
-1.445669867941383586e+02
2.397684921026828775e+01
-2.331144800754820778e+01
1.966609412824342655e+02
-1.402889703258631471e+02
-1.147762226227902147e+02
-1.087164364053843997e+02
-4.871699548024392357e+01
1.460847832305499026e+02
1.426513244585320592e+02
4.474898771541171527e+01
1.300992074228344961e+02
-5.848374781437843239e+01
-3.063370211210862948e+01
8.264349077979463942e+00
7.751236584157092580e+01
2.902172653314494966e+01
1.266579691885080052e+02
-6.512760747984473575e+00
3.240556953153689523e+00
-6.392917499425544037e+01
-1.409557463758595190e+02
-1.040073199674622799e+02
-2.178364231301436007e+02
3.371346381945700443e+01
-1.497552888441699359e+01
1.379664736281309843e+02
1.251639887923977597e+02
-1.238434445980990120e+02
-4.445080734600589523e+01
8.269161802545434625e+01
-1.311182684147336985e+01
2.811193374187608924e+02
4.694883562358914730e+01
-7.847735079875840825e+01
-7.994694542070400090e+00
4.502661886258711377e+01
7.556149672948278351e+01
1.199629562713118425e+01
1.985511231681847377e+01
6.258393793342801104e+01
-2.901703043718651998e+02
6.350242355477648815e-01
5.660879550809490013e+01
6.715828229404482386e+01
3.649031635087391123e+02
-7.449424694553228221e+01
-3.242256401252717524e+01
-5.342734664808971701e+01
-1.483837404582003785e+02
2.150621766885077335e+01
-1.024851981761987076e+02
-8.088066403463972165e+01
-6.248978677692660000e+01
3.417350655285676453e+01
5.459195601252120156e+01
-4.495255668421081907e+01
-1.798081377535666547e+02
2.085833652677505370e+02
-9.763336518058508773e+00
-4.357200480900101525e+01
1.149340648514859424e+02
-3.795269440148295814e+01
-1.547401287357198783e+02
7.569105865222120144e+01
3.415700309344872210e+01
7.855297429701336398e+01
2.350374325215991860e+02
9.639703177397726108e+01
-1.532120602597744323e+02
2.699594178530532531e+02
9.682991446611642905e-01
-1.166481243414189350e+02
6.309205554407691352e+01
6.785380501689138555e+01
-1.638916152990476007e+02
1.447223685721205584e+02
-6.303174690670277691e+00
2.273039678251873497e+01
-4.382385224216332631e+01
-4.096217708537675151e+01
-1.705991367096840179e+02
8.128520925772516392e+00
-1.032022786116127122e+01
1.446436094109750456e+02
-1.769102632764424499e+01
-2.206567673180486508e+02
-1.590105817891801507e+02
-2.068462631066346376e+02
1.153243535175651289e+02
-2.164994976456399627e+02
-1.573434307337933262e+02
1.620918465409221199e+02
3.846940541659824930e+01
6.776585141538591373e+00
1.812032828335612180e+02
-1.473545067975764056e+01
1.128223307134722120e+02
5.560610851965352097e+00
-8.081379586007519933e+00
-8.257049483195203265e+01
6.178200375048749748e+01
-3.655670019783763536e+01
-1.258309631204931236e+02
-2.065812368714227176e+01
1.488764746893904771e+02
-1.192381675751087045e+01
-1.737532678784606333e+02
2.783758019382452176e+02
1.285680512524264607e+01
4.521428754802008143e+01
-5.864610516480649949e+01
-2.262090229510582162e+01
-1.174352682452753953e+02
-2.265711075976352618e+01
1.055830040622824839e+02
1.835519240469220392e+02
1.484362162053320731e+02
-6.347567025828624310e+01
-9.273100624754401622e+01
-1.790141050987007532e+01
4.629597144528624142e+01
1.474955347796775413e+02
1.872236729763550045e+02
-4.304551148117935213e+02
6.833222955634575158e+01
-9.904803551044841115e+00
7.908053267757270532e+01
-5.391043005638456620e+00
-6.279784148908107966e+01
8.946568700365287441e+01
-1.668237110241479968e+02
-1.810382049399076987e+00
7.023354358481996940e+01
-8.147777110541267120e+01
-3.828322318507052557e+01
1.413378190004511055e+02
1.183680239825797855e+02
-2.634482570865234834e+02
1.306086486417362380e+02
-4.053509254653870642e+01
6.163698171250569402e+01
6.137942510866305668e+01
-7.104532726785515706e+01
-3.308908072639523823e+01
-7.710180099940056486e+00
-1.083445508918402709e+02
8.177070427226169613e+01
-2.149844909888108759e+02
6.728038229726593045e+00
4.132395821747664399e+01
-8.508301750230566540e+01
5.612524059456593761e+01
3.372261887571072947e+01
-3.604553102813829213e+01
9.088253173715460775e+01
-8.318852952107729948e+01
1.257019193721285433e+02
1.611534376387642453e+02
1.352635236267588539e+02
-3.667096520400182840e+02
-8.902602151661623964e+01
5.631457849436165475e+01
1.031410499215520247e+02
1.745370396196332194e+02
1.888452662260615611e+01
-1.036196111289255555e+02
-1.096446221108359111e+02
1.285076224106996392e+02
-9.212185527342128921e+01
-9.613442316639869034e+01
5.202046252168270968e+01
3.757526279780094569e+01
-2.616402536263220782e+02
-6.067352794654760118e+01
-1.504330410028170490e+02
-1.384633287807379247e+02
3.226191517803748354e+01
-1.101213548291467248e+01
2.035173745028971837e+01
4.192362369923129961e+01
-3.060197515570157378e+01
2.052669426516450812e+02
-1.422572369628446438e+02
1.216544581392589919e+02
1.212342728903325622e+02
-1.046285825887635497e+02
-7.995575748243464886e+01
1.788973292491039615e+02
1.499460406376037547e+01
-1.018915579331303007e+02
-1.193499001009257938e+02
4.341295273492750084e+01
-7.706477599860116356e+01
-1.502156168254944646e+02
-3.066412646354282856e+01
1.061733801292444355e+02
-7.610879636847124985e+00
2.765879302424881558e+01
3.315717747828362860e+01
-4.802102779931020393e+01
-6.065993198638699369e+01
-7.152627362296691160e+01
3.973038651159136236e+01
-1.775567909921383034e+02
1.301422459457598393e+02
-9.103627231624444960e+01
-1.028575956181041846e+02
-1.100761793217424440e+02
1.285070508635940030e+02
-4.256723400588499295e+00
-2.668226095505428930e+01
-1.355919380918272736e+02
7.253578796580215737e+01
-8.041328700526780437e+01
-5.715978699291727594e+01
-2.190802456332673120e+00
-9.468516516240175918e+01
7.985111104880877519e+01
-3.500456407946591497e+01
-8.543724304384119250e+01
-2.848072270263740435e+01
3.924775409116816860e+01
-2.091024522612930809e+02
-2.037787883515994736e+02
6.586878963365722939e+01
3.119255010550416785e+01
-2.568775714295715673e+01
2.069446640645777791e+01
8.427102044596104236e+01
-1.605768220903927954e+02
1.389457645085838919e+02
-6.736044755645892224e+01
5.614526887092897312e+01
-1.384142823150676236e+02
1.079491413130747475e+02
-1.012613661004937882e+02
5.742680751290966157e+01
2.035447962169459402e+02
5.436188682157330021e+01
-2.412577019399585083e+02
1.453030965680210898e+02
6.018807432753601461e+01
-1.543581570426666190e+02
2.482317009714333977e+01
1.267584810701818121e+01
1.372942846434698367e+02
-1.705590680533800878e+02
7.107264497275295412e+00
-5.553787071010621901e+01
3.220942331187656293e+01
-6.827332301514702806e+01
-3.570282451687031084e+02
-3.165113607007596386e+01
2.040583025553238983e+01
5.112834506870127527e+00
6.329217853459295640e+01
2.494974554114079979e+01
-2.276133094654742450e+01
6.659876972356823899e+01
1.203470559611840116e+02
1.603674067189848529e+02
-1.612866881802464718e+02
1.443390810309927730e+01
-1.729421445357805851e+02
6.504520704682458643e+01
2.688383096963919456e+02
2.319365647380855222e+01
1.213100885917860694e+02
-3.811187156899165984e+01
8.426647086442996226e+01
-3.726058111360774916e+01
-1.204313997129797400e+02
2.510290611626018631e+02
-2.813433886022501440e+01
5.398827133354916441e+01
-7.672708514958952719e+01
-1.149759258874871790e+02
2.920396261386038361e+01
-1.098977629445520563e+02
-1.018446849732746955e+02
-8.011379254387863114e+01
-1.384002982882351205e+02
-2.416350775260029877e+02
7.160928739822298894e+01
1.206215994637213100e+02
-3.029481314208957343e+01
1.788364500460031792e+01
1.480938330441584299e+02
-4.012865835385586877e+01
-2.625366513530336476e+01
2.835720231872569741e+01
-8.874860702906300958e+01
-1.320242520675165565e+02
-2.462598100875412399e+01
6.741569547764564163e+01
1.041163686947600695e+02
-5.265926501463913390e+00
-9.495990938753092792e+01
-1.968468022770140635e+01
1.863025973439170002e+02
-7.014148156219944497e+01
6.580632053766454703e+01
8.784750073885209076e+01
-3.542552630265039681e+01
3.871857158415159716e+01
5.576666339065673839e+01
-1.602768650121292922e+02
-9.293612556648679401e+01
7.371036676341563521e+01
-2.861109377955073185e+01
-4.454106135039096159e+01
-1.320893482119236637e+02
-3.057623471668649984e+01
-7.402440905722522757e+01
-9.316329626302885458e+01
-3.055066873780222991e+01
-1.456427064044149517e+02
-6.922310900883148932e+00
-7.037771796700186044e+00
-2.256570951560279923e+02
-7.886994728725679238e+01
-2.501183932690076261e+01
6.845041028081847401e+01
-4.754097931800153987e+01
-8.441432832311319601e+01
-1.723922002627647885e+02
4.402183340229544939e+01
-1.734264384983354716e+02
2.335188532808468409e+01
-1.468065403106498223e+01
1.516715927924923903e+02
8.367129115010388318e+01
1.269077534207563218e+01
1.219935697072862695e+02
-3.088146867564012510e+01
-8.616277840921283371e+01
3.875219856224235571e+01
1.842503482814345546e+02
-7.308536871321143735e+01
2.166394805775148313e+01
1.064326930945093181e+02
-2.095211797583505415e+02
-1.391149960659139992e+02
-1.190312000654241409e+01
6.520377076455256216e+00
1.367757589779628233e+02
2.359879171087484337e+02
-1.234965310692221578e+02
-5.159463656816711108e+01
-6.028823787210792062e+01
9.504056614984338580e+01
-7.583012157791459629e+01
5.507637357664376054e+01
8.737525652506224105e+01
-1.633069886841809364e+02
1.043010016654520484e+02
-1.132775115216691688e+02
1.304048826360528679e+01
-2.319642069618402402e+01
-8.507963682509846137e+01
2.170066948088553715e+01
-8.990198503660647589e+01
1.298501969942773258e+02
1.564263478762409818e+02
-3.154117477085038246e+01
8.696167829345124289e+01
-1.355145871763521086e+02
3.408131451476103280e+01
4.056700021100766662e+01
2.050992073660415116e+01
-1.018339484786019256e+02
1.106014600110127155e+01
5.074402267928926591e+01
3.206523629332901493e+01
-1.179472612031193890e+01
2.036322919983351198e+02
-4.988887015258384849e+00
-1.548647896071252319e+02
-2.712121729723377257e+02
-2.754102877518204906e+01
-7.839352973803150881e-01
7.454285345367159721e+01
-2.735113398871207124e+01
-1.316719418539478283e+02
2.099568815794838272e+01
2.540135720462947688e+01
-3.898230720271429028e+00
-3.597232672924262431e+01
-8.581250109778865465e+01
4.658529548428735723e+01
9.401188625190610537e+01
2.038319522432969211e-01
-1.063200893973670134e+02
1.418877872595523471e+01
8.699965725052247478e+01
-1.492308862624522021e+02
-2.069111027085822485e+01
-9.698399327074690746e+01
2.963725641688105839e+01
-1.747488173989985967e+02
-5.276064599906739261e+01
7.781066750878453320e+01
6.326419196476736673e+00
-2.510552148844723064e+01
-5.145582117063418792e+01
7.243946842506134942e+01
1.185114739746233568e+02
1.627549773240448872e+02
-8.044942992865313158e+01
-1.694906926419354321e+01
7.950734038724279173e+01
6.905395505422575297e+01
-1.145613807246984628e+01
2.101283500718680841e+02
-1.355906561668113852e+02
-4.186898858186889072e+01
5.220531563953705501e+01
-1.320657463063453747e+02
1.155629112084048842e+02
-1.732469943338509779e+02
-2.370403723308067612e+01
-1.707984478786304408e+02
8.028687605250905790e+01
-1.069258735994204699e+02
1.144147497569100977e+02
-1.118946453584747189e+02
1.485248566628334856e+02
6.724746052965559784e+01
5.596861158478638743e+01
3.887409115208643584e+01
4.763446068143075252e+01
1.085652137884280677e+01
-5.353349074029660670e+01
-6.567949373613441821e+01
-6.222329771165745171e+01
-4.372026663431840632e+01
2.743989489898106626e+01
3.232083845657342636e+02
-4.406601998208769544e+01
-1.218847146286748711e+02
-1.623172365574118885e+02
-9.116350899458865342e+01
1.995154856424296952e+02
-5.514490555881525324e+01
5.578646829163004917e+00
-3.961781950112469275e+01
-3.492964773759076991e+01
3.747634211761202039e+01
-5.452844103580209634e+01
6.373856655522102699e+01
6.329929175609794356e+01
2.429447735904909678e+02
6.810473842869910754e+01
4.660960720087513209e+01
1.598899258343107306e+02
5.091960186553538392e+01
-4.892840767704717564e+01
-5.610511058334080303e+01
-3.448398750823333359e+01
7.726459839629748672e+01
-7.137580147949353027e+00
-5.441141703076618796e+01
9.706052671393516107e+01
-1.112445681751292703e+01
-9.653323864355601813e+01
-2.579283855902197047e+02
3.453124540148208155e+01
-1.927701063239414623e+02
7.940448823795469124e+00
-4.547480259623310594e+00
1.262179815244761372e+01
-2.661726052067217552e+01
3.072328364773844100e+02
-5.723772385804687701e+01
6.316632614116367961e+01
3.862236606229640046e+01
-9.865396585973627452e+01
-9.991918000593034321e+01
1.384613176069763085e+02
7.102840121316917532e+01
-1.148818830507012336e+02
9.790983866631304977e+01
3.955150910631016359e+01
1.821207292691827462e+01
6.276100693368134387e+01
-6.359307058360418807e+01
-4.356758334236600660e+01
7.202419253679605049e+01
-8.888934359786958339e+01
-1.038547334917475098e+02
1.672620286504482010e+02
1.393659907275387866e+02
1.905716992192246551e+02
4.269470618652442084e+01
7.204856771985696184e+01
6.640282074502222542e+01
7.501020524122711208e+01
-2.202076208262929669e+01
4.412043913718460431e+01
1.058250102555677472e+02
9.930722387069640433e+01
3.965556291141633949e+01
-4.837429447766945145e+01
4.757078036218607053e+01
8.291793747659755809e+01
1.501738194711969143e+01
8.320474082431772445e+01
4.647338395951921797e+01
1.864087427695363886e+01
-7.250557545049159103e+01
-3.398553070556212674e+01
2.801750587667400509e+02
-5.191691758585745831e+00
-1.853590315394102959e+02
1.070238384860096090e+02
6.522414271316219470e+01
9.644909581307322810e+01
5.047137023942167389e+01
2.594490330358233621e+01
-8.335152251397430234e+01
-1.304377442945111625e+02
7.926933923167260332e+01
1.706467912464268011e+02
3.957739294691818799e+01
1.825138585086015652e+01
-2.212661650079393194e+00
-4.083176926415389119e+01
-5.166296161336921955e+01
2.609958010741199530e+01
-4.365753747673036855e+01
-1.939120646285409180e+02
-1.376176500102637590e+02
7.969816069973214212e+01
-4.172352012521950648e+00
1.451987517098345961e+02
-9.575092422195991659e+00
1.587219631450118982e+02
-1.607525964099388602e+02
-5.874597172314454241e+01
9.324845594483636546e+01
7.724252031039918620e+01
-7.802344699689795604e+00
1.638793211428406380e+02
7.356649999873511092e+01
1.090237450522922700e+02
1.056976277809510378e+02
5.726842207076033731e+01
2.678318737398353733e+01
4.779864306538155461e+01
4.591285120521109775e+01
-5.822384234653159751e+01
-2.514096917877012771e+01
7.672428649043111193e+01
-7.089215593370624013e+00
5.207456150440978604e+01
1.079333181409280940e+02
-1.787152376660827997e+02
-3.003859747665782010e+01
-3.386258158031820642e+01
-1.418004847549918281e+02
1.180892035970983756e+02
-1.554793842781864832e+00
-2.203716309692999253e+00
-8.060532832785040114e+01
-1.385209388010932408e+01
4.816801583613866455e+01
-6.080743160491269350e+01
-9.790595842133501492e+01
-5.910693719239681343e+01
-1.076970252502385677e+02
1.248874350333805694e+02
2.310103753632234458e+01
-3.477324529019300314e+01
9.032984609754676342e+01
8.097222093887243943e+01
-2.173127206233592901e+01
-2.034197902330929963e+01
-1.122218979391507787e+01
5.449016409014876672e+01
-1.027937367514551852e+02
1.484381088626188330e+02
1.425472651943142033e+01
1.203695180218442999e+02
-1.023650031195879535e+02
1.377569266422500789e+02
4.242510943317086713e+01
2.484788628922091291e+01
5.360290163961557397e+01
2.165596007896100161e+01
-4.215140273731071829e+01
7.009199906150246306e+01
7.054093856644072957e+01
-1.074987728926420516e+02
-1.307838697771523755e+02
-4.900682257474093717e+01
2.199785503308550716e+01
7.077320578081845781e+01
-1.358936276046815195e+01
-1.302561343617695222e+01
2.256813060513021796e+01
7.174883807450180484e+01
9.826369517524028652e+01
-1.512496344905403021e+02
2.062661752868267513e+02
2.415089654018602801e+02
-8.766365623454018419e+01
4.802600898439153099e+01
-1.516042100962068595e+00
3.980758481743141886e+01
-1.533709854126496452e+02
-2.513703381844855400e+01
2.174594563427784237e+02
-1.285851410375998967e+02
9.591131133077701065e+01
-7.819827248538311437e+01
-1.055132728020095954e+02
-3.674651915882218134e+01
5.747713718768104485e+01
9.242769430687829413e+00
-6.437774316550974163e+01
-3.109452599091993079e+02
-1.632534486665132931e+02
-1.128396052162966612e+02
-1.508933854376525119e+02
-3.599989176587576001e+00
2.333979197687778395e+01
1.775482097891613762e+02
1.506660002369214624e+01
-8.982107858684275925e+01
1.526115893423433647e+02
-2.159961328238917986e+02
-2.110174695482679041e+01
-2.499300681827322705e+02
-1.722486642480671435e+02
-8.055883814256110043e+01
-9.064525668423206639e+01
-1.168770922711843419e+01
-1.787052887580858140e+01
-1.170096160547768882e+01
-2.639509440600693324e+02
-3.979292654856548239e+01
-9.258117391310224775e+01
-1.665800177943122762e+01
-8.320359872815095059e+01
5.384193405853275749e+01
3.543551255347243512e+01
-1.394047610938185642e+02
-1.333527715397504920e+01
-5.851365390260411914e+01
-1.883136396652872691e+01
1.024030255685513566e+02
9.734318788487834695e+01
-1.766323288468116459e+02
-8.719641304419124594e+01
8.691242826077441919e+01
1.437156737555042412e+02
5.545397619821881108e+01
1.330593078292048403e+01
-9.073698935795766829e+01
-3.148397130304183378e+01
-2.490990792230237449e+00
-1.026664144169448321e+02
-6.637556219104394017e+01
-1.288702007815130059e+02
9.133654794656500542e+00
5.413735726341420218e+01
-5.150976792951551531e+00
-1.876320590060980464e+01
1.971083497584239979e+02
1.416763213254628511e+02
-1.244187423649376427e+02
1.358109126846041477e+02
-9.110139395521754579e+01
4.784608307579425457e+01
-6.180289128892002104e+00
1.282616277864220820e+02
4.968341913435860846e+01
2.971418853653455017e+02
1.747690687919098878e+02
-1.259879041884077111e+02
-2.542963146233877865e+02
-2.452219830512831891e+02
8.389183734306396900e+01
-8.460360955037895536e+00
5.581343540021383376e+01
-1.226657055653945427e+01
1.066793859331563397e+02
9.241458450774761957e+01
-1.109346041332540551e+02
7.344588378014282171e+01
6.284367471571592034e+01
1.952150167240326368e+02
-2.535830264622113717e+01
7.863380265416812165e+01
-4.422322829829052182e+01
-1.390146954591230966e+01
-1.133917910896315959e+02
-2.170052123240446917e+01
1.828603867973596380e+02
-2.633579814250240503e+01
-1.968136528536382457e+02
1.875958154545504541e+01
1.089524236343193309e+01
-7.317796588842318783e+01
-7.215009287890761236e+00
7.282806019978187351e+01
1.233146499729547401e+02
-9.235851717293057206e+00
1.345154080305071886e+02
1.979107025016805892e+02
-1.151327708709366391e+02
-1.738989803866410355e+01
-1.589005526171907263e+02
1.104923709834932879e+02
-7.735854747489949546e+01
-1.426107969750970597e+02
1.794485898280346419e+02
-2.708330221353222100e+01
-8.961668147084418479e+01
-4.227009569330466832e+01
1.307335101585497341e+02
3.471959283550341446e+00
-1.329843284601728328e+02
-3.205360902648818211e+01
-1.614585927207724581e+02
1.506721625881467332e+02
3.939261770416414521e+01
-1.514306266050916463e+02
8.681370450173699282e+01
-1.111573028187715977e+02
1.952352355496998939e+02
3.074677391182216297e+02
6.681202651082311661e+01
5.933828567674201793e+01
8.111348224582258126e+01
-2.140983117735195407e+01
-6.957678538395557055e+00
-1.760946135094345166e+01
-1.117930655883164519e+02
2.864287486833057894e+00
-1.143605614497530212e+02
2.070745792946771928e+02
-8.242197964936656263e+01
1.092127647668387738e+02
-1.533995732137799983e+01
4.866183683349633782e+01
-2.431597332248411902e+01
-4.001999859052914132e+01
-8.262855187485817510e+01
1.327384140093955978e+02
-1.391161082672649130e+01
-1.072114880921419200e+01
-1.196385856982176108e+02
1.009319571531135580e+02
9.081932321076018866e+01
-1.261245254963302500e+02
1.691012300823258840e+01
1.429389779103333922e+02
-5.567128673640620917e+01
-9.399727994664169728e+01
-5.619665807990790540e+01
3.954506014140575587e+01
-1.626070190790007928e+02
2.052185040527289317e+01
-4.460267890517593514e+01
9.328089881401399452e+01
-2.289084750534443060e+02
1.816402044736563539e+02
5.835747755859732422e+01
-3.599460932528015888e+01
2.361324935480779885e+01
4.041467459248477923e+01
-2.074806494573504096e+02
-3.174010470693471007e+02
1.520075385923990439e+02
-7.254411955983420057e+01
1.777428237280134837e+01
8.932496617367020519e+01
-6.009500481935758387e+01
4.537577442949341844e+01
1.079960014579001282e+01
-1.000812960009642154e+02
1.013591389561473051e+02
2.838621478087444530e+02
1.303587956875416012e+02
-7.314732759804009277e+01
3.354260880811904144e+01
1.828256902509403119e+02
-2.406085854758381686e+02
4.342629649324826602e+01
5.196851792927088809e+01
2.052004362205049972e+02
-6.636121606361714953e+01
2.055699634217255038e+02
-4.413782962246663999e+01
1.173093580148296837e+02
-3.328493099281236312e+01
1.861420287480153535e+00
-9.190501028634852787e+01
-2.255709828677923667e+02
-2.184234713788729323e+02
-1.805626867351926279e+01
5.440246678614641240e+01
-1.517494813486218064e+00
7.216431103107225908e+00
-1.607128639096104905e+02
1.360377236766614715e+02
8.280622778555843411e+01
-1.878530050842655896e+02
1.012103906818708481e+02
7.414431718918096692e+01
-7.641059314602838981e+01
-1.137062344304968065e+01
-1.015330023440453999e+02
6.964121477211720901e+01
