-1.488805461362963989e+01
3.264829909901751037e+00
1.646346391843286128e+01
2.020533234295458769e+01
1.418929107933983025e-01
6.530840252391617362e+00
7.064116539747991474e+00
-1.450778657637622082e+01
1.105223196031938393e+01
-2.374052352073708683e+00
-4.824205092241734327e+00
7.191814851475207604e+00
-3.100759424508492401e+00
-4.935779118497000795e+00
4.951517339930354922e+00
-6.289410788780936956e-01
1.270023877721099659e+01
-7.351213199968618106e-01
-5.403871147075823167e+00
2.222195028430948227e+01
3.379426534474515798e+00
1.270811855805996338e+01
7.456456887959983959e+00
1.342653509744956075e+01
2.315805904510387592e+01
-2.147755485599408942e+01
-1.038880545449938886e+01
3.681929730762236286e+00
8.931672030569201226e+00
2.399212881092326555e+00
-6.035661814203406195e+00
1.373276492599522314e+01
4.934587970482954944e+00
-7.827708459191470070e+00
3.731395902373971296e+01
5.455612529335468253e+00
-1.744302059926227599e+01
-2.650442972389905805e+01
1.710976501419678897e+01
-1.968653850772502523e+01
-8.007229767095660478e+00
9.396759620948277103e+00
2.080324681784439633e+01
8.854429327916813364e+00
1.687050330504487761e+01
7.192609535292866063e+00
-1.635320750286609481e+01
-1.811465247185032723e+01
-7.432639893331241865e+00
5.189697384491684495e+00
3.087013154765181788e+00
2.843243033238444539e+01
7.301859261786109556e+00
-1.315911303568075619e+00
-1.036280854053449474e+01
-8.873485249094956728e+00
-4.768871940058405201e+00
5.088932907570994146e+00
-1.327415575030914141e+01
-1.619454878890458716e+01
1.567724666356160235e+01
2.128531466895897850e+01
3.461819107251622896e+00
5.232709193428677352e+00
2.846373398467565252e+01
1.750052472569866779e+01
7.884214931947958860e+00
-8.945149139893253221e+00
-9.780562705757102293e+00
3.839927144160875550e+00
1.384450200590836211e+01
1.160099908538355784e+01
2.581430773544147517e+00
-2.400634655984079213e+00
-1.257247055259231194e+00
-3.389351482969808593e+00
-2.063270932323136719e+01
-1.934690673771975611e+01
-5.572481937279452069e+00
-1.069542131801664375e+01
3.025181639379779686e+00
-1.516415448565016366e-01
3.398550240926829336e+00
1.319091581131306512e+01
2.921771733482448141e+01
6.708617905200608966e+00
1.288359653859974330e+01
-2.598195957871832462e+01
-1.806573644596166872e+01
-2.984013699456294688e+00
5.395749538938515499e+00
8.090737912449430524e+00
3.902905868599412464e+00
-1.240147906592597948e+01
-2.356958457617428593e+01
-3.410590115759016161e+00
2.167357583356498552e+01
1.455534409225317383e+01
-3.813617040929979662e+00
1.415634207712169257e+01
3.887869612027398114e-01
1.269898067291975519e+00
-1.204782190063092528e+01
-1.357854972659456472e+01
-1.213594000663607098e+01
-2.263641795982382376e+01
-3.095140884342393761e+00
-2.553024339511627971e+01
-7.308823875402804759e+00
-2.252922074662708773e+00
-1.653304740043947163e+01
-3.037878881785057938e+00
2.652835433240984742e+01
2.150887027044720767e+01
-2.467690098720431990e+01
1.504151885754788509e+01
3.347397536758408343e+00
-7.513218669599672772e-01
-2.274726487694977806e+01
7.810540739262658683e+00
-1.955297656578341048e+01
-2.033854174695029116e+01
-1.258910612934345252e+00
3.547840879483525001e+00
8.634652283636537362e+00
2.061823678740093868e+00
-1.035627857695409304e+01
-9.818781413738353336e+00
-3.276925993467365572e+01
1.310070054441002618e+01
-3.014270913660654028e+00
-9.093058784223245539e+00
7.009271898975109050e-01
2.598725697467788720e+01
1.606335374270964778e+01
1.541244546893687684e+01
1.804101052060727017e+00
2.269958458602924778e-01
1.937558149979490940e+00
9.812810489454655283e+00
-4.830079830966631960e+00
1.615203189934790018e+01
3.846580527172788777e+01
3.767502955062615655e+01
1.717487825757998721e+01
2.108610915762444904e+01
-3.093075302556017547e+01
-1.000300546821276448e+01
2.343939398823757347e+00
2.083991931243183515e+01
2.218444582463046189e+01
-1.680727223019851380e+01
-3.149823126605793000e+00
2.265560139838907361e+01
-8.578309106517798099e+00
1.238537231241072156e+01
1.500830559145136078e+01
-1.256543606169066329e+01
-6.294423307257243749e+00
1.339490344254522292e+01
1.576963390748851612e+00
2.163385703731342868e+00
-1.591742104726355134e+00
-3.942675994663522232e+01
-2.397445368080483519e+01
3.377246165366756259e+01
6.941043331952384321e+00
1.008341369323023606e+01
1.984673753598329426e+01
-6.930299761132439507e+00
-1.291290733615353403e+01
2.572534954819758024e+00
-1.618192575964536317e+01
-5.472303291967280714e+00
-3.770734338944094599e+00
-2.198005058411743562e+01
2.005574971677498297e+01
-3.646863025894915289e-01
3.483904188402525914e+00
-1.449114050328780579e+01
-3.552943327526848716e+00
-1.019038967267988482e+01
1.002469076399953174e+01
-2.419143058742378827e+01
-1.601649763595078824e+00
1.147861486191907687e+01
8.947630224501016416e-01
1.207718749737947128e+01
-7.559924517211308093e+00
1.146533368265630948e+01
-1.572732938893644139e+01
-6.445123480093234214e+00
-3.073706241331621669e+01
6.586016812514615459e+00
-4.991516551711293381e+00
8.403304941242110360e+00
3.403477066836794407e+00
-1.428946340612903576e+01
1.622010459050083853e+01
-4.138885427954524410e+00
2.777969386080211578e+01
6.475735742578644150e+00
6.559335680110680578e-01
-1.958654486303598219e+01
-2.324667396839204869e+01
-1.813814312376856464e+01
1.213368928907616606e+01
-2.967876359729009650e+01
-4.127934104476960187e+00
-1.632922107452519533e+00
-9.420609705192358518e+00
-7.306000579170465414e+00
-2.221957590594741561e+01
-3.063029731559758773e+00
7.417479693687316633e-01
8.106968194327951238e+00
2.579389354350478669e+00
3.652199432188636763e+01
-4.141234401004910026e+00
1.092274771987524673e+01
2.478255575786620213e+01
-1.567135577269718638e+01
1.404793044387931511e+00
2.925034002882554773e+01
-3.861962647783521163e+00
1.940465441610909636e+01
-2.537714957409265892e+01
-1.793971580110533992e+01
-9.525606704239272915e+00
-4.758964897062139876e+00
1.464281716288633284e+01
1.450553415902390508e+00
-1.305171481992851668e+01
-1.300207456228623926e+01
3.838448512410959079e+00
1.888371760572036351e+01
-9.384321542244380865e+00
-5.735851711624012417e+00
2.756999417712967748e+00
-2.647256862908952257e+01
1.205200169955154221e+00
-1.720319441211561440e+01
-9.860608911379120656e+00
1.741242212306798365e+01
1.115373397531223709e+01
1.664986496569674657e+01
-2.052116051970500621e+01
-7.835214530342057060e+00
8.075092585507835707e+00
2.374387681263005589e+01
-2.294544535733539448e+01
-1.398747022283432173e+01
9.479174237360821209e-01
-1.728393148303548799e+01
-1.545304433591748605e+01
-1.212318025883928918e+01
-1.341686409469582619e+00
3.275368723851713959e+00
-1.652678004323804517e+00
-2.425837433555480516e+01
5.988090442581945894e+00
-7.945887285376944220e+00
-3.844329531733222005e+00
-2.856808169323106839e+01
-1.868051549830721569e+01
-5.234909527865458934e+00
9.081252885869099956e+00
-1.697408866370300728e+01
-1.346491421716450709e+01
-3.375101300403972271e+00
-9.388550675088080055e+00
-3.279023902681298175e+00
1.011815454455346952e+01
7.398875753739027061e+00
1.306363920904274778e+01
1.570174749706589701e+01
-2.342842304413210996e+01
-5.342654204020486297e+00
1.302371600058631396e+00
1.065776429279467052e+01
-1.609809499127150545e+01
-1.380540686058658295e+01
-1.090243500098141993e+01
-7.048179798374604843e+00
-2.612972026410909621e+01
1.159551369383475539e+01
2.422771980912670031e+01
-7.942784253725313270e+00
1.461653926141907611e+01
7.324604669477828622e+00
2.055831296740308733e+00
-2.329605240297605206e+01
-1.194288164571098854e+01
-1.106160366047185128e+01
-2.078488886797455137e+01
4.923187341687262908e+00
-7.186233090313131733e+00
-2.060039530000744534e+01
-1.274550510562527705e+01
-6.201141354127971184e+00
6.091370450797562341e+00
3.329964285271836744e+00
-1.619944798728834812e+01
4.903445133966780611e-01
1.720583993664840960e+01
2.290278704144535737e+01
-1.326609572968905137e+00
-6.984331856778602798e+00
8.811406353753062248e+00
-1.176751112693868606e+01
-1.537347644845759831e+01
2.100828509771532460e+00
1.920495033423879150e+01
1.608034736057172509e+01
1.367718283259869594e+01
-5.797686420231499049e+00
1.072086853948757756e+01
-1.299586658002635708e+01
-2.321219624946544968e+01
-1.179814715657128144e+00
-9.196999793840218373e+00
2.688998560526726678e+01
-7.933474794881385961e+00
1.139356831366685441e+01
2.799506249949002434e+00
3.132670445684778704e-01
-1.274946654276490499e+01
-2.909643377019620836e+00
-3.258368232156657740e+01
-2.169945690650706194e+00
4.226702464976902718e+00
-2.479638385982239956e+00
1.918722043459245796e+01
7.868061105744025063e+00
2.952009715019942249e+00
-1.692791792701290543e+00
8.490869864004926271e+00
1.400669049906321995e+01
3.684069714018259223e+00
-2.315230177692692592e+01
-2.282286732202629054e+01
-4.597073158145259519e+00
-2.334516029951194227e+00
-1.775716399886252717e+01
-2.799612635180515952e+01
3.346736961755811812e-01
-2.022037646667173405e+01
2.068169375380033159e+01
-7.553214493114142059e+00
9.142567200517509596e-01
-6.060902700388298037e+00
1.885965829110618275e+00
-3.799163309268786204e+00
-6.733841034675542403e+00
8.646123065006570130e+00
1.167160068084169744e+01
-4.529629201260666704e+00
-1.144336545710105568e+01
1.614959830167170907e+01
5.132379354943523708e+00
7.346793587538162917e-01
-2.463094945727678464e+01
8.891834564400292962e+00
3.219102414863111772e+00
6.222959558797557023e+00
-3.003900731810541203e+01
-1.131033767042115024e+01
1.635906467838372791e+01
3.320711020039378791e+00
2.507238491074107678e+00
-1.186026709158030457e+01
2.472915889333030393e+01
6.042797459055250897e+00
-1.622607873851244875e+01
-1.303812527864909221e+01
-3.865755184686676671e+01
9.676644474840102816e+00
-1.271055001926406369e+01
3.286331876750234926e+01
-4.033651120932470135e+00
-4.657868116280906357e+00
2.873187089725137611e+01
-1.067885853919102246e+01
-1.432946889456799511e+01
9.264851253728225711e-01
1.039288522612499754e+01
-1.550355340833470663e+01
-2.402697655471738614e+01
-7.418178325257861694e+00
2.607709637440805395e+01
1.544242385404774431e+01
1.664976409877228036e+01
-2.881323588485638076e+00
5.701407035084255170e+00
-9.353239900804682705e+00
-1.365838865000797542e+00
5.313006771885799395e+00
1.633861345183801816e+01
-8.946487112202635927e+00
5.709070835596357973e+00
-5.194540843722554868e+00
-7.966266716457830910e+00
3.656327717350012829e+00
3.154073937144505635e+01
-9.418596652500479394e+00
-3.045590748071002718e+00
6.764038079460832797e+00
3.234390596700522647e+00
-1.789395958786526108e+01
-2.775546499780415033e+01
-1.058115812183046422e+01
-1.628432379576006639e+01
-2.353214289314889296e+00
3.565916002315709221e+01
5.188813922899799813e+00
1.858805265950646657e+01
1.351500597606963083e+01
1.350444710047086971e+01
-6.018425231735019310e+00
-1.813355580591530014e+01
-6.241789951791155699e-01
1.835204032077750469e+01
1.117374890332235005e+01
1.645090815887269997e+01
1.706855816843168583e+01
1.103162926653628029e-02
2.705828016058532626e+01
-9.945380401470233167e+00
-3.986527816676518121e+00
7.046700961986669398e-01
2.272449984959740021e+01
1.750152745076628591e+01
-9.666086099672110521e+00
1.624119998161402734e+01
-2.353356378688276251e+01
5.118396410480929859e+01
-3.653413765408445313e-01
-1.064355191920639143e+01
-4.196014101637300264e+00
4.178131811219040870e+00
8.044782881384346496e+00
2.004234124625099867e+01
-3.179352120302710638e+00
-1.130998941377354150e+01
5.901858559268035265e+00
-1.495643868952296707e+01
-2.444753869288039638e+01
4.072204664091266579e+00
1.586030757983887485e+00
-1.420777251841436239e+01
-7.967513501817428789e+00
-2.171328904817608674e+01
-7.803488033870258356e-01
-6.047213372653120977e+00
-1.651763264417935062e+01
-3.507816969557481457e+00
1.123094450884171458e+01
1.188191119206788882e+00
-2.655993034637828032e+01
2.733847043042889169e+00
-2.071647266651770636e+01
9.271500922125333943e+00
-3.174298073755027261e+00
-3.936374966050245394e+00
5.994620853448666686e+00
-1.098319435221288565e+01
2.063066919163598811e+01
-3.364349638497846939e+01
-4.915104850922968893e+00
2.834003592802288640e+00
4.891266724797219467e+00
-2.222904002291143932e+00
-3.019382792687443473e+00
2.331209437913786076e+01
-1.083723381402980124e+01
-2.799223376098994631e+00
7.147451124521281507e+00
2.199815994228307403e+01
1.079540769351790175e+01
2.343759984300144339e+01
-2.342304812281029314e+01
-1.158306819349666839e+00
1.095987739437006425e+01
3.631992578352932810e+01
-5.397639969259392601e+00
-3.294473710221642815e+00
-1.192053273788933554e+00
1.028407744406307245e+01
-1.109896576763669529e+01
1.308279001089473503e+01
1.450383688142559535e+01
-5.799082428777028397e+00
4.545727998880480847e+00
-1.399436327892811249e+01
-7.969921224541614890e+00
2.882244889373033558e+01
-1.772618844057711485e+01
1.390156608398179117e+01
-1.034493517549448072e+01
2.293248630418658962e+01
9.570810729482957413e+00
6.115746011863643972e+00
-2.026744905486114234e+01
4.731484669052780312e+00
-8.097141987581320421e+00
-8.717305539490906696e+00
-1.846035286712883305e+01
1.087707624870609635e+01
1.013575435718144035e+01
-2.975018180127870782e+00
-2.127686855088547446e+01
-1.297996773798803538e+01
-1.959684730506390338e+01
-2.053234456395136931e+01
5.962830925748184185e+00
5.490668468465273122e+00
-2.689576085664445415e+01
-3.438332808239203398e-01
-5.273006005198597190e-01
1.098493069598056060e+01
8.707183980428064629e+00
-1.427921895276510966e+01
1.669886660336064921e+01
-1.186241948702395810e+01
-1.128172755110643877e+01
4.160835409265814633e+00
-5.418235627131563703e+00
8.833366176428912198e+00
-1.658368048685917273e+01
-4.096933124506651147e+00
7.181529209969890637e+00
-1.443420718902536137e+01
-1.937415448382225236e+01
-1.094003407843814379e+01
-2.621732798469832648e+00
-6.237902682511416330e+00
2.298709497504530130e+00
-1.465737355389100438e+00
-4.353611102693648149e+00
3.516528265372230067e+00
-2.187607929573644583e+00
-1.851304471802808038e+01
1.064636139572351858e+01
1.162235192503823278e+01
1.152029771983172779e+01
-1.269750001121212080e+01
-2.699468245037297010e+01
-3.977376552065190474e-01
8.955537276308188632e-01
-9.214798879858621117e-01
2.711552476087756514e+00
1.559942348704821180e+00
-5.523354802621740056e+00
-1.300950294947084451e+01
8.023475835535105460e+00
-1.547017795002182172e+00
-1.964183341820298523e+01
-5.007634155265348497e+00
-1.777310258748243754e+01
1.402821725540134423e+01
8.645051181832712928e+00
-1.120640524979573094e+01
-1.890489047337547390e+01
3.003320676907467401e+01
-2.677356814474218361e+00
-2.062933559914569415e+01
-5.335923898442291424e+00
9.588770886761728285e-01
-1.431401939541811252e+01
-1.720580320013258557e+01
-1.487250467534526166e+01
-2.042876638571003056e+01
-7.148038551298388832e+00
-9.581863333711066133e+00
-2.760754467063934214e+01
3.903202799687002056e+01
-3.155166850629452124e+00
2.123809295638391159e+00
1.689275606525898255e+01
-6.545134384489188051e+00
2.171409760688258217e+01
2.784274725729777522e+00
1.385571046702421816e+00
-1.191286481498366800e+00
1.487738226874133218e+01
9.244429323926979691e+00
-4.190247874585852017e+00
-1.966400843508526464e+01
6.741359160489814428e+00
-2.168493348509057483e+01
1.153535955245307321e+01
-8.426924045088560078e+00
9.303253507574009262e+00
-8.774675673366559181e+00
4.713115550165753120e+00
-1.675093653888741940e+01
-1.436300739565228302e+00
8.775079536930547874e+00
-1.678884266125598757e+01
2.543132736519280002e+01
2.630348852116933145e+01
-4.671484273536082199e+00
1.306808904796707971e+00
6.558743683192984619e+00
3.725048497482176657e+01
1.547262363898780713e+01
-6.274298166563019308e+00
-5.083974048083572672e-01
8.866201523155666564e+00
9.632134492725970887e+00
-1.422175584373335155e+01
8.653678627434155501e+00
2.328963203085522338e+01
-2.744307376265708598e+01
7.089227365689659166e+00
-2.616257174781277328e+01
1.478824934162880922e+01
-2.253224087112074003e-01
7.653736082760540071e+00
1.833013531122433193e+01
-1.654402965119803559e+00
1.415381958125735196e+01
8.233627187411256543e+00
1.715322171912507354e+00
-1.235657764414592208e+01
-6.389682548871965295e+00
-7.130863952062978406e+00
5.407217360971629638e+00
1.352054947622667669e+01
1.615906569337411014e+01
-3.078412858983702804e+01
2.288582242774984676e-01
-2.469200338838468056e+01
2.957250740367791675e-01
-9.225006292060559332e+00
2.812350657933850417e+00
2.513616035802965776e+00
-7.800819972226790355e+00
-4.146679512534648637e+01
-1.879480100223871730e+01
-1.786133247356950449e+01
-3.478794856395697188e-01
-2.199265358221948219e+01
1.855690678178624609e+01
1.330214299579849602e+01
1.327857800763175966e+01
4.978630200267882278e-01
6.309872375341218032e+00
-2.595598361720269054e+01
8.637871735895938485e+00
9.462023627932281133e-01
-1.099339296986390835e+01
-2.999900830362524218e+01
-6.086266018418561963e+00
2.601829189471072823e+01
-1.860557277744007365e+01
-2.422780284119934890e+01
2.167932842034591445e+01
1.548819260639064765e+01
1.474376037924713501e+01
2.306577887771555258e+00
7.921586378731696243e+00
7.824594029668219264e+00
1.081777870055121937e+01
-3.694621406179316381e+01
-2.999266457917982365e+01
1.038813882020979662e+01
1.248556910688272126e+01
1.750231908236435174e+01
3.585177492923254761e+01
3.819706799519776652e+00
6.299847734779470798e+00
4.033606374712449316e+00
-3.785979864173105280e+00
-3.485808524838098776e+00
2.026755042852338207e+01
6.677684448614519930e+00
1.862780504716972763e+00
6.285457947660695766e+00
1.381506878184662845e+01
2.279867302361510539e+01
-1.041530726720809774e+01
-4.951025051386557685e+00
2.003381927904830206e+01
7.994938533416653392e+00
-4.461991635975028458e+00
-1.302619422539167893e+01
2.491244770593421087e+00
-1.252050896098866772e+01
2.453597595993243452e+00
4.167876014558119735e+00
9.822778290836126303e+00
-1.984082887773350290e+00
-2.223147774310326596e+01
-2.330590555589522239e+01
5.605285118722328264e+00
-1.814413165666514871e+01
-1.897328362205796282e+01
2.983315664093773023e+01
1.133684559667177005e+01
2.501506402086028480e+00
-2.740202085373133478e-01
-4.014734926967973294e+00
-1.154140604498117817e+01
-1.275928059932104297e+01
2.874083167481937195e+01
3.667141507979324189e+01
-3.158380851463280692e+01
1.373320550556032060e+01
1.605584530156954770e+01
9.121369054018639844e+00
-8.149538145757706520e-01
6.024987745417766050e+00
6.330614758969365319e+00
-2.393260999706821579e+01
-2.087259047932452916e+01
-4.473070816470770872e+00
2.572480520909871871e+01
1.974013911042359126e+00
5.625486150522187589e-01
1.921100816841594749e+01
-1.995810350461837146e+01
-6.526432838309793816e+00
1.961630143429583750e+00
9.311232167501774626e+00
2.357602006009511086e+01
-6.079482697443707728e+00
-1.730602610534083396e+01
3.251871119461624993e+00
-7.668961415957215033e-03
-2.604749089632259818e+00
1.943615667135365044e+01
-8.104698030556797050e+00
-6.257130243616961351e+00
1.349942275559221549e+01
2.501619265608817599e+01
-6.052119958463415550e+00
8.231698296563452644e+00
-1.371978973946747260e+01
2.756134114840618210e+01
9.017596268769878520e+00
1.002443269233466339e+01
1.772731862153571569e+01
1.361453975391866189e+00
4.904903123362624129e+00
2.108230874227789542e+01
1.800420393437133981e+01
1.599793981963775558e+01
-2.564504647567709839e+01
1.497227508687993058e+01
1.490286945163092547e+01
3.920836983754746541e+00
7.500186721081205654e+00
-1.105673910932769743e+01
-4.628621699113186772e-01
-2.998963766539074705e+00
-1.474919090165877122e+01
1.260059704710877604e+01
3.416716618598971245e+00
5.008983961960047360e+00
-2.091974169016272356e+01
-2.706334035311633102e+01
-1.884518514822606150e+01
1.357176417006253999e+01
-2.120632174571721507e+01
-3.732298961367342294e+00
5.160415503713259966e+00
2.135436061117195639e+00
-1.387676000816946953e+01
4.162941436176359034e+00
-1.546983545124994208e+01
7.346643981221723241e-01
1.259915571367844045e+01
4.919047861972518199e+00
3.612300797086609094e+01
8.275900021857127697e+00
1.557836862025682123e+01
-1.834128275398850150e+01
1.845356318655821326e+01
-1.297787668051772814e+00
2.223269842698710264e+01
1.531517344862022334e+01
-4.642398530823545144e+00
-1.009542086661191540e+01
-1.450019962179183164e+00
4.604302256580806940e+00
-1.759062428645320608e+01
-1.537282499841692029e+01
-1.323579444472161626e+01
-2.262181664211959031e+01
2.343565719609896902e+01
-2.100006082532131391e+00
-1.051975423670664789e+01
4.809940122214157121e+00
-1.870528672710701112e+00
-6.792839154088366804e+00
2.214358136395097709e+00
-1.096351171550488246e+01
-2.868316076855207619e+00
1.128772428091629898e+01
-2.303353381248561504e+01
7.027773245664364232e+00
8.980166022314834962e+00
-2.448463104215607800e+01
2.453847964868689857e+01
1.295046828220671742e+01
2.661913363425848900e+01
1.703400946441433561e+01
-1.349879374120060938e+01
-1.048429870065474390e+00
-1.941948001336286200e+00
1.576198076889304467e+01
6.479737484744723552e+00
-2.050595682613953130e+01
-2.618101293319202227e+01
-1.925565172128897728e+01
1.388090453729097362e+01
-3.229289776326127992e+01
2.286093062899144357e+01
2.621200935210560345e+01
4.206620544963029396e+00
3.090847063006437967e+00
-6.028500244629552363e+00
-3.012424324609569215e+00
-3.296963158092019786e+00
5.613983237933509507e+00
2.549687669916711474e-01
-6.686479537180248123e+00
1.092732214500882115e+01
9.213647472658886173e+00
-1.516408724988804302e+01
8.720419643379129226e+00
-4.157608704613866557e+00
5.476048077004907810e+00
2.585926321079745094e+01
-8.683092002755087080e+00
-4.493085713098534661e+00
3.165874438755758469e+00
5.090449484070930453e+00
2.582907180277470616e+01
-1.035032061513796187e+01
-1.512409131559622644e+01
-6.797429126251450793e-01
-2.557975258706257904e+01
-2.080972273684415796e+01
2.281490892568685869e+00
-4.977325789344948959e+00
-1.576948328907080921e+00
-2.428575294055956846e+01
-1.027330117599012738e+01
-1.350344983693770473e+01
-7.892752605838982305e+00
-2.079365497653543926e+01
-1.083134183097063108e+01
1.578429257689013632e+01
-2.586752663702685862e+00
-3.566598626793653803e+00
7.733629244714086859e+00
1.935518637788156360e+00
-1.964631128194246124e+00
1.167493760891266774e+01
3.074039116664009796e+01
-2.152109344550603254e+01
1.746318262605075589e+01
-1.682004830524377326e+01
1.761123761016694544e+01
1.322957598822542558e+01
-7.743053897280551823e+00
1.455493599657087600e+01
1.799239804212686167e+01
-6.697514839644684415e+00
2.024840174258596193e+00
-2.369606717879170432e+00
1.662395076533163873e+00
3.673353139242439891e+00
-2.617769005396233695e+01
1.584567299837965493e+01
-2.445122022221097069e+01
7.292548735809756266e+00
-2.023715688651632405e+01
-7.917467262836081154e+00
8.414370766502008436e+00
3.100500001032436170e+00
6.188091867807969493e+00
1.175762501199649890e+01
-1.367471360285841442e+01
8.553740285158497159e+00
-2.024589684056989025e+00
-1.202522947290826671e+01
-7.422605517632046457e+00
-7.971496798700139941e+00
2.670222784381376613e+01
-1.163161104126957035e+01
5.945151742152994245e+00
-8.176863077603950813e+00
4.653264562336767440e+00
-1.562175408384048225e+01
-1.723312795443888845e+01
3.417643849749290030e+00
1.618512973964247692e+01
-1.821713531249521978e+01
1.645951224990879425e+01
-8.086117656030520351e+00
-1.072555018081346123e+00
-2.258060524181198758e+01
7.205389594833929934e+00
1.132981330443726797e+01
3.114191740983622125e+01
3.797506442660388615e+00
9.537063159927095413e+00
-7.278084209429800389e+00
-2.243476454648530805e+01
-2.749616663235454439e+01
-2.248325254847637567e+01
-6.957066415369366652e+00
-1.636674136326613294e+00
-2.524274264685548985e+01
2.690286460593146600e+01
2.714671206823203775e+01
5.213566917838288184e-01
2.999398480468711270e+01
3.221993413260030081e+00
3.122860621886737853e+00
-2.834198870906898371e+00
8.760484206029751419e+00
-2.070175321906420152e+01
-3.837650675243796883e+00
-3.257210830200119034e+01
-1.649389909261968601e+00
9.186431187407492871e+00
1.333903324941005053e+01
-1.700882287343687338e+01
-2.518603907206979464e+00
2.191457234579820934e+01
6.724595666252425330e-02
-2.225010435205155090e+01
-1.308705535356032623e+00
-5.137719509271457596e+00
1.317903587173412561e+01
-1.553281174646561169e+01
-2.375985189891001070e+01
4.517076586556350470e+00
1.448545129341749416e+01
-1.001068799300221634e+00
1.787685906686957082e+01
-1.207545755579068825e+01
-7.373496247025893346e+00
2.883933539736673879e+01
-8.461494094562471702e+00
1.525291686041965278e+01
2.064056793967187531e+01
-1.413831739899212359e+01
-2.013554687874263749e+01
9.111925238585936171e+00
1.254435396837867422e+00
7.068622382779543578e-01
1.358657984733377955e+00
8.799949761815399896e+00
5.225881115724052783e+00
1.881994482968973159e+01
-4.681764381752670090e+01
8.134024800635353714e+00
-8.056979665413624758e+00
-1.411498329780064154e+01
6.691118050452576682e+00
1.566753711675095140e+01
-1.771737510553755968e+01
1.306190910389886994e+01
-1.791306807522263966e+01
-1.394742210005405525e+01
2.025501629749975407e+01
5.434118865927484165e-01
1.463898031911789843e+01
7.749225956558420947e+00
-5.497887288243644477e+00
-2.097387858069847510e+00
1.150174328472254537e+01
8.168721575505417221e+00
8.523500205753110848e+00
-4.865327786896565421e+00
1.997417914831450259e-01
-2.846546836924258805e+00
-1.026348568522124260e+01
8.773389650113944782e+00
7.957358765301203896e+00
1.675298783518536538e+01
2.809614805209165311e+01
1.961241091423783800e+01
2.404168899415868665e+01
6.658747955241792305e+00
-1.681531669073703839e+01
-1.489813832354935741e+01
2.233154431435659948e+00
4.322592339574961251e+00
-2.282751770070638386e+01
-1.137533476063416238e+01
-7.373760922551163333e+00
-2.432676338268599636e+01
1.409811736106939861e+01
-1.903379651855628518e+00
1.450897108443986383e+01
2.664826425762324291e+01
1.800419841864552595e+01
-2.580571682049318305e+00
2.803300100445532550e+01
-1.395670675544460870e+01
-9.847828941341530751e+00
1.032474747793996883e+01
2.057145939990645900e+01
1.267982615750572606e+01
7.565582762858581667e+00
-9.707421053841661873e+00
-2.078336211756097640e+01
-1.655414397692680062e+00
1.055016240710304842e+01
-8.449979580142539248e+00
9.131092235768207388e+00
-2.020808085151209799e+00
1.050702484144989413e+01
7.157495326276485770e+00
1.036216750660227781e+00
1.941296041734778655e+00
8.310941236412631383e+00
1.100833717092876363e+01
-3.980552022235494292e+01
-2.794983245349268230e+01
-2.219940936969526746e+01
1.349936459273211220e+01
-1.357866877662200089e+01
3.277722326253619811e-01
7.513822450702832612e+00
8.002413518368976852e+00
4.456280118323708628e+00
-6.702428870292490792e+00
-6.992745006306820166e+00
-6.641370602772561860e+00
6.816025476335677347e+00
1.219204808607791968e+01
-1.188885693308918690e+01
-2.691840625280223165e+01
2.228001527201563192e+00
-5.490394896357767784e+00
2.272462874627777651e+01
-4.392974233155067409e+00
-9.728733565647083026e+00
-1.694548462390857324e+00
3.846023060325074017e+00
-5.327278402508734523e+00
1.426180446829548476e+00
