-2.025956125431700627e+01
1.241971657917209537e+00
-3.906467951955593776e+01
-2.497582181956574487e+01
1.965309161787649472e+01
1.736965229925620591e+01
1.425147278684236518e+01
1.781574683083261723e+00
-3.527134784897271658e+01
2.443733874331514144e+01
-8.441152600998712785e+00
2.017019206859602232e+00
-2.268279619803236713e+01
-4.381839661437277300e+01
3.974895851104097488e+01
-3.839642957818605851e+01
8.944295116972730497e+00
5.828842224405663686e+00
1.187474525345842125e+01
-9.627971519897537966e-01
1.667049715488307271e+00
-2.953297055680997119e+01
1.555463287417706564e+00
6.681876036914266237e+00
6.961596889783042030e+00
-4.400242227625511759e+01
1.465779647956012788e+00
4.118086243014165149e+01
-2.942909333265757255e+01
1.507827740387923399e+01
-2.583822041339543318e+01
-3.050389358788356375e+01
-1.165457629914659776e+01
1.877391439699707831e+01
-1.453975014807899768e+01
-7.758127796318472491e+00
1.154347045375169145e+01
1.336553170612678798e+01
1.093986653709201207e+01
-1.730500492426943637e+01
-5.000119451708104457e+00
8.010440998416111569e+00
-2.354504173635041298e+01
-7.175963217136592220e+01
-7.541901393277814059e+00
3.023860603798720792e+00
-6.323943436237362548e+00
-1.418001200100146741e+00
-5.682583570055243172e+01
-2.470964492115457745e+01
-9.694105038273218011e-02
-1.994044991779446008e+01
1.112749834129793491e+01
-1.072854482547863597e+01
2.861983322844952227e+01
-5.907126205575488065e-01
-8.482311683369164967e+00
1.469543519682013466e+00
7.278441448414845638e+00
-1.033705619143461263e+01
-8.073922423427690731e+00
2.388911518342296425e+00
-3.461152079930467096e+01
-1.064359722873589398e+01
1.932043256470035431e+01
-3.628320325992784490e+01
7.965454161665094901e+00
1.210066133964684454e+01
8.917009228863234327e+00
-7.268982946754072749e+00
2.044388078981905821e+01
-2.590937587713841239e+01
1.445242949853100178e+01
-2.077102644800898190e+01
-3.297230818035510680e+01
1.527948777309796569e+01
-3.835701907197464777e+01
-4.014818878669942137e+01
2.318828134059870427e-01
4.845086595895782011e+01
5.768634359724185146e+00
1.286013647624879930e+01
1.603110612637667742e+01
-2.019361700112385094e+01
-1.123617420386437615e+01
-1.865591963589392277e+00
-1.937887251160513813e+01
-1.924319967746001581e+01
7.192505573117905726e+00
-1.519064776374492531e+01
-1.771358629725332889e+01
1.613731783080826432e+00
-4.362031565610705286e+01
-2.037509136375056329e+01
-1.232455713226705640e+01
-1.237451885798921225e+01
4.563264863590348774e+00
-3.843552821524311014e+01
-1.753562910440226474e+01
-7.590348647785648550e-01
-1.891584544591763972e+01
2.191263392965383616e+01
1.032358326826471284e+01
8.126558564547524455e+00
-1.891656897844284657e+01
-1.132280648442196735e+01
-9.565467350612671282e+00
6.742424809959727838e+01
2.684512712586883865e+01
9.177551524092207202e+00
-1.032625540980503764e+01
-1.211797973518933702e+01
1.127771681902436995e+01
1.140853373594565667e+01
-1.109190468967273802e+01
1.615970254286714436e+01
1.255801105682323815e+01
2.914529248382391469e+00
-1.450338272301527454e+01
1.405460633135236215e+01
8.008766114185513985e+00
-1.342395477240402180e+01
1.439805673229004412e+01
2.177766963288701874e+01
-3.906836095022696043e+01
-2.085961295096330659e+01
-2.119054297075928162e+01
3.350733524130036045e+01
8.970178290191707760e+00
8.933127301831655487e+00
-2.472454146468693992e+01
5.575495413807551870e-01
2.833127228039594314e+01
1.122008588973159249e+00
-5.846771514185778074e+01
-1.933359567496489362e+01
2.283072253634686177e+01
-1.257237666158114564e+01
-6.203796401003772054e+00
1.948913292262287911e+01
1.121778548020814270e+01
-5.811056574184769730e+00
-1.012805256104545748e+01
1.282789316573806815e+01
-2.944012198353129861e+01
2.543093984949118536e+01
8.424491127574048832e+00
-2.946214616327247882e+01
-4.393697452128010994e+00
3.004166939001235193e+01
-4.476205361353445156e+00
-1.923894972686469629e+01
-1.590108420599342409e+01
-3.118901306563647058e+00
-7.579306466555932431e+00
-3.376419799299497981e+00
-5.929342901763849483e+01
-2.699603732700937186e+01
1.814199000693602626e-01
-1.988318848415883622e+01
-9.220629379561424699e+00
3.632737082749216029e+00
-4.142968923927718805e+01
-4.926414471553031582e+00
3.169325401997255298e+01
-4.273741652606501873e+01
3.866193122270821192e+01
-2.304128484394033194e+01
4.837942774506760202e+01
1.351454813702061841e+01
1.383477660702656431e+00
-1.516213280034664734e+01
-4.011792264555655407e+00
2.545502374236497545e+01
-9.947058642536771300e-01
-6.460938118821745491e+01
-6.199360903146780011e+00
4.803830453542397017e+00
-6.215327035513954712e+00
1.925979236626858082e+01
3.790067631380149571e+00
-1.473847150018685070e+01
1.917073112333222085e+01
-1.859699457771918141e+00
-1.702521992506416337e+00
-3.525596991330370855e+01
-1.308940310421797548e+01
3.749754321077177366e+01
-2.094109735911572567e+00
1.407113333091217733e+01
-1.457268258824258744e+01
2.343856308644497233e+00
-2.662480170012977609e+01
-3.135800077860426427e+01
-3.747369489673157084e+00
-1.098091905383444278e+01
-1.418516209570328357e+01
2.058812728109915469e+01
-1.690673426043264271e+01
7.740920306135213202e+00
-3.189709297303297930e+01
2.467345717097059321e+01
8.924029508267796729e+00
4.914892016674399233e-02
2.449363804483080997e+01
5.724813732435489300e+00
1.664755350379906673e+01
-1.553330029082201946e+01
-3.998041796478239007e+01
2.637867854945596946e+01
-1.505971462595658217e+01
-3.848364713856007313e+00
-5.365902932699451355e+01
-7.267016998889045176e+00
-1.167517688161865408e+00
1.567933955155223913e+01
2.968118410208901636e+01
-8.433902372636257638e+00
-1.738949217360135080e+01
2.856871406045824457e+00
-1.616362704641159054e+00
-5.054705524617450152e+00
1.234660897581652872e+00
-1.231486130162991621e+01
3.303826478641220810e+00
2.734301316503097468e+01
-1.057654001815440559e+01
-2.945522778045080514e+01
-2.725210331679302556e+01
1.110323690090091464e+00
-1.291176928039282146e+01
-5.216354249199850024e+00
3.966763318159470586e+00
-2.848224145191322521e+01
5.105940432627196657e+00
-6.047083430445829855e+00
-2.504200023677604747e+00
-7.968540359948522500e+00
4.939230197672037548e+01
1.600382043325422998e+01
-2.230651541299992768e+00
-2.333991174105756272e+01
1.190072647512499593e+01
2.191078956339340067e+01
-1.177423182883487129e+01
-2.058840903232515274e+01
4.051318723250590637e+01
2.560523895930478133e+00
2.179901550866751592e+01
-4.369785368088996869e+00
-8.749638144914387183e+00
3.584408118878564586e+00
-1.166025320320366987e+01
1.662113419722099650e+01
6.309688383959324298e+00
-5.575133226936282327e+00
-1.111732989597327581e+01
-3.662278757367009518e+01
-3.570676267184053643e+01
4.816104016892921180e+01
3.521605820495658890e+01
2.253403811393210887e+01
4.315708700293483524e+00
2.654889972846234514e+01
-7.292949154733927131e+00
-2.905878362411458227e+01
2.750649301046258266e+00
-5.187699134080376417e+00
1.112732101077915559e+01
3.102817627432641601e+01
-1.310403765719510449e+00
2.798738134929008581e+01
-1.115728334656487242e+01
5.106575295502060463e+00
1.057448062012774237e+01
8.603910643756201182e+00
4.977485369385700409e+00
1.587979301423933176e+00
4.293017475052482013e+01
5.384811776133108907e+00
-6.235734421602906963e+01
6.431187926039816816e+00
1.885680355150028120e+01
1.159208437008442871e+01
1.798020445105068532e+01
1.772223644158561839e+01
-2.364184743914089637e+01
3.336561678570874534e+01
2.486359045138104662e+01
2.422789887011168375e+00
2.275011087716434677e+00
3.553326585996648390e+01
-1.239026702238784239e+01
3.966608723320361207e+01
-4.356875238460998645e+01
4.003881819885558002e+01
-3.375633036651738195e+01
-2.702922386846102398e+01
-3.926686451991254501e+01
-1.516313237396568070e+01
-7.277212959402169723e+00
-2.648903482408877252e+01
-3.110503474843525140e+01
3.588642426804016594e+01
2.022600141653881423e+01
2.343531145802652205e+01
5.166786426905792950e+01
1.600957165144087924e+01
-1.434671828965214679e+01
-3.375249966793556666e+01
-5.856116779462414712e+00
-3.114304624485972184e+01
1.806873735570287209e+01
-2.349461219202809303e+01
-4.383600336856306967e+01
-2.920197403393408386e+00
3.157546620148260885e+01
1.674224855786589217e+01
3.349570177230052792e+01
6.849949369768095764e+00
1.157068806366941649e+00
1.269822141052227460e+00
-2.875198190667504150e+01
4.656420070565398817e+01
1.620307124887449746e+01
-6.522967030671517286e+00
4.274509654843271278e+01
4.158247989966112002e+00
1.928521011470121138e+01
2.789349896671066631e+01
8.966900506424781980e+00
-1.871340250488272794e+00
-6.996649453740735680e+01
8.588924276430530469e+00
-9.066804611549372339e+00
1.937576654883380201e+01
-2.385788265014762999e+01
-3.374666796837537674e+01
-3.973377269147901902e+00
-2.194327477491028944e+01
3.461828690890373394e+01
1.223608970474259117e+01
1.183799577228253597e+01
-4.343773341666285148e+01
-1.002641073922833215e+01
3.616822880997390399e+01
1.706452553908133751e+01
-1.823105518806002934e+01
6.220034229097429090e+01
-2.389261499335635364e+01
4.274562531683828048e+00
3.685491003956653344e+01
3.115292623360864965e+01
4.792395266537296550e+01
-8.349473068578944890e+00
2.595272509053309307e+01
-2.064250863788475243e+01
-9.308218007798856775e+00
-2.108003012369145068e+01
2.347816315184799763e+01
2.873122418266703804e+01
-8.798464831113768980e+00
-2.969989559723575923e+00
2.617456634526046599e+01
1.239814293391875744e+01
-5.192572459833257881e+00
-2.967800501417607428e+00
-1.081785067687241586e+01
1.370225852124700339e+01
-3.247060393616017393e+01
-4.002605622704302135e+01
8.368330679001511285e+00
-2.995147912303327331e+00
1.070856556637162171e+01
3.479217762693019012e+01
-1.858549883295292471e+00
1.825925666533537495e+01
-1.108441047258779122e+01
1.310999490464957162e+01
-1.822446114288814556e+01
4.957360376583771000e+01
2.075314642424540779e+01
3.464678628125850679e+01
-1.692862473960168046e+01
2.594701119158262070e+00
2.237696221363645677e+01
3.528327024165640324e+01
-1.493820850338783757e+01
-1.386799162495952054e+01
2.384669563888392219e+01
3.549174295198191054e+00
2.457576125289278579e+01
1.179197690196057202e+01
-2.534831959157355996e+01
1.871845999998762267e+01
2.055102157022471943e+01
1.596919211063086053e+01
-2.376465373818309956e+01
-2.537125392345669539e+01
1.448371145129034332e+01
-5.540601516994219544e+00
4.619147472816561617e+01
2.890063430280261514e+01
-1.786715108393184437e+01
1.430598461488807871e+01
-5.417013387858185425e+00
3.812056681030503569e+01
2.704955738415402422e+01
-2.988402419479691474e+01
4.108140615239208415e+01
1.055774370078053792e+01
-1.115858734176845246e+01
5.047264648359662154e+00
-1.022449416333450323e+01
-1.842744445707373302e+01
7.032636346959758811e+00
-1.992624878710104852e+01
-6.837942245270818731e+00
1.055798329709219274e+01
-6.246791629605897356e+01
-5.817454321525933381e+01
1.983067298636420972e+01
7.704343920789766820e+00
-2.169335374055544108e+00
5.092908329172970205e+00
-5.113626677103644624e+01
-4.877063868814600633e-01
3.732184394824170681e+01
-3.557367600381036254e+01
-1.632065577485648689e+01
1.482555785443624430e+00
1.682952386796709732e+01
1.965861485921246299e+01
-3.081813254588708162e+01
9.289992473223515290e+00
7.860623984907555872e+00
4.101008248528421163e+00
-4.342139855691652173e+00
-4.726576663843585102e+00
1.239901510851551336e+01
-1.980913465411313723e+01
-2.139716858838804470e+01
1.377495555101925895e+01
3.244517087418215429e+00
2.406356593718634862e+00
1.777019195821935016e+00
-4.906516757410444463e+00
-1.645762138942214392e+01
-2.849626663948399852e+01
6.929987799931771164e+00
-5.153898744082474082e+01
2.635931837263371236e+01
8.876669733776875404e+00
2.362176388302496122e+01
-6.562472080196133373e-01
1.807687863882516410e+01
-1.416749974509113308e+01
-3.214019880172335775e+01
1.137717683129259605e+01
-7.509713840665279250e+00
-1.724593121988571554e+01
-2.026218317146564019e+01
1.696635386238584076e+01
1.941261828716040583e+01
2.265022862352263644e+01
2.529933842063874394e+01
1.353463086487902700e+01
-1.397908004172405683e+01
-1.445453710626847865e+01
-2.053326923051975328e+01
1.257877440077655784e+01
9.139364265164385159e+00
1.396374762323004148e+01
-1.066516729571764444e+01
3.167836743691270218e+00
-5.202912469588834199e+01
2.458851264304029449e+00
3.634007315227065504e+01
-1.731523137191765827e+01
-2.690970874121992318e-01
-6.333703202910630381e+00
-8.763085683399426173e+00
9.852253779717786486e+00
1.225367682269584257e+01
1.528882335635713297e+01
-6.626060232790961457e+00
-2.196627831077110216e+01
1.567797369666456930e+01
3.179783916724132808e+01
-2.855453379907828548e+00
-1.331592943002195284e+01
2.887486278073523138e+01
-4.380383634699236417e+00
-2.754156055165358907e+01
1.734119183961179189e+01
1.019364201337279008e+00
1.604846401217923102e+01
-4.433950515531765291e+01
2.218146079360272793e+01
-3.293530077414840918e+01
-1.068621850148601737e+01
4.969528278336376559e+00
4.400961648719873409e+01
5.387206760902005342e+00
-3.164539605296447888e+01
4.693635436342081135e+01
-7.696789003256507833e+00
-1.643666809258323314e+00
-1.617164913627316736e+01
2.249372755839677662e+00
-7.805304761479577280e+01
-1.171520941969615670e+01
-5.628427697058128132e+01
1.917028044649278229e+01
-3.728509644679957802e+01
-3.629078071467908018e+01
-3.468526325673165900e+01
-1.251423189876032538e+01
1.744091525238270535e+01
-4.493202537466265056e+01
1.369411926428090354e+01
1.571392317106397840e+01
1.291919288018385181e+01
9.568001458461283804e+00
-1.377829631264003041e+01
4.709496106494843559e+01
2.383598768961059378e+01
1.162502311801926425e+01
1.175127870999053847e+01
-1.349466052430178742e+01
7.958037883748676045e+00
-1.502084309316195521e+00
1.569408538136194942e+01
2.293017766593835205e+01
1.438606291537041670e+01
3.055014513022408007e+00
-5.223286543771806123e+00
-1.116951074664850552e+01
-3.370103469424855547e+01
1.618724151757495378e+01
-2.533871118778391107e+01
-3.090863561465123155e+01
-4.534170660803956565e+01
-1.452626815937727578e+01
-2.039278458740476907e+01
2.379177816776119059e+00
3.191789510938544439e+01
-3.416993671012391331e+01
4.649668949087895697e+01
-1.599410249351187296e+01
-3.997267677500078609e+00
2.698393950224372162e+01
-2.379459158708410627e+01
-1.116191937582958982e+00
-2.252172575577246860e+01
7.373596788988118433e+00
-2.355239476464035064e+01
-3.404496649917042816e+01
1.457936683608338058e+01
-2.195823523215294415e+01
-1.233070060683409253e+01
1.400676503830778685e+01
-1.382925123639171261e+01
1.393509468577965649e+01
1.184925415951349237e+01
3.162785728773420502e+01
3.560760320267223733e+01
-2.212139017666547858e+00
-3.559371276861154598e+01
3.550346485674301888e+00
-5.453614909857091853e+00
2.688730325806145127e-01
-5.005009352099195041e+01
1.311305522665471734e+01
2.461518149533022992e+01
-3.003277351705382259e+01
-2.685447016205874249e+01
3.882768195338287143e+01
5.084992527211873004e+00
-4.325411969441334747e+01
-8.942439667246233626e+00
-4.101560900302851564e+01
5.144116818685437131e+00
5.953523193036395611e+01
2.078425823932362970e+00
5.677144827444202235e+01
-2.815172166091636541e+01
7.624259543134630945e+00
-9.277765594768601076e+00
1.920317413281233598e+01
2.435171826414258334e+00
-2.218219713991986808e+00
1.628777476713810302e+01
3.458725515282420560e+00
-1.371948233124652106e+01
-4.148807276514315845e+01
2.336106550526980996e+01
-1.747096831157952579e+01
-4.827872654414266407e+01
-4.145934152264513273e+01
1.109484976642792375e+01
-2.152675378234076220e+01
3.139186301156533787e+01
1.546936699512722946e+01
1.390193006648769369e+01
-1.999134633231879832e+01
9.841213942025525796e+00
6.365385064689131234e+00
-9.566969434558709295e+00
-4.773576793160479781e+01
-1.309324747493542951e+01
-1.227393453288394731e+01
1.095054793814095184e+01
3.198391211595077266e+01
1.566343368217977172e+01
-3.738121330003623655e+01
1.289521100902486062e+01
-3.530549237664170192e+01
3.183672663601353037e+01
8.931548850933566541e+00
-1.149519427162849716e+01
3.543665915562611701e+01
-6.270779679668998519e+00
6.664735755362386271e+00
-1.230831384082360636e+01
1.509037650385110219e+01
3.507357270864757570e+00
3.481751941654650295e+01
-5.221042321425431787e+00
2.059055870882617967e+01
5.040197342437662797e+01
-3.336974701628882656e+01
1.615377710841197256e+01
1.110975144344393506e+01
1.666685631395633393e+01
-2.710019204505901058e+01
-6.548687409343193266e+00
-7.852137540456577192e+00
-2.453143371758012492e+01
2.943242967696691181e+01
-2.040310747977090600e+01
1.924749131653767620e+01
1.100916037861199115e+01
1.058923921565106774e+01
-4.987955634197182775e+01
-1.287727202092964163e+01
-1.491252369869246586e+01
-2.565293424613004092e+01
8.174921698252807900e+00
1.029211265359267991e+00
1.326942446831453282e+01
1.231191679548779483e+01
1.458291327838934492e+01
1.009490161352159809e+01
-4.255138653762906387e+01
3.057157657595375255e+01
-1.559008817422491333e+01
-1.306460118617191846e+01
-2.425995596308145963e+01
9.928518122328806594e-01
-8.646749535435814593e+00
1.880249324238580400e+01
-1.755413842948246383e+01
5.145384336678110060e+01
-2.006382900028017247e+01
-3.275192502133801309e-01
-1.842928446179477220e+01
-4.482699844917104315e+01
-2.788276728775892366e+01
-1.955531780412163689e+00
-1.099855702452038919e+01
-5.915100115866723129e+00
2.432268013590174505e+01
-3.941218128555567546e+01
1.139133503226311284e+01
1.085218293098490960e+01
-1.884918374240752259e+00
1.173150887928196440e+01
1.808691011817736083e+01
1.277212347622826094e+00
3.743177103253592719e+01
-8.620887280091723781e+00
9.555954429346503076e+00
7.572452895472507883e+00
-2.939980319188877367e+00
1.598919847866014265e+01
-5.430508092565217737e+01
-2.158276036828836908e+01
-3.071635844220800493e+01
-9.582505842662131457e+00
-2.222754763686830870e+01
-2.628187221244565208e+01
1.100660036790314766e+00
3.569206264784163096e+01
3.517112820393568740e+01
-4.015288366728301384e+01
-7.253139337327172598e+01
5.565690056669858610e-02
1.782387319296786510e+00
3.638593134665160278e+01
-1.228163695545107714e+01
3.417691661468251763e-01
-2.836782489077055303e+01
1.675824743836635822e+00
3.091869499254993769e+01
-2.574660528021565753e+01
-6.104587536283350602e+01
-7.176262998811726579e-01
3.491493677013713715e+00
1.629639138680839849e+01
-2.504870554755870415e+01
-1.736469208805542452e+00
2.542868362213184952e+01
-1.853074684430504249e+01
-1.814715080769332545e+01
3.719435753099598685e+01
8.925929138118286588e+00
1.608096232747918108e+01
-1.465871985595933680e+01
6.286405000339349236e+00
-2.826086724741780287e+01
-2.999381604485179542e-01
-1.066283047218305491e+01
-2.179761765260943918e+01
5.637458921187114669e+00
2.213845098768518227e+01
2.995457552087353648e+01
-3.056278191337858630e+01
1.114953491666839192e+01
-2.244158804708657584e+01
2.129087624173094184e+01
-4.849294440655312144e+01
7.212597230688440497e+00
-1.754061857731859675e+01
5.865230629088484449e+01
4.725572319164457191e+00
-1.038935273607582666e+01
3.859466414487646091e+01
1.409957810423363256e+01
6.881836471547936540e+00
1.633268056457945505e+01
-2.945705871873093074e+01
5.092042286012420504e+01
3.204139003949619280e+01
-5.366204012142599566e+00
4.298085596725608326e+01
3.709897620529979179e+01
-2.867393465707791123e+01
6.804197907262630629e+00
-2.258694664718063905e+01
-1.089958226521706264e+00
8.211999260941345469e+00
-1.331105925736243023e+01
2.453659637633742818e+01
-2.751890216338278350e+01
2.597882663289086480e+01
-1.566960475852934032e+01
6.106449762500168355e+00
-5.836893705038920643e+01
-1.048325628179981539e+00
4.134392319782045178e+01
1.182109180859731445e+01
5.582257940220387127e+01
1.403642108480232631e+00
-1.744497891045267934e+01
-1.504997578911460820e+01
-2.067358345748576021e+00
-3.203662962973005790e+01
2.140619093030311504e+00
-3.771885861250995475e+01
-3.140920164156107930e+01
-2.246355560893885883e+00
-5.290669426422841326e+01
-2.228784670466553663e+01
6.288353196101140519e+00
-1.485111490456361771e+01
1.596404931841504116e+01
-7.437141012748305080e-02
4.153974604508715629e+01
-2.689083681134480841e+01
1.276712295732588132e+01
2.601670661680736529e+01
-1.131455377202620660e+01
-3.760037179409943864e+00
9.370128426807617927e+00
-4.235112621396405785e+01
-5.848063164224683419e+00
-3.610950247694368898e+01
-2.000148666871751146e+01
2.784581374170210921e+01
1.948207976547350029e+01
1.113450673143343650e+01
1.997399722863078608e+01
1.936249681681988832e+01
-1.313848057501915001e+01
-2.437522073818630375e+01
1.000982316288644292e+01
7.055894475543270872e+00
-7.887903910140677155e+00
1.896502796223537457e+00
-1.389351241708980567e+01
2.263003857934788865e+00
-1.592586080869284793e+01
-1.204081987856407032e+01
3.256606050767593530e+01
6.052691815810590015e+00
2.951895836400303708e+01
-2.466695245103394996e+01
-1.824034806133184583e-01
9.116145221485569827e-01
-1.807630241548155325e+01
-1.513798747917049248e+01
-5.523915538569801953e+01
7.668113392326729283e+00
2.622583944432685144e+01
-8.087584140324928228e+00
-5.833350334996165287e+00
-5.416364776804587500e+00
9.673652322167194839e+00
-1.129688826719798556e+01
-1.980154103007028965e+01
-5.928905505733546910e+00
-2.221681946989287226e+00
-1.562839661014237436e+01
1.320002053197390168e+01
-1.329117474123935594e+01
-2.136820141123751782e+01
-2.323319107563570185e+01
-2.052137372971106188e+01
2.234873264911054314e+00
-2.469169387619646550e+00
1.432051787601521120e+01
-4.806415975158806475e+01
2.402284378789363739e+00
1.990145443632699340e+01
1.494453622719259123e+01
2.114095447190290855e+01
-8.738707080724623211e+00
3.825814253895623906e+00
-2.678122428875498784e+01
7.712861859685922195e-01
-4.858289915320060715e+01
-5.750172533593282509e+00
-5.254931744429179652e+00
-4.144511600255533068e+01
-1.388816384615397581e+01
-1.424900015314029211e+01
1.100715516958370621e+01
-5.151944936394230901e+00
2.715452403168905704e+01
-1.620205083009552638e+01
-1.768892113842953417e+00
3.977158112562205527e+00
6.460735200203789219e+00
-8.048073145494512914e+00
-9.876628091269392229e+00
-2.313708202029154748e+01
3.438254892652221173e+01
4.325344308063581877e+01
1.868332991749315397e+01
-2.287571107969512241e+01
-6.498828712345948944e+00
-2.439036474091647122e+01
-4.965988383334957845e+00
-9.322525044049532639e+00
2.130353947186353025e+01
1.549267971642553832e+01
-2.661105804147388909e+01
-2.912003436234103049e+01
1.076222524904791555e+01
1.939344025926737558e+01
-2.044043123102651549e+01
1.575607887529139362e+01
-1.792430812662888684e+01
4.529666578182360581e+01
-3.102193912485339311e+01
-2.837010960887970512e+01
1.289414625838385753e+01
-9.777885285855175690e-01
1.055278279352187809e+01
1.304680699387778375e+01
2.843551234545051987e+00
1.751360090714586448e+01
2.526273498054493416e+01
1.851323505235183475e+01
3.380106448955553589e+01
-8.147766796304274806e+00
-2.174536281557602990e+01
8.620000271044920837e+00
4.009733611397621900e+01
-3.510109575387526881e+00
1.013742116123885673e+01
5.209709812911162530e+00
-2.170490412639161093e+01
-1.518776116817340949e+01
-1.192459085221183379e+01
-1.156396360355980057e+01
-2.700933726495188925e+00
-1.351000057651345188e+01
-2.376076537465946714e+01
4.843522874959666069e+01
1.197844810620343203e+01
1.810481081058600950e+01
5.490861032747853088e+00
-2.763670641907279180e+00
5.655454765052384758e+00
-1.732788671560061999e+01
3.094073620410076941e+01
5.904201785843584105e+01
7.686641206214566147e+00
-2.775414196765535735e+01
-3.401883361228457581e+00
-2.163776712755952758e+01
-3.666602294572475884e+00
-2.216677044082065251e+01
1.940590910605579644e-01
-3.263118741003518863e+01
7.372865306194177570e+00
-3.632692160658670133e+01
3.787402717778623362e+00
4.744519134569956664e-01
8.057614257449758455e+00
-7.842267813173245727e+00
-2.420437225598285025e+01
7.155598757164261414e+00
-7.937922426423082989e-01
-2.642871097180145767e+01
-3.561423663524983851e+01
-2.489872956762295697e-02
4.769170753756122849e+01
3.538200708587321230e+01
-2.048204868908838705e+01
-6.119279162337727840e+00
8.408959665765994629e+00
-2.740723715247631986e+01
-1.491591703109192402e+01
1.437936097824097814e+01
-2.403288867179930843e+00
-9.781973014676712097e+00
-4.567585455140643802e+01
1.979537258487669149e+01
1.067271834618532544e+01
1.372984852339372175e+01
-3.323895189633287117e+01
2.187867588090022863e+01
-1.819856524354056315e+00
5.779269914340117253e+01
-2.739782058863979586e+01
-4.830288611872570748e+00
-2.259348666173761622e-01
2.044600968746177472e+00
2.435239298508002292e+01
-1.194319352546103907e+01
-8.204414401544752877e+00
-8.172568708878436894e+01
-7.263209503834711533e+00
4.823325092589829666e+00
-8.025848446843290018e-01
-8.847585996030367994e+00
2.894994077126403909e+01
1.778332343496798984e+01
3.334712117554320798e+01
-4.877522340740867435e+00
-3.513092358586263941e+01
6.388235141531279027e+01
-4.496231803597198251e+01
-2.373831172384109323e+01
1.546115971151271751e-01
2.425343747823537655e+01
1.053682733870827892e+00
-2.779784175163061377e+01
4.205083441230505592e+00
2.552973624953622789e+01
1.326331918188445691e+01
3.658285214897763638e+01
2.471094290512605696e+01
1.688000997306545869e+01
-1.750997867985921275e+00
-4.020066182070956451e+00
1.666680531265530618e+01
-1.561844391192887649e+01
-5.514492231378275733e+01
-3.812033590250263337e+00
-1.681415143292291603e+01
-1.243751722854070429e+01
9.114215941139539368e+00
9.414769583115726093e+00
1.364140022565398169e+01
1.723419083499349114e+01
-7.972642365980175505e+00
1.597635216414387882e+00
-3.337532326923014381e+01
-4.036207910180079850e+00
-5.253220448784454710e+00
-2.725143024171759798e+00
2.755901867657659565e+01
4.166077607270472605e+00
3.065555004188875543e+01
-2.427894962027150427e+01
3.907589732873693578e+01
6.956969985289546798e+01
3.094737593648470053e+01
3.122735465574187685e+01
-1.128328734335184080e+01
1.855411696923209064e+01
-3.506490511674521748e+00
4.540212861096731700e+01
1.797961133873656081e+01
1.846382594571419844e+01
1.121706900886760216e+01
-9.471381546376005378e-01
-1.324892699443833521e+01
1.128991695332003253e+01
-2.448594894175379366e+01
3.041470990969812327e+00
3.969001637490367074e+01
-4.266087099673719685e+00
-2.244626102795682421e+00
-1.927298345835148297e+01
-9.511441518126474648e+00
9.238706057665561744e+00
-5.733059422065609922e+00
4.156986881042644200e+01
2.888559158325408305e+01
-1.251853601382354242e+01
4.089181439239404625e+01
2.779809934171863262e+01
-1.938392503521734511e+01
1.104996199646229904e+01
-1.033070521097017824e+01
-4.428663755104849287e+01
-6.761966163715246836e+00
-4.756018322983591062e+00
-2.340165359249414223e+01
2.793852016445462105e+00
-4.300272117896350110e+00
1.286370871952805217e+01
2.883229959678697085e+01
1.454908658735828975e-01
-1.943557150601092331e+01
1.182264599632446966e+01
8.937187640313618786e+00
9.550778824690669966e-02
5.332161618831674943e+00
1.592265651404273186e+01
1.052812235676331021e+01
5.171548498475407740e+01
-4.723530277418678480e+00
-1.456106141740589166e+01
