1.190803091939093505e+00
-1.197175906462632433e+01
-1.604583113639345981e+01
1.397187247584217218e+01
1.894809321798443857e+00
4.183559509205490912e+00
-1.767439789648306459e+01
1.166193438256253145e+01
-2.197873545274989482e+01
-3.624754435980296563e+00
1.053682393608887047e+01
2.372276481081731703e+01
-9.010682886487186849e-01
3.951901130690195885e+01
-1.884524711285297727e+01
-6.604245354110275912e+00
1.123188317700806849e+01
2.857388837495744571e-01
2.099403734369409946e+01
-8.001908980909913538e+00
-2.870471000220712909e+01
1.293217722992116947e+01
-2.311624917941732704e+01
4.094569868430507853e+00
1.604840472202256052e+01
3.832246349100520533e+00
-4.422227114287849048e+01
-5.255582251440628738e+01
6.645913531035260391e+00
3.891740127294434082e+00
1.155524344732138609e+01
9.938965181167734642e+00
-1.915686177256906220e+01
-1.135570289861932380e+01
-1.859991307943271721e+01
-3.146318653742412597e+00
-1.259867682051456228e+01
2.535353443404511609e+01
7.283703789197771172e+00
-2.544009755822601093e+01
-3.202307949267024156e+01
4.525939580942385021e+01
3.409093468283967354e+01
6.551288663663289213e+00
2.260955464794315617e+01
-2.707164698829680027e+00
2.614259652324443550e+01
-1.304673933428617971e+01
1.889892940507115071e+01
2.370933581162285009e+01
-9.876655975337293114e+00
9.869510588144841279e+00
-4.204188599224750789e+01
-2.455635066410434320e+01
-7.597560414059071343e-01
2.180940695782682326e+01
1.827715804245248776e+01
4.644789758553187653e+01
-3.125722098612838007e+00
-8.211540294331443945e+00
-2.263220845076362764e+01
-2.999097389496373722e+00
-1.566601902544401526e+01
-2.343972793411567679e+01
3.040604275720146354e+00
-2.793572543727379554e+01
1.221694376597370812e+01
-3.212882605728828622e+01
-1.495104249649529038e+01
1.484109524958761739e+01
4.533193072445258487e+00
-5.986580215201490418e+00
-1.114224053677147630e+01
-3.690402939679850647e+01
8.610578274861365955e+00
1.457648682056158407e+01
5.162914739774118189e+00
1.339117527419473497e+01
3.573372956964370672e+01
7.019109916256038417e+00
1.746197134214231284e+01
-2.952798992661048061e+01
-4.655931785437878290e+01
2.170977314324796126e+01
-8.948617686546690209e+00
3.114319962146764809e+01
3.470427524528324170e+01
-2.837933233615130035e+01
-1.690478983860274553e+01
-1.352594520300750247e+01
3.360651162959808858e+01
-2.294063558967523520e+01
-1.029226172672246165e+01
-1.247944253537913184e+01
1.941175555011072618e+01
1.787525901758940350e+01
-1.320007373197089429e+01
-3.413694641657220252e+00
-1.807113977713443020e+01
3.468010195009725294e+00
2.715648129342791606e+01
5.464990693854812065e+00
-1.087031264751754733e+01
1.448222670918791977e+01
3.458602494976189767e+00
-2.494864269365566400e+01
-1.557237244695382117e+01
-8.027874171320883434e+00
1.662613272896593131e+01
1.531527756536999796e+00
-3.514709291150626136e+00
2.947290394050586571e+01
-2.777607776194910372e+01
1.551408359680508608e+00
-4.880324242879278351e+00
-2.599655092897979713e+01
-5.290428785258110622e+01
2.987583060362655196e+00
-1.036981004853655186e+00
-1.705082558755909616e+01
2.280760954025923937e+00
-2.726224392044444755e+01
3.766405558333968884e+01
1.290515782436571435e+01
3.454096405615851495e+01
-1.813893243481529893e+01
-7.549327238179491140e+00
1.087391663198794589e+01
-7.040918489741075925e-01
-1.296672862314760799e+01
-1.338135052695956695e+01
-4.623613754741694493e+01
-1.758128067957107987e+01
-1.732478819991933605e+01
-1.227660276045968679e+01
7.768175367204078974e+00
-2.697315633835907178e+01
1.268167105564510955e+00
3.546676144809034703e+00
-4.742944962983182222e+01
-7.619550974694400125e+00
-2.409810694228288863e+00
-1.694059411448406749e+01
-8.505426705735827397e+01
-8.580915718187473118e+00
-4.540579465360309541e+00
-2.461765213883935388e+01
3.741851848609945108e+01
4.640030847303525441e+00
5.748181313097908252e+00
-4.244156281885468474e+01
-4.545913864519378933e+01
-1.573143804222741338e+01
2.803839529519586371e+00
-2.467815386208047812e+01
1.981328668755124767e+01
1.662518200592630180e+01
-3.409666627124187954e+01
-1.242075026105883673e+01
7.612660128730213138e-01
-5.205930857897771880e+00
1.682140823816929309e+00
-1.119171995192226987e+01
3.399833475312639131e+00
-1.570321199621490038e+01
2.045564522014240083e+01
-3.530219547446282036e+01
-6.377170378915259619e+00
-1.672118815277735981e+00
-2.185372164902597447e+00
1.363160198674892953e+01
-1.106339321251329721e+01
3.892984612030450542e+00
2.084817465831156014e+01
2.505309023317010642e+01
1.823880412719290689e+01
-3.838776820360795483e+00
3.702889208730117332e+01
-2.682723020292636562e+01
-1.261992066515249178e+01
-1.473544368433128637e+00
8.312732036077703501e-01
-4.721595051960570721e+00
2.729882049351387963e+01
-5.243518068195555770e+01
-1.898232721313026872e+01
-6.182225890212929009e+00
2.983544382023548991e+00
-1.273017669328753954e+01
2.279805547387024234e+00
3.699262509334451110e-01
3.323229140354193589e+01
3.919381046157128878e+01
4.892596544927488189e+00
3.713700516716004874e+00
2.153764942782545155e+00
2.517093258023295022e+01
5.481902125549640914e+01
7.082630502810512318e+00
2.862340924697753408e+01
1.625151866359698438e+00
9.055025952151257940e+00
1.529306570109389973e-01
1.907037534071125151e+01
-2.269134688231513763e+00
1.263441606889249158e+01
1.578254497677833790e+01
1.666458193936393428e+01
5.590100271234295981e+00
1.001234833857368045e+01
-9.580502344354556499e+00
-1.648682893517245418e+01
-1.017546349225459679e+01
3.205241370252707611e+01
1.946435427274430641e+00
1.598726459998273342e+01
-2.272431547013609077e+01
-1.464367496197261076e+01
-2.680488174356056241e+00
7.704012499606585074e-01
-8.491963339947627532e+00
1.104057595462623986e+01
1.110933601791267300e+01
-1.706318423779008242e+01
-3.036386883759296040e+01
2.351400318632189368e+01
2.433620315963985803e+01
-1.643933254810949052e+01
-2.136513242091594833e+01
-1.385065488310690540e+00
3.861635054856267857e+01
-3.432299721148518756e+01
-1.538173512067037407e+01
1.105836353849933040e+01
-1.553134118013792175e+01
2.528733218197771748e+01
3.471500118530131829e+01
1.725610582722419650e+01
2.236704768526985987e+01
6.053793746684331012e+00
7.816486629737919856e+00
-2.077892193125076226e+00
2.050904697069788618e+00
1.081357588687855298e+01
-2.621597653547548390e+01
2.383905312521031217e+00
-1.460826630704915630e+01
3.286845044635332158e+01
2.283222193995382199e+01
-2.646063154152906094e+01
-8.324521427085764813e+00
7.442710861600232874e+00
8.757816268889787592e-01
2.340812177628496471e+01
-1.678572413919097528e+01
-2.369665030862342547e+01
1.188637076484848443e+01
8.537988259341279473e+00
-1.662360836339672332e+01
1.320175312151963354e+01
-1.219487608817324986e+00
-3.607552012940005426e+01
-9.203895495040303132e+00
9.621897642275975215e+00
-1.374165359406757325e+01
-1.413909486247948433e+00
1.814775061684498869e+00
2.034883714634451390e+00
-1.727568603039060946e+01
6.860840976797963897e+00
6.628678836020196030e+00
1.431332065686994426e+01
2.538903852258081528e+01
2.081229425914519027e+01
-3.016709075405191243e+01
-8.580070179988782186e+00
-1.175271548735270599e+01
5.442010498503528915e-01
-1.380687130631994464e+01
-1.196470899365318452e+01
-1.448958850154072886e+00
4.225188318522803854e+01
1.340806525995349885e+00
-8.741976573147347551e+00
1.181851257496140661e+01
7.827229447465947842e+00
-5.918028480927037815e-01
2.204503396888857836e+01
-1.340297734204240143e+00
2.435822934110509408e+01
3.986539231601402378e+01
-2.375619137441960760e+01
-1.636687414245106353e+01
1.352295209830356626e+01
-2.274030493359147975e+00
1.467639109335771685e+00
4.428098392508045933e+00
-1.234616370915638583e+01
3.601804345900549720e+01
-1.950967063405419921e+01
1.683447915213953294e+01
-4.319194664276707840e+00
7.424903222278070203e+00
-2.110894468031314730e+01
3.289428914184281183e+01
8.374141617058148412e+00
-2.150389155709937583e+01
-7.249055677149408794e+00
8.839840167344297228e+00
4.814357073867594039e+00
2.211383944584488859e+01
6.956506397753152715e-01
-1.458766817264373827e+01
4.067769402297137127e+00
-2.916107107973842716e+01
-1.226881999982549942e+01
-5.111476264459990659e+01
-3.594266717424410729e+01
-7.552034618217751127e-01
-1.472201185583218752e+01
4.193641176794516312e+00
2.057655647555380085e+01
-2.048314976095506168e+01
-1.008754987619560595e+01
-1.436801797351663090e+01
1.120524654287540756e+01
7.384703600602890106e+00
4.277993885101934346e+00
1.173002057606839621e+00
8.479417210764413682e+00
-1.439539275636551352e+01
-2.594269627320078797e+01
-2.921838293348475446e+00
4.809607290345591935e+01
8.524968201660882983e+00
-6.440637009393689105e+00
-3.791193670288448203e+01
1.024735116712265182e+01
3.579655002696029698e+01
1.354361955657793537e+01
-1.978752019285239427e+01
-2.449725738386857898e+01
-7.138879516563415351e+00
2.051005057757971883e+01
-1.842216348232269141e+01
1.387350652676636997e+01
2.271608764732102514e+01
-2.064641066829593541e+01
1.763547233063767905e+01
1.471963505028919350e+01
2.498129441233028825e+00
1.422221870241188491e+01
-2.127004327877617129e+01
-1.134292666583601061e+01
1.657073412341865293e+01
-1.589446218659374566e+01
1.743288357235510944e+01
-1.122810330422187874e+01
-7.959085785573773109e+00
6.546351705485112404e+01
2.007624766608213207e+01
-2.579090452178020598e+01
5.075957958243044033e+01
2.003298905731829294e+01
-3.305509153462746319e+00
4.640463844041924801e+00
-4.495544162941730981e+00
-6.125698904605142658e+00
-5.675676675018401340e+00
-9.834771747391542362e+00
2.904305643529352210e+01
-1.424600407981636341e+00
-2.017407706920196730e+01
2.048220098187857552e+00
-1.202670944399734587e+01
-2.149926195667440965e+01
9.256410989003626355e+00
-1.985746053507983788e+01
1.798437580609763131e+01
1.539396084699384915e+01
-6.604506870960129561e+00
-9.468422441839400960e+00
-8.446511762474942842e+00
-1.147596749596285992e+00
-7.338092450257400756e+00
3.489394994741893896e+01
-1.837737914061797317e+00
-3.081497167698647388e+01
-1.202268461809041611e+01
-7.695270499227994776e+00
-1.093543378248700293e+01
-3.568816875280514722e+00
-1.377965961128215255e+01
1.186148682754285666e+01
-9.575991191926146229e+00
3.124881089787128730e+01
-1.665899637413596324e+01
1.283229737297637385e+01
2.300340293597660235e+01
4.952188409747363806e+01
-1.023819821505135153e+01
-1.945080861099756930e+01
-2.376464604285273907e+01
-3.760731909784094107e+00
2.225655962343343575e+01
-1.554327064703289407e+00
-2.588824457349275576e+01
2.172027850021966700e+01
2.635201130692218641e+01
6.280232472595488780e+00
-7.111582490872009998e+00
2.886886022527159668e+01
9.143833290557580540e+00
2.680829853017103659e+01
-2.391743334183242808e+00
-2.050641076657911555e+01
-3.687166799945220674e+01
3.138223483753742471e+01
-4.762477655786695863e+01
-2.523240730277304067e+01
1.956468791619505510e+01
-1.295877332534882775e+01
-3.892033983665564278e+01
1.424704261517781134e+01
8.123723410605460771e+00
-2.120197622203435728e+01
-3.745703155940967122e+01
-6.290432879006166544e+00
-6.288460480301769628e+00
3.435976263940311526e+01
1.333028666195382783e+01
1.083766575404439436e+01
2.364120175702477766e+01
1.120187396077144015e+01
2.568759513494522650e+01
-5.383973109528618295e+00
-1.933612789805621235e+00
3.560483472012140993e+00
-1.276780513693493546e+01
-7.710199358885759580e+00
-1.987605903137899332e+01
6.380291237396132686e+00
2.471961053020855559e+01
-8.308640372589881196e+00
-2.762042684571032680e+01
1.298154493684741340e+01
-9.644592052355340783e-01
1.235579201099577773e+01
1.270747418136609852e+00
-9.858723726422789824e+00
2.972633208125813553e+01
2.184063334849009763e+01
-1.808208505853093939e+01
-4.303743740811434293e+00
2.559716042233844746e+01
-1.022863441825994357e+01
-3.245815886176816711e+00
-3.780897441242690782e+00
3.646372161347773044e+01
-1.481042796457528077e+01
-9.770540450972418967e+00
1.881255907015589912e+01
2.229955743002626001e+00
-1.346621166125475533e+01
-1.497464691786588098e+01
-1.455417309240785428e+01
1.286380574516843467e+01
1.555693491029473563e+01
-1.196103813250972792e+01
-1.020536293709978004e+01
-5.440128591411399483e+00
-7.821096935122020533e+00
2.433965974776448604e+01
-3.214632261850381667e+01
-4.308744347062175706e+01
8.044678873522789431e+00
1.596784551204056513e+01
2.478809192790568616e+01
1.174198960002286185e+01
-2.779161553773577964e+01
-3.885163446985585267e+01
-2.189905878362198166e+01
2.124573884093297238e+01
1.320052166406554228e+01
-2.059230530139443260e+01
-2.732959425948520504e+01
-2.905404404452415079e+01
-1.823531214371379505e+01
-3.773698131066829120e+01
2.412250220789240984e+01
-1.970648017486212922e+01
5.172883978139639183e+00
1.041447287478644768e+01
-1.615194922078850936e+01
-4.029808502233774448e+01
-1.308692733988593382e+01
-6.927536289532016944e+00
-3.361297804665727540e+01
-3.219848851330226580e+01
-3.618631096216247123e+00
-2.107191455340575459e+01
-5.760332174513837344e+01
8.758348988729297346e+00
1.730032742542096003e+01
1.579109453324797796e+00
-3.324371950361237005e+00
3.171668901970178034e+00
-2.237835276791081185e+01
2.651333373945361416e+01
6.198515999779036889e+00
1.782635623974458383e+01
-8.980176762028605708e+00
-3.848412301787581757e+00
1.766937388760256411e+01
-3.112047984483189822e+01
-5.765189374625550300e+01
1.568233410897898494e+01
2.005234548540833828e+01
-3.629538593142485947e+00
-3.616928029371763387e+01
-3.276734652350319266e+01
1.216200077031516713e+01
1.559619183220896232e+01
3.103320911636848312e+00
6.913708565006638551e+00
-2.644714023350284648e+01
1.809537174809474891e+01
-5.004742563888695983e+00
2.351031385603819146e+01
1.523660698841474215e+01
3.886748074606327918e+01
5.919830227613401519e+01
-4.768271470061455375e+01
1.501442943807208685e+01
-1.703560156204797948e+01
-6.934530989612779805e+00
-8.447339156202760435e+00
4.392343229729944198e+01
-9.065438356569961442e+00
1.239299252303389665e+01
7.164583581410562729e+00
1.905060842250995989e+01
1.181943726374993275e+01
1.409253371721333359e+01
-4.747097171823203010e-01
5.664581303044071703e+00
-4.021661384161298258e+01
-3.002702946513862159e+01
-2.478642263951415181e+00
-5.332717945460854203e+00
-6.139722707952198988e+00
1.280995394121527298e+00
2.761896000124687589e+01
-3.112238705806556283e+01
1.122657390738532790e+01
-1.267362475449874282e+01
-1.245535800983502028e+01
-4.409433245146416880e+01
-1.066442949481876212e+01
1.027736549692068024e+01
-8.174211269262887214e+00
-2.821680686961423490e+00
-1.480381148135967351e+01
1.995773394311579452e+01
-6.547096193586241064e+00
-1.259712527826902240e-01
-1.306190669570224649e+01
-3.833889443389385310e+00
-2.501177276883523604e+01
-6.033752542713541089e+01
3.188852540011154257e+00
-9.085386296479438073e+00
-2.411268314355482545e+01
-1.390192455188126619e+00
4.230048869921842680e+01
8.049505737364577307e-01
2.796588013293368391e+01
9.868096850039052015e+00
2.323484663152818541e+01
-1.200859435189952329e+01
-1.324256960058767696e+00
-1.579789058592132989e+01
-4.046333325885561294e+01
9.398506780453487863e+00
-1.651165181466526910e+00
-1.954791275697829178e+01
-2.047155356121238512e+01
-1.340752890399234687e+01
7.149341109556674567e+00
-2.511379245081342582e+00
-1.496091967491381292e+00
2.085147966446820789e+01
-3.691636051830930398e+01
-4.057607235778684185e+01
7.874773205279693045e+00
3.503032248404886673e+01
-1.095198826776012524e+01
-2.604842483890368499e+01
3.198033381251613605e+01
2.832293658642291234e+01
1.982897232984683811e+01
2.984681681730146607e+01
5.197881070440822704e+00
-1.735406521937993318e+01
-3.386188893017956048e+01
-9.336004519994498096e+00
1.881399158539700522e+01
1.981866626903233453e+01
-3.928363786003701286e+00
-2.101647849743836005e+01
3.187111422969256580e+01
5.865233690680588197e+00
5.504331716622834847e+01
8.956048539405475850e+00
-4.925217935053591845e-01
1.984637862593210955e-01
-2.984241504624506547e+01
-2.651999631779641575e+01
-5.310502903218266013e+00
-7.373593901137541096e+00
6.571847068119359925e+00
-3.131698356760026059e+01
-2.130156706673270151e+01
2.927456751580764571e+00
2.816395215637206206e+01
-2.302669203609206861e+01
3.721886800461974332e+01
5.448007577445016736e+00
1.252104154680141157e+01
-3.928248860845112489e+01
2.168422709176624608e+01
-5.414447975696219828e+01
-1.567933650348020080e+01
-1.594063552696744424e+01
-6.023325116218362751e+00
-7.257866146219674519e+00
-1.031780081385681846e+01
3.766855429551788870e+00
-1.073454630782894625e+01
-3.355917319759374351e+01
-4.818585071448371338e+00
-2.934125915164455378e+01
-2.411380004415061507e+01
-2.020497388547865469e+01
2.895873071863413628e+01
1.620123494980378354e+01
-2.832105088634728673e+01
1.135000408619342949e+01
-1.294308852858396719e+01
2.950717248513398516e+01
-2.735990334784839106e+00
1.162032741858079632e+01
-4.308507786988592159e+01
-8.873509759889920190e+00
-2.865237227367173034e+01
5.926362387095858608e+00
1.943325974405260892e+00
-7.188012806579107128e+00
-1.427372649506123992e+01
-2.106178109824340794e+01
-1.561519943777004116e+01
9.739526607011913528e-01
-5.921526627555697697e-01
2.061862965339762255e+01
-2.312544915515175603e+01
2.143317051719287036e+01
-2.615478245893283926e+01
9.025955958101146592e+00
1.439614686280322076e+00
2.596154878418047929e+01
-1.130143031944514931e+00
4.933298322269420444e-01
1.217544086337956877e+01
4.000157350971937475e+00
-5.121830194023337057e+00
5.712128474428735281e+00
1.387497139247169287e+01
3.243111384609129288e+01
2.923649172475210278e+00
1.573567212793732040e+01
-1.983697543932463958e+01
-3.829478263712544184e+00
-1.142683535828122210e+01
4.612249757628291036e+01
7.404762994635267326e+00
1.549783091990074446e+01
-7.615482169061501772e+00
-8.566874435002937105e+00
-1.671039418220139439e+01
1.148335369682621199e+01
-2.036178617111547950e+01
1.727175093050874111e+01
1.014683721694117047e+01
-2.284984606403610741e+01
2.089495565900958596e+01
-2.217041352422496558e+01
-1.171484174285523494e+01
-1.188940395836996444e+01
4.214061308012608720e+01
4.450900741141996519e+00
1.607409930420438116e+01
1.628707176956462632e+01
-2.656587796826782588e-01
6.844396499531407940e+00
3.020051151326864414e+00
-4.685153962971371655e+00
-1.306880875819221899e+01
-2.813083312620548071e+01
-8.666785527101186215e-01
2.436392983443091964e+00
7.480954068171623561e+00
-3.182435490317166682e+01
2.502711921964855435e+01
-4.921823191448579493e+00
8.591824979812821006e-01
1.255695149015790335e+01
1.673564050077999710e+01
1.291882995388310107e+01
-1.159389882198548705e+01
-2.659887450242052864e+01
-1.017691804796975319e+01
9.614431038740313795e+00
1.308057171546126796e+01
7.289419357011029277e+00
7.165389153013906665e+00
4.587912822415556491e+01
-1.103029728841418944e+01
-6.004284744382862726e+01
-7.619907721929035915e+01
3.065514691089391164e+01
2.401356833296189563e+01
-7.454675100770250751e+00
2.261937030354795297e+01
7.018452887545427732e-01
-4.409871392609215945e+01
-3.460277109360458958e+00
3.071591373352812582e+01
-2.998852418520721486e+00
2.634383459980524833e+01
-3.222638310811913698e+01
-1.016238354629275475e+00
-1.369712591612907460e+01
1.970858959992106918e+01
-2.483630724549415447e+01
2.140489072620881927e+01
1.206203746999344961e+00
-1.971976882970617595e+01
8.251164243083835004e+00
1.561099177562331164e+01
-7.594669278065836693e+00
2.065336929458898396e+01
-1.018728919679332545e+00
4.998353488288719504e+00
9.205324765850305013e+00
7.472744894930020365e+00
-1.385281411062526757e+01
3.589406217176100711e+01
8.833331001954451978e+00
3.349719215971431652e+01
1.685038624621775938e+01
-1.148570024789709265e+01
3.415605649174956682e+00
-3.087837709764992056e+01
-8.561681461369076374e+00
-2.021950869513862870e+01
-9.036971858662885992e+00
5.201781984714355378e-01
5.999567656873521670e+00
2.409708069900278460e+01
-2.172488968362646133e+01
1.792877837492790860e+01
-3.445345444952607750e+01
1.485164861554491367e+01
1.018089792712464359e+01
-1.298884830398919021e+01
2.166311398647000530e+01
1.263775583923171197e+01
-2.022799902364656077e+01
2.006470763055794038e+01
9.889841028467376560e+00
1.927401042340807180e+01
-5.109636896376538395e+00
2.840124885679877753e-01
-2.142822675103233543e+00
1.314157314666049459e+01
8.550531005187668399e+00
2.369273956950766546e+01
-4.397972526725172138e+00
2.329181962580416965e+01
4.749663474350698245e+00
1.024961523091000792e+01
-1.939993189001024376e+01
-2.075252531769895725e+01
6.427770685443068288e+00
-4.427792065618323392e+00
8.409085265157914435e+00
-2.132423776388980841e+01
7.719804590449873771e+00
1.590328715363427392e+01
-2.051553204913049555e+01
8.696513746608374618e+00
3.665938822547281095e+00
3.197343075448001315e+01
1.033847082285693197e+01
-1.516358563471325205e+01
-3.288029889333581224e+01
-2.985222895356729467e+00
2.016062799236876657e+01
3.449681018723462955e+01
3.039243626747475346e+01
5.560934517298362856e+00
6.415020063300340691e-01
7.780022861399442036e+01
-6.535379352633972516e+00
1.794127949753984552e+01
-3.245886212951236693e+00
2.824559648660564903e+01
1.459147390371234199e+00
4.890459301930035707e+01
-3.495041561985261325e+01
-3.284595063803318027e+01
-4.104755838767323084e+00
-1.241432109673465156e+01
-1.003148585255660308e+01
-1.119604484024512736e+01
-9.685996332892383265e+00
-4.614530329932781427e+01
-2.386150889075241111e+01
2.426933027169730650e+01
1.110551501519538853e+01
-1.210977030502488816e+01
5.257289862409491032e-01
4.348483680611241198e+01
-1.526452644912748724e+01
-1.290234329116374212e+01
-8.499683875265263922e+00
1.513702349964562988e-01
-1.303896675102075742e+00
5.600127523546023056e+00
3.449466881224788617e-02
-4.119132464059032372e+01
2.011763861846181811e+01
4.102277582051730320e+00
1.974101243154034568e+00
2.040842093550834591e+01
5.667407560908523578e+01
-3.959616348533170349e-01
-6.017269109112858949e+00
-1.817157397119166617e+01
-2.183971121683342886e+01
-2.833855194257038690e+01
2.169303842125445669e+01
3.950788524328999785e+01
-4.809858865974583786e+00
4.159364513383003725e+01
1.276409812540464550e+01
4.077588029610756060e+00
2.473384284353846851e+01
-3.453688343843945319e+01
-3.183634271569703689e+00
7.814292241401363803e+00
-1.346958460030031723e+01
-5.556279012226363889e+00
8.523402977917132972e+00
-2.613202500166139686e+01
-1.150396334130192599e+01
-1.142371872940993427e+01
-3.371620180032998348e+01
-6.963318664924362800e+00
-3.626368384764704444e+01
2.375708138070614428e+00
8.589549929136499173e+00
2.998669612897023384e+01
-1.147579127605326477e+01
1.972943827904096992e+01
1.966858818398333497e+01
-1.045415468727040142e+01
3.921964394333969040e+01
-4.788088894221068870e+00
3.450502845227691040e+01
-6.374397546108312440e+00
-3.839898285812493128e+01
-4.277151463954826482e+00
7.903758634235480418e-01
2.371891317609721028e+01
5.791217676702281381e+01
-6.068509636368125015e+00
-7.795961026474801159e+00
-7.168280534560324213e+00
-1.382401026924009990e+01
-2.495792331619636428e+00
-9.062754012588714048e+00
-1.283876238714695717e+01
-2.591968324245982114e+00
-1.109520696383491511e+01
2.564520209416948759e+01
-3.301460012531187260e+01
-1.196733819938423871e+00
-2.929892196242044378e+01
-6.247817218473242562e+00
1.312661102015029968e+01
-2.751578808942442578e+01
7.898060821499085726e+00
2.841274979166670533e+01
3.038651288106851212e+01
-6.997544659029356851e+00
-1.854229597312226119e+01
5.130493116129660791e+01
-1.871566422421975240e-01
-1.066915281483519351e+01
-5.623603823016493308e+00
-5.516627595766169456e+00
1.305005739919891639e+01
2.271674703582072397e+01
-5.484742925252692913e+00
-1.476799430067223362e+00
1.615784623704901790e+01
-1.763181987239673632e+01
-1.703707103556163283e+00
-8.584221517212183628e+00
-1.042435036876776699e+01
5.138832088529279751e+00
1.124471163815786046e+00
-3.696291756275127405e+00
-5.258372469741880995e-01
1.318797180150026094e+01
2.521987847259235593e+01
-1.425936057559748704e+01
-9.315116534582324803e+00
2.195518439730260241e+01
-1.722883586547707324e+01
2.475351762655800769e+01
-7.587990713629894302e+00
8.232241760539935171e+00
-3.186036479959740042e+00
1.206296356136210690e+01
4.639633763686646262e+01
-2.129214788749852616e+01
-6.028112816041726774e+00
1.293005840902070247e+01
-2.422133021066645142e+01
-2.763421865558268919e+01
1.207240223349855945e+01
2.725186220607852761e+00
2.190144295473233171e+01
-2.051886497285899580e+01
-3.236464889991137284e+01
1.477537173760522826e+01
6.600676540301714468e+00
2.182757011290379978e+01
-4.705491347138409708e+01
1.681310146441103370e+01
-4.472371141826591412e+01
-2.008571726211663133e+01
1.384725235836830493e+01
8.042782687770378303e+00
1.010636077986456804e+01
2.753357292821505986e+00
-1.671010981516060667e+01
-1.750310227905172766e+01
2.287886026820996932e+01
2.084053778537208501e+01
-1.140328579773373185e+01
-6.607859367594668853e+00
-6.421383027457366666e+00
1.626967678939957906e+01
-1.631748920123508739e+01
1.843450821977496190e+01
-2.482155752435690488e+01
1.531418254274860935e+01
3.942187612353458270e-01
-6.227543839674644310e+00
5.562547136637735257e+00
1.895569829191225741e+00
-2.793259132195984762e+01
-2.640552720430378741e+01
3.703888223442385197e+01
-3.051879680087943747e+00
3.706589537770379650e+01
1.451058670332612621e+01
-1.955214411318399925e+01
-5.431227882323547362e+01
-1.554796325773988741e+01
-1.967028800197281413e+01
-1.113028600746260288e+01
-2.797822374308615068e+01
-9.677773853415338579e+00
1.898346480598786812e+01
1.476030368466671305e+01
-2.025679602714326677e+01
-1.647938795925534805e+01
1.002306999170597024e+01
3.336484591014790002e-01
-1.409502570943226729e+01
2.683037188024704989e+01
4.860601448613566689e+00
3.128400447251774352e+01
3.499042787936165411e+00
1.817492025673756828e+01
-3.619953234761761784e+00
1.046660482139178683e+01
2.622417389231554452e+01
4.211553476939735674e+01
2.170938352984884290e+01
-3.217455884474199479e+01
2.603704070544026905e+01
-8.527470943782809343e+00
3.506992482938703404e+01
-1.766370498381273535e+01
-1.888796172648733318e+01
-1.652201437739232404e+01
5.567877340587839896e+00
1.137926754778433580e-01
-2.492034360118868364e+01
4.836349321781606037e+00
-2.289427429604348063e+01
-3.657035158880114523e+01
-1.272401699610746562e+01
1.703788469747793854e+01
-1.413612312517706249e+00
7.637003727145370569e+00
1.449069389008771935e+01
-8.831065096385319890e+00
1.562122109357913402e+01
1.611571873656474807e+01
1.346534465624024968e+01
-1.443778102365542892e+01
3.907081385238702964e+00
2.199621719979030221e+00
-1.989048310997502611e+01
5.101336905307324088e+00
2.719464262929101483e+00
-2.527563277843418632e+01
1.405214477272464357e+01
-1.775518729674012874e+01
-8.270007382267484886e+00
-7.819406053413601398e+00
-1.204742202932213502e+01
-2.536010296293836319e+01
-4.618621428651616401e-01
3.328727183862815053e+01
2.796878419559819307e+00
-1.374040113491190596e+01
1.242788286996612968e+01
1.708664385099288552e+01
3.332843131777890733e+01
7.354237494152618737e+00
-5.242215354116474657e+00
1.062981721263413171e+00
