9.528538814238963761e-01
-2.728141693066368667e+00
8.450430478826099767e-01
-2.107081756953549601e+00
-1.265180139470778009e+00
-2.161746089285472294e+00
3.431651529019980051e-01
-8.855130537533659751e-01
-6.944260829419411918e-01
-1.164592195856963164e+00
-1.492604347620098082e+00
-2.934028309198891016e+00
-1.945969885606927630e+00
-1.935419362010784461e+00
1.912662090829211903e-01
-1.581323185207771376e+00
-3.114821275932421862e+00
-3.607211515409364022e+00
-3.129091518215027179e+00
-1.093363551798212319e+00
1.029350227614918456e+00
-9.298214199162836424e-01
4.489227589377509098e-02
7.635960216365800246e-01
3.147000462393889642e+00
2.516772488331498803e+00
-3.456528709323111181e-01
-1.616790051698632436e+00
7.037516322332637575e-01
3.621283772552836844e+00
-5.492527493086081236e-01
-1.651200771812435297e+00
8.894502037538059014e-01
1.358450266772579240e-01
-2.184046322777876359e+00
3.564267367202688663e-01
1.229382035315690791e+00
-3.743199955993703920e+00
-4.865806401321368213e+00
2.569429993198691364e-01
-2.854287484833356814e+00
-1.425849902532765334e-01
-8.916061609567981217e-01
1.698517192157880107e-01
-2.944624168801891706e+00
-1.747411346132682786e+00
-1.577122417441372271e-01
1.386669889237044151e+00
-4.540468376869434941e+00
-4.763547157377327146e+00
-1.032895139102372628e+00
-3.105992863687514483e+00
1.851923495901939276e-01
-1.041042052511464311e+00
-1.346474721036986733e+00
1.881661534848107165e+00
-2.737364255006267122e+00
-1.032630152340958674e+00
-9.150847022534244202e-01
-1.855690064511958060e+00
-1.392390224827962930e-01
7.348601692089231641e-01
1.368316837386758689e+00
3.251155092191407636e+00
6.154255788363405255e-02
-6.116030487095416746e+00
-7.204902313142448333e-01
-1.300060577153273611e+00
-3.336782787825172125e+00
-3.607068431530159103e+00
-4.367242000501667221e+00
-4.459005207377630953e-01
1.915114159029005503e-01
-3.405302033921208782e+00
-3.072551297460749176e+00
1.844883401843948612e-01
2.468787080345057616e-01
3.164733499125131910e+00
-7.472615871084079542e-01
3.812514986317778298e+00
2.237710733872624758e+00
-1.468896170382680388e+00
-1.938212925792982322e+00
-1.893738571656770509e+00
2.278470250285451471e-01
-3.198691667286321927e-01
-1.464050295044132088e+00
5.977965467908779029e-01
1.073533993365176631e+00
1.242251037650448309e+00
5.552322950906030119e-02
1.101083363569774765e+00
-1.723581083021483273e+00
5.820813876202590720e+00
-1.467518205168041323e+00
3.354079063961425078e+00
6.281099649691195275e-01
1.377125932494607907e+00
-3.432109268058045615e-01
2.196806842191490805e+00
1.088616990790384875e+00
-4.286356818188733486e-01
-1.280055064394481690e+00
2.577787839531477943e+00
1.494838262004950069e+00
1.273461886551543687e+00
-3.832089412097209991e+00
-2.990016741621922325e+00
-1.531262099253285935e+00
3.294397005629264186e+00
3.290620615775734503e-01
3.740042313024531495e+00
1.852088824655860000e+00
1.887823575857621172e+00
4.498652571499277553e-01
2.040096163589125711e-01
-1.011577445059248070e+00
-2.480803994900409315e-01
-3.876017691518458541e-01
4.388190857620049457e+00
-6.623134553122533852e-01
-1.560066540125517154e+00
-7.495809924464275076e-02
7.228040267361082183e-01
1.427970159123877592e+00
-1.865303206051126261e-01
-1.646368554631308712e+00
-3.585458237554621785e-01
1.716351325701999775e+00
3.382614822396851295e+00
-7.491305522707343290e-01
-1.621616180020284625e+00
1.295344728215528818e+00
-2.912030250504051843e-01
6.761003592322206712e-01
6.035622510802942653e-01
4.286204775612145745e-02
-3.075771065476109456e+00
-1.003999122406102451e+00
1.399345797767832078e+00
2.947153508241461051e+00
3.034915962468940354e+00
-1.064545524635954976e+00
-2.366132051805653003e+00
6.157232253983119241e-01
-1.768210954128031531e+00
-7.688243784377841727e-01
5.246679827884744185e+00
1.341482666398220669e+00
-3.386009471384805458e+00
-3.256232675762228634e+00
-3.946671681321594072e+00
-1.660621537071118592e-01
-1.095035189413106735e+00
-3.039454293154953968e-01
-7.979745578972445852e-01
-2.015956939472054454e+00
-1.814022210872381802e+00
1.252567225192706024e+00
-6.007369268636477688e-01
-9.776030206982888604e-01
-2.933514832612171830e-02
-4.064421417684163096e-01
5.788310816039292650e-01
-1.557388929072214268e+00
2.313131154498526687e-02
-2.145980909168435868e+00
1.793335353223131090e+00
1.455201190050358973e+00
1.975583979873887674e+00
-1.191739029197983690e+00
-3.095766046614018219e+00
8.094560432906873215e-01
1.224468523995513314e+00
1.135859421134938430e+00
1.180197624539506052e+00
-9.312531978927431897e-01
-2.860972853267774063e+00
-1.172609298193624250e-01
-2.920387898566112472e-01
1.103202309071072307e+00
-8.722890883398539685e-01
1.098103274982050737e-01
-3.890980313858429351e+00
-1.602485298065187802e+00
-4.724091068441929053e-01
2.517164198665180486e+00
2.936710688225158350e+00
2.618191516803284991e+00
7.009253898337610700e-01
1.554217994749104159e-01
-2.614724884981840525e+00
2.030180177884568504e-01
-1.643404791911021068e+00
-2.076379675778899925e-01
8.221692942178899788e-01
2.836765595161129250e-01
2.008862246397405960e-01
6.290202196314439442e-01
-1.958685349288554534e+00
1.536191589603395524e+00
-2.220412440390135522e+00
1.176841593936190256e+00
-8.964774557582755321e-01
-7.817703626523028193e-01
-3.137513829936684484e-01
5.018731684436879004e-01
2.631543156589722265e+00
-4.012312568106743416e-01
-1.472510938356557331e+00
2.633808946222340741e-02
9.686016302095175057e-01
-1.854130658578494906e+00
-4.319385946587441794e+00
3.912086122744348415e+00
-1.106355553292938110e-01
-5.522086523652993684e-01
1.712164549396117508e+00
-1.308329430799523685e+00
-3.815220409143346370e+00
1.290695859108989652e+00
3.577659910086357087e-01
-5.918073804640113789e-01
1.452856312182552623e+00
3.620904551711703778e+00
1.375640257486413942e+00
-1.475530880957642843e-01
-3.026141938396244235e+00
4.894820048888064434e+00
2.291917976523591083e+00
-3.166040546296257308e+00
-1.498393797106704506e+00
2.345685044225211680e-01
-2.273399819814853728e+00
-1.187729100884600930e+00
-1.401840108422184539e+00
-2.954854746400612520e+00
3.744061112542476089e+00
-1.173149041330381781e+00
-2.879278653801322196e+00
4.190186869735429420e-01
2.977088577393104396e-01
1.108017391899992266e+00
-1.204556042283166040e+00
2.781096905174235800e+00
2.556569131268911388e+00
-9.102694933904431629e-02
4.750640540089683839e+00
2.798802469580251362e+00
1.905543532272505614e-01
-1.677229597577182263e+00
-1.594334661105985651e+00
4.025418406610771882e+00
-2.401373245883957175e+00
-2.312749481797156115e-01
9.846028921343628060e-01
1.060862072243294651e+00
1.699324051736244845e-01
-3.675316283114909321e+00
1.031755221672314038e+00
-2.574046378735896035e+00
6.755625737999171321e-02
6.812708913847953518e-01
-2.521961208206075167e+00
-4.354301309024983802e-01
-1.949819118297671849e+00
2.656777176378646743e+00
3.299837239578096160e-02
4.776459219121498290e-01
6.529025231369147697e-01
-3.082226473169170866e+00
-3.458683301967327761e+00
2.539219485502971274e+00
-1.222232771298245479e+00
1.288360098554439670e-01
9.727628945074774380e-01
1.612335743268112020e+00
-2.957530590685176208e-01
2.052234626201991485e+00
3.338520789304999070e+00
-1.650415181282987920e+00
-2.396082225918596542e+00
-3.702638212698634579e-01
-1.200455596849419715e+00
-5.068332224055529522e+00
-4.201451977855687470e-01
1.122105897163941934e+00
-8.269737957163603159e-01
-6.560051859068207758e-01
7.543406126297540482e-01
2.883786556123289380e+00
1.918788186839090137e+00
-4.752955079674954231e-01
9.677646805408425257e-01
1.195043099742052473e+00
1.964320239934613799e+00
-1.795609590873800343e+00
4.755459295900000827e-01
-2.759711834532036612e+00
1.299192039924533137e+00
2.471052959835620566e+00
-1.872809599040679007e+00
8.028484385319774042e-01
6.190553665417781737e-01
1.789410476378444859e+00
1.721171928894826841e-02
2.468331015252878124e-01
-1.762660021289980117e-02
-3.344926794016196858e+00
5.326991664322720810e-02
-6.619393932564583416e-01
7.311906972356061463e-01
-2.067196602486705004e+00
2.492045745830323789e+00
1.981739325068166302e+00
1.449343038461099242e+00
-1.633385793307721157e-01
2.215635572941843989e+00
1.067387771661076235e+00
-4.162395131197031972e-01
1.270896922020980924e-02
-2.394814413808789677e+00
9.912382379530779719e-01
2.824171470694222918e+00
-2.728634295900508322e-01
1.711724666899128167e-01
1.930202406158328277e+00
3.714571771711336901e-01
4.222481202273212775e-01
9.899202934679449672e-01
8.000292683836008889e-01
-2.664352884804314758e+00
9.013001266601660122e-01
-1.233626075383525311e+00
-6.058594133701645790e-01
-5.321706778819179640e-02
6.593106324867238355e-01
-1.919620983414464410e+00
2.399281138203400054e+00
2.587750677495080254e+00
-1.265189854975022232e+00
-3.811631432013762311e+00
1.317920506165122907e+00
-1.142949675233057683e+00
-3.422371185000169236e-01
3.461764462768758488e+00
3.689325673095487090e+00
2.700734232192747442e-04
9.896568299301153893e-01
7.277823761031362304e-01
-2.574721860072112456e+00
1.501661426753518658e+00
-2.788987478727734448e+00
2.157474109008792884e-01
-1.420683870063998766e+00
-1.649581071986437442e+00
-4.752127168503546883e+00
3.665149903204529269e-01
7.739189280451511666e-01
2.987168958767655869e-01
7.771424556817132512e-01
2.845808627916475153e+00
6.497331218609718739e-01
6.607185360490582804e-01
-1.113079677748689544e-01
-2.116187526599798141e-01
-3.707144554223422706e-01
-3.827186874049368193e+00
3.403392367874169988e+00
1.514457365998426841e+00
-3.497688087582331740e+00
-1.651807444745616360e+00
2.601982085553783963e-01
-1.048583407886055419e+00
-2.508987127043174947e+00
-2.268749468088175458e+00
7.576695360036589388e-02
-5.481805654144660256e-01
-2.808939590871109893e+00
-6.011004755170078484e-01
-2.261501099146716154e+00
-2.667379208602989493e+00
1.399893632642363883e-01
-1.318857200169403665e+00
-2.730454543120283795e+00
-1.777968592181777163e+00
-1.123637983787877381e+00
-2.389131975195820434e+00
1.223941900790351145e+00
-2.878742040845938543e-01
1.858928158760676741e+00
-1.692210221044650575e+00
1.431211598948948449e+00
6.861601072452833128e-02
-2.045469719081814297e+00
-9.156728063033942044e-01
1.612273956982472667e+00
4.145161526034991439e+00
-2.611978601453456506e+00
2.086896021459905270e+00
3.228803966962166427e+00
5.354201533290488868e+00
3.299162919584360809e-01
-2.007744764517778613e+00
-3.538151359234062543e+00
-5.409741821911135951e-01
-7.969465669571562660e-01
3.510535061582275018e-01
3.548620758912276685e+00
1.113280022185316742e+00
1.468157093244323086e+00
-4.623037811966109745e-01
-5.310133499452108774e-01
3.255931891901013842e+00
2.776253596523761580e+00
-5.725045713681637949e-01
-4.592436676470944334e+00
3.775878113577626927e+00
1.186190237006606196e+00
3.225507868347845530e-01
6.574795233474103329e-01
-1.649546833937197032e+00
-2.828185322459687789e+00
-2.227802538586108216e+00
-5.452703937132491463e-01
-1.418375879267756545e+00
-1.670978260550331385e+00
-3.860644956447750187e-01
3.022837392057805328e+00
-6.057011966071976783e-01
2.083844444387703554e+00
-8.391984342540143027e-01
2.606253561187501067e+00
-3.593722098415903510e+00
-2.997229281498310915e-01
2.048090475862934579e+00
3.502496124893089480e+00
-1.516536648007467791e+00
1.507501156860905356e+00
-4.994004832014206086e-01
2.108539089237517317e+00
2.072415610484721338e+00
1.120380732568416748e-01
1.125688040648660460e+00
-1.445244099696066264e+00
2.038551076469691026e+00
-2.588721184388928620e+00
-2.128079344219235391e+00
-1.330391145655811069e+00
-1.205652421502573457e+00
2.936722749091719709e-01
-1.551176651747643742e+00
-2.094404843058266241e-01
1.528431294214332770e+00
3.435996335002739488e-01
-4.461600390113505954e-01
2.705996839574791757e+00
-2.086248462157083150e+00
-2.436327511193873807e+00
-4.523819485350252245e-01
4.444010167022577562e+00
2.185618266228000484e-01
3.228944826438545634e-01
2.052053747443007836e+00
4.685346850532578600e+00
5.843269446647150200e-01
-7.465803036390713521e-01
2.275863077555728253e+00
-2.125282895727128807e+00
5.339005883775739258e-01
2.147396154104167287e+00
-2.007857848265254042e+00
3.467234149522263387e+00
3.224925217357140106e+00
-3.467096161112666497e+00
2.374059632579071710e+00
-3.977800179002845660e+00
2.226433372968424251e+00
-2.482667329274802492e-01
3.232084733297365453e+00
-1.732464640337891382e+00
-2.726099266486204709e+00
-1.464263294131621596e+00
-2.471783850823130901e+00
-6.138542030046618692e-01
-2.232067637134212967e-01
-2.022181715809913793e+00
1.250029845713717114e-01
-2.860548628468250865e+00
-1.701360089512262252e+00
-1.480688479366784271e+00
-3.090278801095465600e+00
-9.288186849055537486e-01
-1.519087527104998614e+00
7.121733318899592380e-01
-2.963524602429727484e+00
2.291457246487405452e+00
-1.278688730627976611e+00
-1.600436109590732681e+00
-2.751402538286329857e+00
1.103947666502998581e+00
9.583967877860311013e-01
2.535865582329556389e+00
2.920260821791127448e-01
-2.689969876727728693e+00
-1.474574325596187840e+00
2.641055646974026228e-02
1.366035011867376969e+00
2.678527044849081662e-01
4.112899086803220250e+00
-8.862006589603806939e-01
3.535084593856927526e-01
-2.461931294066734388e+00
3.175941518161162769e+00
-5.683099658168144774e-01
4.228041266185129654e-01
-1.949390052228956671e+00
3.998895873257715117e+00
2.251215256377979035e+00
-4.856064503950405786e+00
1.133969583542496995e+00
-3.070249879261730541e-01
-1.372369489039762858e+00
1.995555470456990887e+00
-9.587769338935647756e-01
-1.591064871408893466e-01
3.860157952493648459e+00
-1.356762729155470915e+00
2.223355350084976312e+00
1.898132014889565955e+00
-1.323322969378839087e+00
-3.622907528187688797e-01
-3.775712609796355590e-02
2.366842245925497412e+00
-1.193781483694731582e+00
1.634919661678122971e+00
-9.695126036806671621e-01
-7.600534488997783278e-01
3.634543116997228651e+00
1.393127449646724969e-02
1.176440534524276771e+00
3.151361378942278968e+00
-8.128399803249120037e-02
8.152255823078755625e-01
-3.441193475192898532e+00
4.326788898656991900e-01
-3.870395377790918356e-01
-9.512773154677203746e-02
-3.432829238025204566e-01
2.037186088832695141e+00
-7.554913865015032703e-01
-6.318407118230703334e-01
4.381999736940933587e-01
-2.300741357497591011e+00
1.960006183499501731e+00
9.300264461170715258e-02
1.163761837499496687e+00
-1.433745858611017443e+00
1.425606476650012056e+00
-2.403849444763572318e+00
5.883454301763931582e+00
4.029395636730620511e-02
-1.083392586732147223e+00
3.400358911453959188e+00
9.826870716917932569e-01
-4.458812339539695024e-01
7.551055292480468584e-01
1.343785617216410433e+00
2.818040712727078123e+00
1.561588376563570524e+00
5.360562179990165932e-01
-4.926315225925019803e-01
6.078685183791185942e-01
-3.505879357407059693e+00
2.033052710154795495e+00
-3.207757308629703097e+00
-4.320518057793340527e-02
-1.829348070436231932e-01
8.237544550036250968e+00
3.830100442507829772e+00
1.748903275107976718e+00
-1.154620148165116822e+00
9.439131315568425329e-01
-3.544034118002154621e+00
-9.756565103634537994e-01
8.507169327309715978e-03
2.380481317675230635e+00
-1.815081173177480744e+00
-1.671932917403899932e-01
-1.110807067488704281e+00
1.373161948352829231e+00
2.404314481213550014e-01
-2.503376735938076969e+00
-3.536339364651874817e+00
-1.236596640370091649e+00
-1.670480370154374672e-01
-2.290445145036414942e+00
-2.252594815511050008e+00
7.305936462452212732e-01
3.840855621123560049e+00
-7.119779218217594519e-01
-3.064295840050474506e+00
-1.036343103413026601e-01
-2.322074131088500692e+00
1.476520476744739518e+00
3.476577127738378348e-01
1.142362671422512133e-01
2.064956627779121201e-01
1.613812846610788387e+00
-7.091390082103599113e-02
2.456363492223025080e+00
-9.512411554047111029e-01
7.839926661490691506e-01
2.003928750526109859e+00
4.945654215514375673e-01
-8.236349913233218523e-01
-5.153382986388372888e-01
-5.498408519608362077e-01
-1.221417066932972695e-01
3.500641436608115109e-01
3.400261804866166138e+00
1.029613410108009441e+00
-2.754264314345946651e+00
8.214158505722963799e-01
-2.827589718879128800e+00
-3.544857399165590284e+00
8.945809817640810735e-01
1.046715508066139888e+00
4.374908958551190219e-01
2.164773627485440111e-01
-1.401565752354865024e+00
-8.300288941718194646e-01
-2.720918083801443732e+00
7.151534613322383382e-01
-2.966581937146920644e+00
-1.896491599995903998e+00
1.619682356835832504e+00
-5.742426480580860026e-01
4.062782812592607762e+00
-8.052576757663749696e-01
-7.772377218697855694e-01
2.401930825393180591e+00
-3.093081172425100611e+00
2.934108063964350865e+00
2.254571956769057639e+00
6.665265875147465824e-01
-2.036683479046242695e+00
1.172712647517768270e+00
-7.888286044933000563e-01
-2.881813295862159841e+00
1.018950127390494953e-01
2.048837622081304488e+00
-5.272835521786921609e-01
-1.937914900137610585e+00
-4.447285849753468412e-01
1.252528177903406759e+00
8.129115361934724504e-01
-4.909075004675048426e+00
1.332154438490092074e+00
-1.357627195999217440e+00
2.030482238738327894e+00
2.990012622604173220e+00
-1.302660007060219449e+00
3.958367504495231337e+00
-8.218668420160551991e-01
-1.372662040279304607e+00
2.712400398502059939e+00
1.183518999265887439e+00
-1.414822788127122477e-01
3.557578826596888844e-01
-2.636507790607092172e-01
1.695210275278125955e+00
8.327607219466623967e-01
4.450936299387158179e-01
1.666079620777923598e+00
-2.285346073107267006e+00
-3.658734756704049129e+00
1.476283624504779901e+00
-2.364564351523331887e+00
1.680535700175540548e+00
3.617762701711065620e+00
-2.751441146809159299e-01
-2.942342990429971827e+00
-1.221329967229429769e+00
1.252416881602853138e+00
1.156546967785318625e+00
-9.014096049589606641e-02
-1.965893085964421472e+00
-1.681606184300403317e+00
1.707367453823464554e-01
1.296665787764599287e-01
-4.189382911615697758e-01
5.656554808782269239e-01
-4.523162571550565225e-02
-2.385966371716634171e+00
6.893080041925534474e-01
2.231859303420765883e+00
-6.877238396359195427e-01
2.243002947861640617e-01
2.627674178339503896e+00
2.452578423063902058e+00
3.068970404303219546e-01
-3.963997251260745758e-01
-1.543893197312876220e+00
1.039252315652944958e+00
2.172072945639667463e+00
-1.477817103561858803e+00
-1.801503476676498350e+00
-2.895447303490679580e+00
3.702407910045326211e+00
2.413169912947641382e+00
-1.121308900526500674e+00
-1.351308006355186553e+00
2.105379299247547742e+00
-4.685236874826982367e-01
2.833708898395731701e+00
5.893137089237466819e-01
-3.760360034808231333e+00
-3.357627686228159547e-03
5.337878596730580849e-01
7.758418338190447017e-01
3.396746911907928546e-01
9.179001950115590613e-01
-3.663202659068757749e-01
6.147248545540373588e-01
-2.583373057550873986e-01
1.473620624015437031e-01
-4.152270107414853806e-01
-1.291100686809352194e+00
-1.411157016280383480e+00
6.575282917418320272e-01
-6.937663386685379852e-01
1.730889981946985401e+00
-9.676198002955616051e-02
-2.440355081431830442e+00
2.264205436711903552e+00
-2.707849387651402484e+00
2.734169888348463751e+00
4.808999315900022609e+00
-5.603704309610014533e+00
6.014624029693550256e+00
2.022533687185458895e+00
2.211884800113643468e-01
-2.898591650571573197e+00
2.782664125957885037e+00
-2.053531970190031197e-01
2.904251444558100026e+00
-1.423337431998126013e+00
2.769726120861717433e+00
5.669954597785197281e-01
-1.807647300435623272e+00
8.342201573829048922e-01
1.347140160246451446e+00
-1.504623790807745110e+00
-1.370883540645232213e+00
-6.707068129213376029e-01
2.800491227714926090e+00
5.712460724244752264e-01
-1.469035643800704616e+00
9.712472248651857210e-02
-1.793922091697276455e+00
1.729348488306545750e+00
6.375316632446305087e-01
1.065932900235749159e+00
-2.178391976788549567e+00
-5.083189756980178720e-01
-3.788699582614766470e+00
1.807988569070118068e-02
5.516867905350637535e-01
-4.921080184329527096e-01
7.908831093693806658e-01
4.309678340984331335e+00
4.070620419350531094e+00
2.409106041011742416e+00
1.451469130468568292e+00
1.735208803878249828e-01
7.642957726955573738e-01
-4.444307840438528778e+00
-1.126061132414197363e+00
2.805765049703974334e+00
-2.762464337313855101e+00
-3.783224371545595766e+00
1.487810581156390866e+00
-2.301938862666571328e+00
-3.645009234268521969e-01
3.629674291818902887e+00
3.781747929139205766e+00
-1.246896270862521083e+00
3.432216028964445442e+00
-2.461287387540139981e+00
-1.032602569394140524e+00
-2.509044571179859240e+00
4.042523573250677238e+00
2.679428853745667860e-01
-1.793676637374975957e+00
1.411267737590242932e+00
-4.455353193415547697e-01
-8.423506478380028417e-01
1.115742677710037656e+00
1.526540415211586676e+00
1.535155604705717991e-02
-4.365610511512560965e-01
-2.045060333879628267e+00
3.278771490090869989e+00
2.526081369151927714e+00
-1.704238912776400383e+00
-1.646137214262213488e+00
-1.189605410221063808e+00
1.498258532891830752e+00
1.557653411280763844e-01
3.321233355688380406e+00
1.653454237099422075e-01
1.111001142329820945e+00
-4.252425376753637964e-01
-2.705903247796283217e+00
-6.307683407814888010e-01
1.940469105384641901e+00
-2.790154933678681282e+00
-6.651979957437521573e-01
1.021992993387534243e+00
3.882897910768231542e-01
5.424642220164179740e-01
-1.946210664042560268e+00
1.473750825108379958e+00
6.563259011464965820e-01
-2.891826520132465106e+00
-9.643584666251082682e-01
-1.347268943616625636e+00
-3.927199872297171268e+00
9.786273755322162649e-02
-1.157968268183170668e+00
1.256363291131463444e-01
-8.458699656459898186e-01
1.530725258040897652e+00
-1.023896801695550085e+00
1.507851168630601091e+00
3.581154494452351233e+00
2.882475196492086056e+00
-9.407185187340827426e-01
-1.121224126131824761e+00
8.955671873871682287e-01
3.787851010155516285e-01
9.810185845114716141e-01
-1.204572368473579180e+00
-1.942853854764037935e+00
1.075195417542617937e+00
2.661929767562097315e-01
1.650002928273279545e+00
1.581373519639665215e+00
1.206180361639595411e+00
1.557207263436083400e-02
3.769730403901081495e-01
1.078714410631776977e+00
-3.036023241578219789e+00
9.066447208595398433e-01
5.308452365826243913e-01
3.305111009742445205e+00
2.947293244729105588e-01
3.232608718626841071e+00
-1.913292754973461962e+00
-3.486189273785764264e+00
-1.795030172808702584e+00
-3.928328089380173527e+00
-9.921038576184115776e-01
-3.147959712787646414e+00
-3.206072490193953684e+00
-1.615948907886241237e+00
-2.748752138798452371e+00
5.464377394681509514e+00
-3.786438731596888374e-01
4.510179209032473935e+00
1.584931149634938308e-02
2.086311898390003972e+00
-2.091628979147571510e+00
-2.230633736980340842e-01
2.322804488167976800e+00
1.290761115693679351e+00
2.190161426595572891e+00
1.964278173783934323e-01
2.673027381922096435e+00
-1.531653385660391997e-01
1.807432131623335714e+00
-5.021731202899758495e-01
-1.718668190613745317e+00
3.109909662695232502e+00
-1.696015800821216057e+00
1.507489038577134455e-01
-2.011164936273361903e+00
2.589848172433284468e+00
5.216973273502170549e+00
1.785881873620565052e+00
3.728727078296725228e-01
-6.751775395728516482e-01
-2.016033482407391997e+00
3.236642217715126613e+00
-9.414343077884008704e-01
1.691319474146276036e+00
2.215188557472751452e-01
-1.085563067836783357e+00
-3.974476208469266414e-01
1.748341436850691100e-01
-7.175722147537989815e-02
-1.592313874322203615e+00
-1.139217908720469019e-02
2.302682423766167386e+00
-4.081991514165570045e+00
-1.062308844143433850e+00
1.503987999040443890e+00
-1.006972738861265704e+00
-1.055854999807215755e+00
-2.575444403977731334e+00
-2.443680052770865196e-01
-9.000608546055781645e-01
-2.618160437794504247e+00
5.004738238011291473e-01
1.843253478644446774e+00
-1.873172896406703147e+00
1.345871389495183035e+00
2.216958632740340107e-02
-6.516460483161938821e-01
-1.668183379831441382e+00
1.598378964582118256e+00
2.796249412217635566e+00
2.679277933433181325e+00
-1.030861739416195633e+00
-6.676155010809811108e-01
-5.147243968239823886e+00
4.956497043758449905e-01
-1.671029404670215657e+00
1.051169261089634155e+00
3.906662369240291310e-01
-2.679389511178111860e+00
1.060665908209676100e+00
9.708446489331390428e-02
-2.017308388613570536e+00
-2.623315604927588529e-01
-1.801487094919036025e+00
-2.691965154222203171e+00
3.928775895506915194e-01
-3.575892312889510816e+00
1.839327553436010065e+00
-1.333543039819561793e+00
2.940919713938939584e+00
1.880612871921122142e+00
-1.016545479024590026e+00
7.517636602510660015e-01
1.954025236444229541e-01
3.953028579457806835e+00
-1.615091833655538656e+00
-7.681372194122513264e-01
1.756950026469172421e+00
-4.909424537812687728e-01
-1.265220945392272478e+00
-3.073944843827172146e-01
-1.897945805611350067e+00
3.337230046163397468e-02
-2.236903073887740678e+00
-2.108329770732098041e-02
-3.096996245528540470e+00
1.382961788652895319e+00
-1.258238907279997765e+00
-2.681299948785947684e+00
-1.581652068916686860e+00
-5.997840328781585129e-01
2.507365523744992775e+00
5.474235605593025245e-02
-1.111541458661868542e-01
-1.720515347753189150e+00
6.315977337290037408e-01
-1.019348671777356330e+00
4.651715694699444903e+00
6.522877508075958231e-01
-1.453797929573749315e+00
1.211786559852889189e+00
1.143439555032133015e+00
-2.912455639450509004e+00
-3.106790497104185977e-01
2.226163827528520045e+00
2.365256627414092261e+00
1.390042564607459674e+00
5.298061839054064581e-01
1.357319288240158794e+00
2.467447878734835010e-01
2.360957091552450926e+00
-2.290749301137291472e-01
-2.411294727151716444e+00
9.992914833704908961e-01
2.186019803271739725e+00
1.390849954063908100e+00
1.088782534559989301e+00
-1.493930618915563668e+00
-1.000762167113639300e+00
4.464023198133384440e-01
-1.186634572828107803e+00
1.328330615505150636e+00
-6.790969540843740937e-01
-1.759270264092687719e-01
-2.099445029343348423e+00
-1.736860673351259821e-01
7.813028119810233596e-01
1.974319168872690655e+00
-5.466699031993532687e-01
1.033573619309101854e+00
4.043406372774678292e-01
5.724635613146679403e-02
-3.198839573042937978e+00
1.657951775776822512e+00
4.900917217832232442e-01
-9.406607574092766821e-01
-1.054266554550996382e+00
1.143451118764304386e+00
1.855824497031112186e-01
8.450493364930354856e-01
3.227994372281037805e+00
2.111353755775553509e+00
2.821074694759742929e+00
1.938601236375714354e-01
-1.715772259428686830e+00
1.343063080828556632e+00
-4.521049116090756215e-01
1.081913347491348099e-01
2.802860176291715466e-01
1.810452749792482274e+00
-4.159437827974077351e+00
1.237952999078355099e+00
2.036302566385407520e+00
-1.898363992265308386e-01
-3.462173429019800297e-01
6.134792913411037940e-01
-3.552479434080709986e+00
9.329760230697820012e-02
8.058267729964272430e-01
1.190385905236345465e+00
-4.109246956265250716e+00
1.403526172944045136e+00
-3.181615066422469607e-01
-5.060839152377727412e-01
3.382466779315335348e+00
-2.353061343080050882e+00
-2.502907834703736789e+00
-3.157007084916626294e+00
4.051248446342030185e+00
-1.206741161355110226e+00
2.966834062123150373e-01
-3.216012062230229063e+00
3.655151834845360881e+00
3.418896563355215523e+00
-1.860670816711251230e-01
2.991432585074136785e+00
