-4.662234165068116454e+01
-2.390762022077787918e+01
2.088578306450200373e+01
-3.243101943928810726e+01
5.873692470500115093e+01
9.625141058290278551e+00
-7.342458486725526257e+00
-7.723244060297076885e+01
2.622968999653162570e+01
9.327380826631174671e+01
-1.339719583609544351e+01
-2.126150626142510092e+01
4.282915641863075606e+00
-4.459320354352841065e+01
-8.087924114677736753e+00
3.660147033293881691e+00
-7.497137043679587975e+01
-2.788964170721870772e+01
3.592893452056032544e+01
-1.618263915366168959e+01
4.513659228759267705e+01
-1.754458826125478055e+01
4.135649503322803611e+01
-3.633794683227855415e+01
2.624726678015357706e+01
-1.111028394805706337e-01
4.454952671280454979e+01
-5.388916689512858937e+01
1.811131441018604704e+01
3.465317557983231822e+00
-1.213158043584554413e+01
3.831245189398095619e+01
-3.228381186511018797e+01
1.731735028687428724e+01
-3.195276035209115850e+00
2.069116894877699764e+01
2.830446939767051262e+01
-3.644197765990783466e+01
2.853206860991763705e+01
5.202163475511873258e+01
6.703352779273218154e+00
-1.782246777577621799e+01
-7.724502132523591058e+01
6.853140223997540659e+01
6.879206713001833862e+01
-1.623375422407762869e+01
-9.402735258411256680e-01
6.510595604051576402e+01
-4.615535672320002902e+01
6.501638062771138493e+01
1.324227539733269943e+01
1.484036282171499366e+01
-2.130628850770033722e+01
3.702759604712655062e+01
-4.307436588566559266e+01
1.759340292979124598e+01
-5.989145307149654940e+01
-1.816020625455839266e+01
-5.751500972507883347e+01
-3.095111036756302880e+01
-2.449664206534194832e+01
4.973607354170996309e-01
-1.656019778476614945e+01
-2.721982094516971262e+00
1.317050450696446440e+01
-3.641017279190771205e+01
-3.222094310777316650e+01
-5.232027725151544217e+01
-5.806048811726560643e+01
-6.258285227012518881e-01
2.082872703889029342e+00
2.374140315902145915e+01
5.913080854055411173e+00
-3.633327666179044968e+01
5.712273232462436567e+01
-1.269181771804749026e+01
-6.185953407278608296e+01
1.082941182545810221e+01
-2.578362512916337579e+01
-1.036399845348677573e+01
-4.207881610824898644e+01
9.626806572363554437e+01
-1.393438124066388895e+00
2.186690183325244519e+01
3.140234953048040722e+01
2.165129077223494747e+01
1.250364047798269240e+01
-1.069500367765332172e+01
3.382791413544877113e+00
3.041836298618024514e+01
-4.082676487951468403e+01
-1.426922196996181746e+01
-1.801175456234941663e+01
-8.470055179071164275e+01
-2.064600916266365260e+01
-5.011361945807866647e+00
-1.079040693492197178e+01
-5.942312474038519809e+01
1.089700590003952740e+01
-4.491563940850906533e+01
-3.155865649255312633e+01
-3.113320303348848128e+01
-4.082122253201671214e+01
3.871973125790287185e+01
-2.953822217528117733e+01
-4.818800993796036636e+01
-2.776028666711620829e+01
2.477762759728487652e+01
2.464904142120540698e+01
-5.782060046680026488e-02
1.787989900499557638e+00
-3.950215614615682114e+01
-6.391783812240767304e+00
6.629365149922487888e+01
-3.983699119704355951e+01
-4.883321683301019789e+01
1.204785115947738383e+01
-1.913206734631124917e+01
-1.403594648852501159e+01
7.062958639896777413e+00
1.698968023319022080e+01
-1.259620851686096543e+01
2.270874932882194130e+01
-1.317326205000250461e+01
1.973061556375987280e+01
1.158363324259491733e+00
-2.447129113124941568e+01
-6.860026523503306350e+01
1.156760120991802054e+01
1.069114574787071703e+01
-3.573112180008461536e+01
-1.758947838029673250e+01
2.553372704982814412e+01
2.984655685159038185e+01
-2.307979976380645581e+01
2.156124060861879599e+01
3.476525495071348359e+01
6.038116210975371700e+01
3.792781892353808360e+01
-7.007179098991761279e+00
-1.139436265973973761e+01
-7.323288881453475341e+00
6.401318599105967166e+01
-8.305981584784751348e+00
-3.101212044786460709e+01
-2.510443531281788054e+01
2.531088026532702173e+01
1.606182358251206921e+01
7.198836497526440326e+01
-3.419371519796121106e+01
-1.446452075837992624e+01
8.751491193785015810e+01
-2.866223387770219233e+01
-2.691800008251733267e+00
-3.221006544658339976e+01
6.573055709525651480e+01
-2.331126412632490741e+01
2.144963091398602728e+01
-3.517755074546357008e+01
1.535319753031513024e+01
6.739268871687848161e+01
4.931760624042238561e+01
-4.238819820854564568e+01
-9.693326226683220526e+00
5.280139288585260715e+01
-5.384887982241404192e-01
4.134546967615126078e+01
-5.897738387208553235e+01
-3.184410499145237772e+00
8.691831280332653620e+00
1.867357106351785490e+01
-5.656987706065549304e+01
-2.151099343126269403e+01
-3.024278996180332868e+01
-6.925857405134961731e+00
2.873792048588922299e+01
-3.773103943261461701e+00
-2.863836050542895961e+01
-3.706116185729886325e+01
7.897595152513034122e+00
1.427580546736852796e+01
-8.419220984344944725e+01
-3.564797883558287594e+01
1.279747802557020542e+01
-5.432152085400482378e+01
-5.033203508155177275e+01
-5.597616388757442962e+01
-1.049607029438372408e+01
1.814652066591574453e+01
5.246849720153462293e+00
-1.164173452719685864e+00
-9.842928107452728170e+00
-2.401024795419060709e+01
-2.698559236727792054e+01
-6.153652081784267480e+00
-4.086218411525365468e+01
-1.370064102985526766e+01
3.497249914253565350e+01
-3.390370868115525127e+01
-3.052439106687276293e+01
4.054240332194932250e+01
2.793384511083115740e+01
-2.392678924096421866e+01
-1.731850793564236923e+01
-2.001595452825850430e+01
4.799908093939658116e+00
-9.885161600609519894e+01
-1.359159942211150529e+01
-8.972032951609710949e+01
-2.457564477392480740e+01
-1.481650169481413259e-01
-1.440734478141624741e+01
3.737890822989824358e+01
2.546444854663188551e+01
2.716922898800565633e+01
4.387361668569774054e+01
-8.887837669117619299e+00
-9.333022643838082999e+00
2.113354985897102911e-01
-4.170242654342729338e+01
-2.064209685280568607e+01
-9.466660697342256015e+01
3.825001497273901663e+01
-6.828247053280524881e+01
-3.732956070326041598e+00
-3.499169989130695058e+01
-5.196945240290287416e+01
-5.175418302963080208e+01
-5.497058035515869356e+00
3.884197033569908797e+01
-2.514454020879244567e+01
2.842737135868444653e+01
3.230793637560386600e+01
-9.097727330753247799e+00
2.760055943215129304e+01
8.295336108463438052e+00
2.904321842920088326e+00
4.248707452541574270e+01
9.448630974584666831e+00
-1.848488904590608684e+01
-4.365265140111503683e+01
1.790107539737570974e+01
-1.781752865533918850e+01
-5.488761281657815516e+00
-2.026711292811616971e+01
2.603489881242280646e+01
6.472535843995677851e+01
5.056083320426285610e+01
-3.543464722640857900e+01
6.832157982208598490e+00
2.284870599868826702e+01
-5.664892965735259622e+01
-3.383278200587507278e+00
4.623093112207624422e+00
-5.689485297587213353e+01
3.076354390633508018e+01
-2.150944202678087080e+01
3.845947125343927020e+00
-6.579015469908145519e+01
3.355009271714547658e+00
-3.902423514139425009e+01
-9.391523590260350218e+00
1.909992562523153836e+01
-8.480952567227282302e+00
6.543747165638350793e+01
-7.146035826118031231e+00
-1.387498706424253392e+01
-3.217238970811784782e+01
2.073322021794492542e+00
-4.292037004786123155e+00
-2.822968235433924988e+01
4.295544017702678019e+01
2.663052199107324114e+01
8.436387479525144784e+01
6.020364212462387599e+01
2.493533971615658373e+01
-4.998872564997806478e+01
-7.180337907117274376e+00
-2.326415158790346283e+01
-1.501965092772923072e+01
-3.632651399044287643e+01
3.584794176811189459e+01
9.180688409541453154e+00
6.861280088202244443e+00
-3.428181619867589802e+01
-9.983755690764594348e+00
-8.923135520583517177e+01
1.775497523978659942e+01
-1.176801643394874253e+00
2.209394174261071875e+00
-1.963005006752062132e+00
2.970157680081865692e+01
-3.279702018044707046e+01
-1.038681829257165568e+01
1.083560272153594539e+01
1.888870278742225040e+01
-8.680952440875438825e+00
3.484026585074568860e+00
-2.297186564508901441e+01
2.975047183202183732e+01
1.809662724534715394e+01
1.128531702543777104e+00
5.181770944552037861e+01
1.899431784744933793e+01
2.707653198105658987e+01
-9.953402098610927951e+00
9.966763741220594852e+01
2.046508829188435641e+01
8.997913627812160087e+00
-6.162617920722031073e-01
1.975185839673259336e+00
6.443507495609642888e+01
5.707326857856152458e+01
1.893931121338546930e+01
-6.750211198359677311e+00
-5.283593445986991988e+00
5.027148227603358777e+01
-2.444011395985903334e+00
3.383347649154743664e+01
1.030094309276364299e+02
3.782584919642915366e+01
-5.801845987239097724e+01
2.288351418679715721e+01
2.335379338220748835e+01
-7.211826639917453541e+00
2.691400619239853853e+01
1.880133591534660553e+01
-1.977091618422450736e+01
2.681635056463760947e+01
-3.369193795534953040e+01
2.489247573750477471e+01
8.899699435823585247e+00
-2.144136378833121981e+01
-1.907193533645920525e+01
-6.881806872473171666e+01
1.094873005020173728e+01
-1.846007929164309402e+01
-1.415331373564690054e+01
-3.929085242218139484e+01
-3.220647240811735657e+01
-3.032942929284975264e+01
-2.720824770104153245e+01
6.590712319827249921e+00
-9.023091323662697505e+00
2.560103755523110891e+01
-6.352039803148232266e+01
-2.156094872548365515e+01
-3.933415943782138413e+01
1.215688882240639224e+01
-6.111623211859662064e+00
-3.277170924883935044e+01
4.455071297685162079e+01
-6.405431219656661312e+01
-4.268004523557741692e+01
-2.317933506654032527e+01
2.958966479662575466e+01
-6.433550168169202266e+01
-1.869419238031215968e+01
4.268587337062842835e+01
-6.266463928397256211e+01
4.421867450624171880e+01
1.841001536120964133e+01
7.372931719992160993e+01
-6.107903644342543004e+01
-8.687964308267003943e+00
6.734795115407310107e+01
3.649489158331169847e+01
1.999804553287803444e+01
2.660517727870985638e+01
3.431539723609701298e+01
-1.580873972956758067e+01
1.168772588649574118e+01
-1.773844370788159353e+01
-3.894005094373034215e+00
4.390108091663201861e+01
-2.610658617682769034e+01
5.252994047121330112e+01
-3.338456079745221672e+01
-6.552043889236408347e+01
-6.606143340909963513e+01
1.255247849264477011e+01
-4.901970243698642093e+01
-3.404550987453650635e+01
-2.409969643489441538e+01
-6.324752903467300058e+01
2.678812627819247005e+00
7.094584657725198440e+01
-1.450475472399244303e+01
3.877108885821604645e+01
4.956544773413678229e+01
6.668352814001752904e+01
-6.966289976864481481e+00
5.312642089151083269e+01
1.944403532328950135e+01
-4.265197997077123659e+01
-2.018580278047638732e+00
1.974417430628554371e+01
-6.499644176827091613e+00
-1.167154676854146089e+01
-2.634947610226328507e+01
-5.893972070086946680e+00
9.263552591900227284e+00
-1.534643018007462523e+01
-1.109210601713794375e+01
2.602149853733984486e+01
-7.246108832610794082e+01
2.154861142668866236e+01
-4.154119104641188187e+01
1.377295467377911198e+00
7.416582023933344203e+01
3.553235385676552482e+01
-4.723247734244619522e+00
-2.639816500899714313e+01
2.530939491162387256e+01
3.376973118564784215e+01
-1.711693111573042358e+01
-1.216943440489387918e+01
3.327080657404471253e+01
-2.500612974272339883e+01
-4.759863345622589037e+01
1.033490014941661705e+01
-1.616793326699716360e+01
-9.960688622756087796e+00
-6.065686443561318697e+01
-1.971965327415414038e+01
2.136715652500818052e+01
-2.543185512773108314e+01
3.640575468103637746e+01
-6.006232284143517575e+01
-4.404257439962771059e+01
-9.707835421873275195e+00
-2.791286053117584487e+00
-3.902143704490762843e+01
-1.996712515355261175e+01
-1.558565474556892561e+01
-8.063414064827089334e+00
-3.930662034261309401e+01
-1.924154060736283967e+01
1.815017250614029365e+01
-4.650237520501839583e+00
5.238599050909461852e+01
3.646001126753529320e+01
1.442265246256550348e+01
-1.177268449726576627e+00
4.004698346193436720e+01
-4.357928279668077920e+01
7.395698528540950178e+01
-2.913756600284348508e+01
-3.699799765978821142e+01
5.346532095322615419e+01
3.886255507188225522e+01
1.296010995401705834e+00
-4.012896917695216814e+01
-5.328960198226441491e+01
3.318674408099992146e+00
6.175338085442214719e+01
6.895222458564711054e+00
2.385330006614456622e+01
7.563997050536111821e+00
-2.859240030584511771e+01
-1.137984234993867005e+02
1.601235805982846827e+01
3.603814927110389021e+01
-7.027113936682272133e+00
8.385757017765465449e+00
2.447039536301510765e+01
-8.109404878720536658e+01
6.879461994656836055e+01
3.578966341043279442e+01
2.626741644737420600e+01
-4.591474738224814445e+01
-1.050771792343801678e+02
9.717184597779555233e+00
5.523592833628006460e+00
-4.405392291208612932e+01
-1.827155224926425348e+01
-8.982796959207821885e+01
-1.376624725117460812e+01
-1.886941544471715471e+00
-3.817731988641943275e+01
-1.305213550397876432e+01
-3.605208698334863726e+01
-4.980205991584365499e+00
-2.357864712710164312e+01
3.731379174123325981e+01
-8.085217835661163122e+01
4.426648898862253212e+00
9.259421262928954732e+00
1.159532415468662059e+01
3.566717957269550254e+01
-4.486920475808498310e+01
-2.116153073841492471e+01
4.391998360296178738e+00
1.527177714791400298e+01
1.296058151072844034e+01
-3.231050389402639667e+01
2.271660585136281441e+01
1.386801164737578951e+01
-2.780038602267389436e+01
-8.810291402988535481e+01
1.421817589261449299e+00
7.052474752479268716e+01
1.751900952726003524e+01
-1.930745082986404793e+00
9.668576233197651959e+01
7.490665613825813196e+00
-7.557064458492397385e-01
-4.937007028426918964e+01
2.950222367350272989e+00
-4.258809482081051101e+01
-8.499994092819463276e+01
-7.836435164118014995e+00
1.050225121637353176e+01
2.207754596326831376e+01
8.893672486016082956e+00
-1.254632635967064935e+01
1.699616115399553706e+01
2.449838716674207717e+01
6.644973987703448870e+01
3.406601231479797320e+01
1.401167618270132920e+00
2.970647491303005694e+01
-2.611417510195403580e+01
4.622917604583810913e+01
2.703298548673734203e+01
2.567688238598354999e+01
-2.026085035612771534e+01
9.388347613550230619e+00
-2.123523154282232372e+00
-1.227999469352568411e+02
-1.984489807199126377e+00
-1.501285263974922568e+00
-3.288385856182339495e+01
-1.714771342742024585e+00
8.761412272889669950e+00
-7.083770496622706858e+00
7.302108837605963743e+01
4.338436364163938919e+01
-2.637812654846511151e+01
-6.521696006808013202e+00
-1.633837865864758321e+00
-1.197475516139078877e+01
2.950226074348865168e+01
1.038121798093181525e+01
2.978583084162112726e+01
-3.584566178937513570e+01
-4.442373384484178445e+01
-1.139469951787457269e+01
2.303973980480298778e+01
-4.081989112031818023e-01
-1.631432681447101274e+01
-2.242152346785187333e+01
1.025801361119397370e+01
-2.977600838237401959e+00
3.297885045580785146e+01
4.129062121355603665e+01
-6.354776362359058339e+01
-5.440988108072284035e+01
-1.667831108812912788e+01
2.557294425654522385e+01
8.725602735191456460e+00
1.907051431893248861e+01
-1.825860288427418254e+01
-2.013880677705629907e+01
-2.937059133347256790e+01
1.421192621755686503e+01
-6.326968073036655937e+01
4.648589553632366034e+01
-6.736997126850035045e+01
-3.886680449604885013e+01
-1.679442781833857623e+01
1.759958743206501364e+00
-1.361036536263195984e+00
-3.237401316442176125e+01
2.197880812844429599e+01
8.852595506652910728e+01
4.572978990624373807e+01
-6.112279181128442929e+01
4.628477878514492261e+01
-4.441451970148902717e+01
3.881118057604771021e-01
-6.264546948287880213e+01
3.426555253470735529e+00
3.047325062764025461e+01
2.315483436032605624e+01
-2.676794818787887920e+01
2.836921236262668700e+01
-1.689808635436956408e+01
1.648065329074383456e+01
-3.660715545988362862e+01
-2.734923107180104651e+01
7.907317636017698703e+01
-5.842247829600741227e+01
7.989385851947760742e+00
-1.921626769784730016e+01
9.757367845512000315e+00
-8.884466924180017600e+01
4.340628566214276418e+01
5.804119936596892160e+01
-3.407740152017526469e+01
-2.801186586228788755e+01
-9.689691810583660470e-01
1.656087670906197928e+01
-9.263252449543978306e-01
2.145226841978875587e+00
-1.672828923416184210e+01
2.197271616093563473e+00
4.760950438893141268e+01
-3.423706289692691751e+00
1.120823632839718087e+01
2.261591463034157101e+01
5.040951014681294140e+01
1.686056163306574973e+01
-8.512797451326303388e+00
-3.991768034456594449e+00
8.142939723276036545e+00
5.017235804107703423e+00
6.064275888033965778e+00
-1.469850028227063454e+01
-1.947295244247438362e+01
-3.633583475014594910e+01
3.157225518915912943e+01
-4.004051880275761022e+01
8.503601903409207807e+01
-7.840734671251499144e+00
3.514098193336406162e+00
6.363322626114917568e+01
3.380497266123913391e+01
-2.638314173581667177e+01
4.842585872273087233e+01
-1.558480664113958802e+01
-1.452122854204818125e+01
-6.723944831121252186e+00
-6.194659800152802376e+01
1.194229944894020434e+01
2.143317267059144715e+00
-3.814553076259991116e+01
-1.013350578830799442e+01
3.698315314294044498e+01
-2.972444049248778697e+01
1.744399343889206477e+00
-3.163933188788441697e+01
5.123444513004631062e+01
-5.942883460589862921e+01
-7.606217129161649382e+01
-2.257777648396520931e+01
-1.719199488771941020e+01
3.353713988509707633e+01
1.732011902488628863e+01
-2.756280538281101045e+01
8.412621040041460274e-01
7.678679863409967332e+00
-5.970034098820818258e+00
-5.565410682105071061e+01
-7.170163302981835329e+01
-1.117010334669862459e+02
9.925959997918619493e+00
-2.527102688635428507e+01
4.743954160130500242e+01
-1.804754473797634429e+00
-4.667304431929698438e+01
1.169546423908032828e+01
5.387609131137238450e+01
-5.972014268158092776e+00
-7.765067830992533970e+01
1.730761992281988171e+01
-1.241112902628097636e+01
-5.556041712567964908e+01
2.744242898258597307e+01
8.158947602081390027e-02
-1.714229727753144061e+01
-1.747889071369899483e+01
4.419229853856591461e+01
2.841514244299595049e+01
-3.581001479847826374e+01
-2.909410882890814776e+01
-5.792619194384174364e+01
-2.152132342660674524e+01
4.395168335624146749e+01
4.228860095861610802e+01
1.841654458119884197e+01
-5.033327957685381193e+01
-1.093581109813294816e+01
1.030812228039207845e+01
-7.622847884054367285e+01
-2.179321151933841350e+01
5.283048943822256405e+01
-4.746717683787370134e+00
-4.185874946522591400e-01
1.855705594969096239e+01
3.343372369447715187e+01
-2.222660099711108472e+01
-3.269300142930731568e+01
4.227800666337719093e+01
2.312904652111186365e+01
5.222662260062455886e+01
1.162221232629165790e+01
2.694148656150350263e+01
7.190941743698698874e-01
-2.293898500941533136e+00
-2.625247310942993195e+01
3.947985879995664504e+01
5.140857032621498490e+01
-3.982943519704087265e+01
2.295747777561927805e+01
1.245235496317915036e+01
-1.663151651357753780e+00
2.517200066825881066e+01
2.124596892003660997e+01
2.609481567158406179e+01
-2.944254836566054223e+01
7.276546634046830775e+01
-2.551171140803118220e+01
-2.149831268977949250e+01
-2.857035963344189611e+01
7.746002994496175020e+00
2.835639708530980130e+01
-3.210208418594231716e+01
-1.294818355941591781e+00
1.738109437381233491e+01
-2.845696530466557306e+01
2.220038382810765398e+01
2.293713399502834704e+01
1.098191585529496139e+00
2.138800059891397609e+01
8.379742973167285669e+00
-2.772833784453396788e+01
1.273652225001543314e+01
-4.950027810007707529e+00
5.421126904031279281e+00
-4.678045393398964080e+00
2.523081920661567779e+01
-2.047096930317223951e+01
-6.248819767085274535e+00
-2.558728477654928568e+01
-3.611134239976724558e+01
1.386175575742239374e+01
-2.173067481516960697e+01
1.403080278840876360e+01
1.911891205025504092e+01
-2.035642921349020362e+00
-2.432944441249295409e+01
5.813065574018764892e+01
-7.591557262807569373e+01
3.628068779687337297e+01
-1.071647452769937914e+01
-1.177811126638447803e+01
1.243710021914492003e+01
3.693946280358289158e+01
2.340171200880620717e+01
-1.030516079198418744e+01
-4.608753518103184454e+00
-3.183713486709843110e+01
-1.596854041434692384e+01
2.776367153932848275e+00
-3.032654694281699648e+00
1.072812908880918492e+01
-2.259268525167157904e+01
2.647749521592012911e+01
3.467685959857977451e+01
-1.942273152603875985e+01
5.719377807917956247e+00
1.406365714978701931e+01
2.495089591197643486e+01
2.805513818507321133e+01
-1.491840990313693105e-01
6.006698133923754312e+01
6.846993027518907127e+01
2.315970815120196846e+01
-6.719436829416953572e+01
-3.186994037432086557e+01
-4.797857119400656956e+00
3.626859160074285171e+01
-2.113449734661140411e+01
-5.713965085004179656e+00
3.457343454068780630e+01
-1.969225893872640043e+01
-2.469994120941726212e+00
3.088054308399785697e+01
-4.224623862417691811e+01
4.687603213620422871e+00
-2.063381820552898560e+01
2.772893291219439149e+01
-1.886726171816905406e+01
1.320826390006341633e+01
-6.673708932895650925e+00
-3.725115028903307746e+01
-2.431841274074272263e+01
-9.772543348647509731e+00
4.903450612830837230e+01
-2.454589448080371383e+00
-8.244745758315675133e+00
9.871882020710246763e+01
-3.592675174689458117e+01
2.876339508679608770e+01
9.298146294094427944e+00
-2.439762016114344689e+01
-3.814335972035253519e+01
-3.057298399552896839e+00
3.404718830877180125e+01
-3.311359970752752702e+01
-1.318705298254481484e+01
2.504645553528891000e+01
2.299511140066887194e+01
4.319825485531306697e+01
-1.382175412122860436e+01
1.914385269199012640e+01
-8.413313604941388135e+00
1.054582418204331518e+01
6.041311969368166501e+01
-7.750431167805080790e+00
-4.363146496795330620e+01
2.520689662662306674e+01
-4.904322948985067043e+00
1.190089274454619606e+01
-3.508270725694385561e+01
-3.915701227697676501e+01
1.518482671907323400e+01
-5.678190104490711576e+01
5.597031740740550276e+01
4.164393597787043433e+01
-8.383102722740483514e+00
-1.954775700644212222e+01
1.131524223773737736e-01
-8.003935495664687494e+01
3.774469483981813767e+01
2.155256488901125778e+01
2.355572855427714174e+01
-7.607326043590437514e+00
-6.078525942994136244e+01
8.188281261483130891e+01
-7.044271533510716665e+00
-2.242578064596935050e+01
1.570750274743930319e+01
-1.395604784102653895e+01
-3.993467690614268406e+01
3.024177943186030504e+01
2.150217312680684145e+01
-3.446486055557101480e+01
4.214050237022766510e+01
1.002262343933373678e+01
8.345343806505785000e-01
1.719884725572560313e+01
-7.558577008263983998e+01
4.234999735799132736e+01
-1.404150863140476702e+01
-3.199891993965545467e+01
-5.913445329500390812e+01
-1.573021102801791749e+01
3.946469698992931541e+01
1.643728181032771829e+01
-7.694806307921825805e+01
1.157429262920259738e+01
-4.056753532061007661e+01
3.032277197106630240e+00
-2.488468952961417457e+01
-1.431382958385295723e+01
-1.855556472551203706e+00
-8.319988266393778531e+01
-7.895703287405907211e+00
8.535340850045660233e+00
-1.868966490063858643e+01
-1.385668918605279742e+01
3.281303587975812341e+00
2.730041663614554892e+01
-4.847669872864722507e+00
-5.856827015284864935e+00
-3.683036240806771389e+01
5.118580371699830778e+01
2.087650687549301409e+01
3.140805957015379235e+01
-2.368841892480894273e+01
-1.009225369131560157e+01
3.727792835467484878e+01
-5.893296213978896247e+00
6.739903676829993628e+01
-9.235337196707529728e+00
-3.877608155369153309e+01
2.846402981063270232e+01
8.268292666840169503e+00
-7.987701852113575640e+00
-6.352083341941948014e+00
-6.441052035609700965e+01
1.771014494753481472e+01
-2.770616854761904690e+01
3.562221867921083174e+01
-2.095254345317737688e+01
-1.309770813989632465e+01
-1.066142526212814445e+01
4.314430869909919153e+01
4.195531693302642395e+01
4.023217049836411263e+00
-6.657914854446821096e+01
-4.770124709204310420e+01
1.658111458404279048e+01
5.793890622035213767e+00
4.088320318505179785e+01
1.236447673826313931e+01
-8.180668961828801855e+01
6.096857146213198320e+01
1.469518893134896764e+01
9.646314419354229841e+00
4.213225848172159260e+01
-2.301662576102109981e+01
1.921889715818569400e+01
-6.610657956729096441e+01
-1.028224818964128673e+01
-3.251989572951431029e+01
3.160299256991022432e+01
4.558270999935449197e+01
1.370750094641228989e+00
-8.535151161133229891e+01
7.471613485807669974e+01
1.758840177752074396e+01
-2.792888354543470797e+01
-5.931212383881249650e+01
3.661775704410453613e+01
3.382743973393723991e+01
-4.047860808019134282e+00
-1.775582921339782461e+00
-1.563920915621185515e+01
-4.157076581720453134e+01
-3.032011461503370420e+00
-1.791145065731407726e+01
-1.665619266936371901e+01
1.077236428517287514e+01
-1.696302142180823935e+01
8.905447438207347943e+01
-2.494577809169980398e+01
-3.180799378252305409e+00
1.957705018028247679e+01
-1.637014020340935350e+00
-2.183113193966226362e+01
1.515779701127265255e+01
-3.932541584435315940e+01
4.747210366910159252e+01
-2.426196057497717362e+01
4.762199180346556204e+00
-2.962389950851246212e+01
3.617016323354329188e+01
3.753340542644357924e+01
-5.063079927359699184e+01
-2.560058024856301984e+01
-3.689851222303791189e+01
-6.418445988977425998e+01
-2.306613398890063138e+01
-5.103960450661988446e-01
4.882906945914353969e+01
2.876786911762513910e+01
-2.881532365612977031e+01
4.467796016750476440e+01
-1.122524005763790811e+01
4.379167933143578040e+01
-1.465257533367334375e+01
5.172730303975215094e+01
-1.134374418914744354e+01
3.431840071398040948e+01
-8.390010129420326734e+01
-9.844066404775208667e+00
-2.400167809548160136e+01
8.227524100377016225e+01
4.059270599460293738e+01
-5.851716958295519078e+01
-5.855692035834925946e+01
-1.110008040497255877e+00
1.739025505550626605e+01
4.717643251105749869e+01
1.790457725474755435e+01
2.057552538627069083e+01
4.664584867423884873e+01
-8.255926505421379602e+01
-7.406667650744762454e+01
-1.485106638211703789e+01
4.805202012393328115e-01
-3.112468391017850422e+01
-9.235432313294982265e+00
1.420590165656968651e+01
6.639694943485568501e+01
-9.733168070936887517e+00
-1.210850786483698194e+01
4.590755168590306745e+00
4.580138660618074198e+01
7.376183792019334717e+00
5.289088403796344817e-01
5.124886990212701932e+01
-6.134988366303141483e+00
5.696787697635421921e+00
-4.233753005616180509e+00
2.392787920160487758e+01
-1.974449102513004561e+01
-7.601431568463890187e+01
-5.337473462780970834e+01
-8.374221508023950378e+00
3.405239644404682764e+01
3.730108037155275724e+01
2.341848388124654790e+01
-1.748650265955576444e+01
-1.391110094633754102e+01
-5.100331122681838281e+01
2.747310943069730982e+01
-8.598617694819409962e+01
-1.047837688572995241e+01
-5.834731571096321545e+01
1.175724237506200609e+01
-1.572507728916430203e+01
-4.298862175348451586e+01
2.836701535193771306e+01
-5.887902288436722031e+00
9.107950052451183609e+00
2.005232095813840232e+01
-5.318023525433080323e+01
-1.644991402654291335e+01
-7.453512930146070303e+00
8.353491938577294107e+00
-7.751074930564203669e+01
-5.881147581111179079e+01
-6.479847063877826940e+00
4.339977601210923908e+00
-1.227308745111798594e+01
4.364332240855542011e+01
-6.760375132348234217e+01
-2.383262190348655452e+01
-2.941598242839459232e+01
-4.937169398601498926e+01
6.975621145997365602e+01
2.063175368009878596e+01
7.706110294825153062e+01
2.884696291802091039e+01
-3.303640559059711990e+01
1.725237737851358588e+01
-5.313456118397469119e+00
-5.737701890311144126e+01
1.493202357491512622e+01
5.223159350001130719e+01
8.088351011802041413e+00
5.356764702381472887e+01
-3.013789509140718437e+01
-1.419761327018823316e+01
-7.428729662197190997e+00
1.303124453327064103e+01
7.372093429534005260e+00
1.535722556019120866e+01
-6.846915171729159511e+01
-1.267199343211139251e+01
2.791416854939421199e+01
-8.530246369297980635e+00
9.500199491180824074e-01
2.866781538412919161e+01
3.198530805423736822e+01
