-1.006321083305803832e+01
2.027378576381383191e+00
7.371151805275766300e+00
2.462929561874640783e+01
1.573705335477157519e+01
7.869147812136660924e+00
5.666249502576927277e+00
-5.347950293720686865e+00
1.293996860440805996e+01
-7.510943174534752131e+00
1.671497194947465559e+01
3.375305420996383532e+00
-6.935721030704737444e+00
1.545972923968318646e+01
1.473669178604409957e+01
1.610026445454554889e+01
1.939177267739795374e+00
-6.406951743837608682e+00
2.092346060363168903e+01
2.786732939353437466e+00
-9.280300584970785138e+00
-5.858360981955506475e+00
6.125277616154270355e+00
-3.442957104369329002e+00
7.769566276976055619e+00
-1.813889827199989213e+01
1.897120005438661394e+01
-6.902470016780796414e+00
6.306229799872782316e+00
5.505043833150774724e+00
-4.721470583654336473e+00
-4.349276059880280876e+00
5.735021674040948980e+00
-2.268392171958961256e+00
3.306037341097749938e+00
-1.685771986593042016e+01
-1.808823602311923295e+01
-1.650324318860915795e+01
-3.137981680508719062e+00
-5.939709066608578780e+00
4.128736983999410803e+00
9.391477004309521925e-01
-2.274786440365288698e+01
6.126605383195372845e+00
1.230820364191411542e+01
7.446206603747255182e-01
-7.789013489899743181e-01
-5.886849153510699262e-01
4.644655213837771690e+00
-9.858574415073039887e+00
-1.335974755449023377e+01
-8.811023369679805484e+00
-8.925949427170381867e+00
4.154583865940548293e+00
-2.325515898697077333e+01
1.021377852629794702e+01
-1.409950439402277844e+01
5.722024944680474512e+00
3.863491659551481661e+00
3.282606158295731547e+00
9.497739736193672400e+00
4.630973675866049355e+00
-2.400515708142563298e+01
9.446853694035093341e+00
1.255563387437837974e+01
2.109883357950157290e+01
1.439481740865503667e+01
-1.576058212060201580e+00
-1.208114963850498214e+01
-6.826704207410156044e+00
7.872994957868817423e+00
1.118229320246038583e+01
-1.584652112533534662e+00
-2.147706204973522048e+00
1.469217205905147772e+01
-1.730883033423742834e+00
-2.349894091162164500e+01
2.031188914747441387e+01
5.679128417217608416e+00
-4.691863951664362098e+00
-3.728438291607182542e+00
-4.530553986653366394e+00
2.308766366994895591e+01
9.217812195451930535e+00
4.568682523291822228e+00
-2.813925570117248309e+00
-6.073382301692733520e+00
-2.239839607281356670e+00
-7.772867536821755685e+00
-1.267274705186910211e+01
-1.208322773668992234e+01
1.123032721062221961e+00
-7.431162027251032143e+00
2.100885017286176826e+00
-2.854429952981507146e+00
1.544517707932398309e+01
-1.115509814063016059e+01
2.844431419010787110e+00
-1.065317596109614939e+01
-1.095425011580450736e+01
-1.586374637206620619e+01
1.700619123388593112e-01
-1.376066938925992389e+01
-4.356724729278568908e+00
2.132900336137536002e+01
-9.330787607568460373e+00
3.432078868338058530e+00
-1.164415331941240694e+01
-3.425597125211661709e+00
8.354185574513932622e+00
1.047165784141390255e+01
2.438667228531799935e+01
8.579551247591895802e+00
-1.795962080383926462e+00
-1.916071287526910361e-02
1.897082576121991826e+00
-6.312030573636840280e+00
-8.989430099531904972e+00
-1.260682894199301352e+00
-8.283084396670707505e+00
3.748921631151480138e+00
9.085345791796296311e+00
8.640863369585273901e+00
-5.475062871341322968e+00
-1.493266594792250546e+00
9.200055291868995511e+00
-1.821079405344046265e+01
-3.282359170908161872e+00
-5.382076151613212289e+00
5.054848979572216905e+00
5.544978491289775491e+00
6.003289503274590322e-01
-9.142946817222350475e+00
-1.100030058523846943e+00
4.992033708239969059e+00
3.118321710196596186e+01
1.748677056783296546e+00
1.536572585876244723e+01
9.341243019561769501e+00
4.032882185966651711e+00
1.162517454122371596e+01
-1.402618508447488388e+01
-1.487889835301729313e+01
3.750762386482109356e+00
-1.251450252451884282e+01
2.166886125363381765e+01
-6.081702280009266381e+00
2.122113652726448052e+01
-4.731825212440349482e+00
-2.202737723303987138e+01
5.924992869889291747e+00
7.862372057294347849e-01
7.552602566907694326e-02
-9.169431436577864858e+00
-5.786701147213641150e+00
1.701595199497485611e+00
-1.326077440146731679e+00
-2.227336834113000563e+01
-1.096432512236379164e+00
1.299524745104499068e+01
-1.046620564100674322e+01
-4.044152747970023221e+00
7.724461887197334953e+00
-6.378064336367227583e+00
1.072613997849937384e+01
-1.351790138471619684e+01
-1.075176261607171213e+01
-1.087730067698409009e+01
9.501465465554078449e+00
1.052326545824394621e+01
2.030427559032288720e-01
-4.914875614400719073e+00
6.747335531841766709e+00
8.526779140185295702e+00
6.570355534489419114e+00
1.181554297457611646e+00
-1.857766683430151033e+01
-1.783790881295514552e+01
-9.051522106277949398e-01
-1.278097471387357231e+01
-2.762406820981738065e+00
-2.872729119096121408e+01
-5.111434623907727293e+00
-3.891711938924010017e+00
7.813166185571207123e+00
-8.180328971884900824e+00
-6.311916667103325551e+00
2.523313900672171872e+00
-1.086987670529954109e+01
-8.166678242875175187e+00
-1.389573664471728520e+01
-2.075460922165448974e+00
9.184578067255742440e+00
-3.258543990666155299e+00
1.224119337354791703e+01
-1.152563665171670304e-01
2.717132482349254641e+00
3.890746565631023834e+00
1.986893063448322283e-01
-1.143512789018374853e+01
7.884510528327736800e+00
-3.428793722840929536e+00
2.028931999214303161e+01
1.429702993552251833e+01
-7.450904808352715181e-01
1.991007891035990696e+01
-5.487227322891177206e-01
5.450225468152127384e+00
-3.256927711261905056e+00
3.816145877776169204e+00
-1.076377038616862158e+01
3.418414592718145517e+00
1.153399810601219322e+01
2.065000675038474842e+00
1.108655626977581576e+00
-2.135252813508129677e+01
-4.203763939064740995e+00
-1.425456229088365490e+01
3.467939658447603435e+00
2.677983743359075319e+01
-3.412101732029742873e+00
-1.110591881234250700e+01
-7.458379443113865470e+00
-3.611846009365718757e+00
2.963057324179275476e+00
1.384359852272816305e+01
-1.577425276160044554e+01
9.328207645317803554e+00
-3.876483300823524658e+00
1.039283984346295853e+01
-6.932558293609286659e-02
-8.350571888843434820e+00
9.481191206863222476e+00
1.537264178239516887e+01
2.848333479806983259e+00
9.734016517451991035e+00
-4.822352845195698734e+00
3.035159000663994799e+00
-1.453402033438402441e+01
-9.294383655212861139e-01
-7.924571996101597904e+00
7.962189447812392906e+00
6.754872096388234937e+00
3.757468346744621712e+00
-1.291618216772931049e+01
-1.264703126099278485e+01
1.521749941005664652e+01
1.719239849258340280e+00
6.961141560885208968e+00
-4.100899143480987163e+00
1.260990910532358100e+01
6.567432316928749181e+00
1.268698253338322601e+01
7.329100419810091971e+00
1.167210234355047938e+01
-4.781693054094468209e+00
1.354468271442863347e+01
8.606735663813843473e+00
6.583678092402978521e+00
5.190199852688708759e+00
9.903837402129559209e+00
6.623308012291588831e+00
1.852107392538784314e-01
-4.846556968387672804e+00
1.800194289872421294e+01
-2.542188674345241761e+00
1.688930846504123551e+01
-4.734708928434238295e+00
-2.418644121322286455e+00
1.366150409996542514e+01
2.647507127762063561e+01
-5.365559949962483088e+00
5.833404216279141963e+00
2.488202256886189012e+00
6.569294257461258724e+00
-1.290230027935808188e+01
-7.586181276049853928e+00
-5.772616695565260692e+00
9.719750797037210788e+00
-8.944021773020558896e+00
1.307852230602460075e+01
7.569577431932357214e+00
-5.228539052466961934e+00
1.666189506120355546e+00
-4.674683793504493146e+00
8.776022572706200009e+00
-9.765845971431700079e+00
9.053229526929198911e+00
-7.809816872589266268e+00
4.798971553699843184e+00
-9.210688072108478508e+00
1.596362594557427528e+01
-4.309086697535361665e+00
-1.040166284478197367e+00
4.528477894213469135e+00
1.858111969946582676e+01
-1.773831401909928163e+00
1.308891939071343913e+01
-1.249726473523018022e+01
-5.103931613308502868e+00
1.164583565774615259e+01
-1.281706666415909623e+01
-4.472652176471431318e+00
1.983424084820418321e+00
1.850289393757541490e+01
-6.015586027651104395e+00
5.053337584690914319e+00
1.719782273292030439e+01
1.233362360869884267e+00
-8.920690706801222447e+00
5.986999335050491311e+00
-9.773713132626353328e+00
7.022182066315266091e+00
2.478126173145982936e+00
-2.090994021234037881e+00
5.705266117622205257e+00
-1.443762771051370741e+01
-9.250015411230201323e+00
9.020772118414535967e+00
4.768232400049718933e+00
-1.164189499426594887e+00
2.658430862783032200e+00
-1.175496103295789752e+01
1.150276080654899680e+01
7.172633232991436181e+00
-5.688399382856625802e-02
-9.691869001761931557e+00
-2.123475577869383457e+00
7.713444456665778937e-01
8.514789151977418813e-01
-5.297624606284185411e+00
-9.883553326635897918e+00
1.051176440801489420e+01
-2.209711952759438702e+01
6.310260712826697649e+00
-6.139787729464025290e+00
1.910178865523989700e+01
-7.689153482676886142e+00
-1.217281643814172032e+00
4.477025389035461878e+00
-2.971805609336609866e+00
1.286694365729296763e+01
-9.958818549381392771e+00
-6.057705556698032900e+00
-3.722394695368325124e+00
7.635070590193683948e+00
1.763373821915843820e+01
3.669102147092536015e+00
1.690162642681578475e+01
6.448167844086890588e-01
4.652424789708528685e+00
4.291437836917177506e+00
-1.359384858301381227e-01
-5.311724214986636383e+00
-4.250118944692635736e+00
1.350020315852933095e+01
-7.919011932265986431e+00
-6.706667759303748255e-01
-1.449946416855726916e+01
-1.514269956877782342e+01
-1.685870951189097866e+01
2.372155784999324446e+00
-2.435032983819620611e+01
9.235345310321054768e+00
-6.192147974173908831e-02
-6.307957373877364660e+00
-2.620093115907358339e+01
1.036915399196457344e+01
-5.054913043332528666e+00
2.179971391814740755e+01
1.023512485532977401e+01
-1.596993656619880397e+01
3.983182002420108336e+00
-1.025898998056357136e+01
-6.979783864019560857e-01
-3.343970986375797594e+00
9.338360869742031056e+00
-1.374752215134720146e+01
2.475348741738033542e+00
-6.095953416109315626e+00
7.149838157631432267e+00
-2.471406920013940134e+00
7.426897051027014918e+00
-1.351619347888148681e+01
1.385836084401361745e-01
-1.034979783428638944e+00
4.584078697334663666e+00
-8.094500093055079226e-01
-3.050200876197454392e+00
1.070405080372070650e+01
-7.501423319157567882e+00
-6.920733308025645236e+00
-1.140091528215085681e+01
7.265663574795386825e-01
3.596959855791928451e+00
8.297598535841979484e+00
8.442931128669156848e+00
-1.298123016051877521e+01
3.132639133248078966e+00
1.641225433500771302e+01
-2.326979053132621900e+01
9.364823007075790073e+00
-1.119027069698673049e+00
-1.983813883303342962e+01
1.436400373083905890e+00
-3.059420906069306501e+00
1.449318352620841965e+00
-1.127425333289409792e+01
2.216501778768020259e+01
1.670033086659002919e+01
-1.014931568208362478e+01
-4.524411498781474528e+00
3.468636722349545565e+00
-9.302928108245422933e-01
-1.377297321547271736e+01
-1.659465632503026811e+01
-1.216618762138690801e+00
3.003596016980575811e+01
-1.685931930754918540e+01
-6.074209168143877235e+00
-6.042809813986796286e+00
4.796944763362792408e+00
1.034492239153266446e+01
-1.334272785674895978e+01
5.983740797994079763e+00
5.143686479955913882e+00
9.832240855341819463e-01
-7.642131885917797796e+00
-3.823000661343718409e+00
-4.316559455703746551e+00
3.227121237197823511e+00
9.500946897464741525e-01
2.264690239140097372e+00
2.513641360845227624e+01
-4.370442705665180672e-01
-7.008182780881662133e+00
5.707083858827244782e+00
-7.170603783919498042e+00
-1.033414865731888987e+01
6.587530864381495377e+00
-1.160918283969125753e+01
-1.230920605019290548e+01
-1.079658739477573448e+01
-1.577623823673807379e+01
-1.450402996413665591e+01
4.452841136538378208e+00
9.029893996020435409e+00
-2.077336696581300934e+00
3.907575378376070496e+00
5.074368499957431666e+00
-1.203497666184182791e+01
6.944687137299199176e-01
7.380656658297805706e+00
-2.693643892641318160e+01
1.082181304790126575e+01
1.191824196242206746e+01
6.998885196811544418e+00
-5.244121936879229118e+00
-1.096407408535921491e+01
7.542109280667916416e+00
-1.014887021430675418e+01
-3.832786628820624042e+00
-2.174307905665251184e+01
2.371965438040112506e+00
2.863560840323676526e+00
-6.625075655188085832e+00
-9.308529553955425584e+00
-8.940019024475337472e-01
3.592322096490872951e+01
1.443571315657607101e+01
1.003231657336326066e+01
4.195422345277586729e+00
1.023067891292462761e+01
-1.409627319447604110e+00
-4.783167009330713704e+00
3.744663129838399218e-01
1.476846907134484610e+01
-2.904269186888839016e+01
3.208182344682831033e+00
-2.049500260788377659e+01
-1.276707965508665232e+01
1.830960865902992563e+00
-8.314149286915409220e+00
-1.896789991336710557e+01
9.937435965153836648e+00
-8.905433009719342152e+00
-1.786457231598717144e+01
8.520688865947211310e-01
-1.967727612060113174e+01
-1.003947257386021263e+01
-1.246923218092963559e+01
5.743675522262340571e+00
-3.383626472412218700e+00
1.206540570415514857e+01
1.817259849336611666e+01
3.230527236827556603e+00
-2.182620199870312708e-02
-3.098091569215840480e+01
7.614886479992655666e+00
-6.024788901718054035e+00
-2.919360840437486448e+00
-1.193732680472924201e+01
2.046496309306945260e+00
-1.196989563909780330e+01
2.005219682581379725e+00
1.003358387563982568e+01
1.222772240319090109e+01
-6.972756554457383293e-01
2.055059001115628803e+01
-2.142010864733718378e+01
-7.634051323310425019e+00
-2.800369883852662056e+00
1.292676774397206962e+01
-1.811361973253545088e+00
5.898958905683635123e+00
-5.681786160529592067e+00
-1.949603896504687794e+00
-3.660986256936662464e+00
-1.851022839936067310e-02
-1.375851415677494849e+01
-1.104485540792718190e+01
-1.735591378784590577e-01
-1.184460340511515319e+01
5.500739102882723941e+00
-1.671381208607950475e+00
-6.952666090891547412e+00
1.075480561730960893e+01
8.562594318036403251e+00
-3.109534666469440367e+01
1.896818106487976863e+01
4.995602896833784001e+00
-3.788936979754513157e+00
-8.349360369186124231e+00
-8.456357035264286282e+00
2.278048999638575545e+00
-1.060194353952532964e+01
7.649670028330401550e+00
1.200240734930542175e+01
-5.462428916187186623e+00
-2.436088898987533113e+01
-1.112604476802521170e+01
-2.164886792219710365e+00
-3.205104792248865131e+00
5.491555792376402678e+00
-2.235814714081877597e+00
-3.285358769645342125e+00
5.455710193008016518e-01
-2.085385861671483987e+00
-8.924092974680430501e+00
-2.566745893726995131e+00
-1.413796744978491837e+00
-1.074074761876703477e+01
1.438370836558595478e+01
-1.153312758506748281e+01
-5.748772351581344253e+00
-1.205814027512041697e+00
-3.947177434501058180e+00
1.224488904042344650e+01
-3.191710239837278196e-02
1.744616865329137312e+01
9.430098837891939922e+00
3.929593982148925413e+00
1.500171330206348408e+01
-7.679200423132308551e+00
-1.317879372175212183e+01
-3.908409225422562638e+00
-4.498851079644964557e+00
-2.980426580528719782e+00
2.409062912451080152e+01
1.425949960101413616e+00
-1.997434350136751036e+01
4.212656929734203359e+00
7.391802400403030049e+00
2.155804623655469143e+01
1.797358832560959296e+00
2.739999208484147797e+00
-3.189309911575905487e-01
-2.608773143841290221e+00
-1.346601522807491769e+01
-1.260941405313824681e+01
1.746493283480019976e+00
4.538620406788433037e+00
1.119242976383048216e+01
1.302435918345478338e+00
9.578686636355156381e+00
-6.915147289094869976e+00
-6.422811606748068058e+00
3.511032554352571999e+00
1.291399224434641368e+01
-1.127886885443836640e+01
-1.860777171185890255e+00
6.636790266645697933e-01
-2.633575303196546002e+01
1.588680688911545325e+01
1.067894858396078916e+01
-6.906736524797942867e-01
-6.621960945580388502e-01
8.935213078197671521e+00
8.347849466482337277e+00
1.934911623678783954e+01
-7.405539739014480816e+00
-6.213961230572012440e+00
-2.673832706442240692e+00
3.982235599276645610e-02
-9.638593599903504838e+00
-5.162047562094707054e-01
-4.212319366003233867e+00
-6.614717706106200801e+00
1.388328685673596130e+00
-5.803498016369019297e+00
-6.537491577416083111e+00
2.249914965415361401e+00
4.141656977598701772e+00
4.628222552300525372e+00
-9.477348380340659961e-01
-6.964281635419359517e+00
-5.845364110046787909e-01
7.690032246629195711e+00
7.485631739160895748e+00
6.553219967418631775e+00
8.210764202962993474e-01
-1.463886325466401317e+01
-1.364931739007154476e+01
-1.008949460125107223e+01
-2.614712327634268973e+00
2.737943357646402731e+01
3.728006892010497175e+00
-9.268290094180642313e+00
1.102088806248152686e+01
1.858422842732989855e+00
8.982664206588607314e+00
1.724876000317982871e+01
-1.142343077955457531e+01
-1.714158291191185013e+00
-2.359192224053069964e+01
-9.313258948005653792e+00
9.440789943030386766e+00
1.197027817825934548e+01
-3.417481571893066783e-01
-1.027259898383422509e+01
-1.796176023051733495e+01
-2.319791653153750133e+00
-1.601924605420622427e+01
5.121977029436466822e+00
4.289916738828455145e+00
-1.352401320831846476e+01
5.524674710987936166e+00
-8.400380230500760215e-01
-9.032350756327135244e+00
2.179426546448117286e+00
8.085009354087654643e+00
4.627149207668288966e+00
-2.011342413662963224e+01
1.149072296044053942e+01
7.140941221186053234e+00
-2.081693819921020427e+00
-1.192412388276143709e+00
9.964846938656224395e+00
-1.975863646083312020e+01
-3.077222467823957253e+00
-3.315636724777243360e-02
-1.677924185671383839e+01
6.370942020844415410e+00
5.541606579096144181e+00
-1.608937192375515224e+01
1.391683741706857447e+01
-6.377000392847431698e+00
1.328943865606527552e+01
4.909948555379321178e+00
1.461492463924001450e+00
-3.440891240445454358e+00
3.507495203145360563e+00
-3.493202271940155645e-01
-6.200094895458217792e+00
-4.504948665159240306e+00
3.093458611621477949e+00
-2.110709990542232362e+01
7.444937502080831493e+00
-1.157422842131689400e+01
-2.564744095814285529e+00
-2.131648772138366255e+01
-1.159957986810279174e+01
3.038328513755414573e+00
-5.490671056182987009e+00
1.571281077171137408e+00
-1.034143381642071624e+01
-4.857875418907217302e+00
1.913837309787208341e+01
-1.254370171353268582e+01
-2.987415714620893503e+00
-1.788750331811283445e+01
-2.691152513947324820e+01
-1.877031745608115898e+01
1.535627247004387286e+01
3.799922703827726789e+00
-2.675793225711576295e-01
7.488981010540292083e+00
9.628670795787208192e+00
1.358218143835986158e+00
5.555574240109124595e+00
6.897624576137382668e+00
7.483608876169023816e+00
-5.502730249295046505e+00
-1.973760631277504674e+00
-1.645402731847403999e+01
1.045869290075438407e+01
-5.999140382126818771e+00
6.327259784773202611e-01
-1.596367069044229225e+01
-4.190387581737118339e+00
-2.594206507493620695e+00
7.165412930095472532e+00
-2.875960045267893861e+01
-1.743567555646212597e+01
4.395736862732433359e+00
-3.274581894450120600e+00
1.919513263488118682e+01
-2.444740352138805406e+01
-8.166698596374657448e-01
1.540466133206924715e+00
-7.600269249714876274e+00
-5.623925885455098861e-01
-8.734881008231486277e+00
4.711312871135681313e+00
1.205523833271153045e+01
-6.333820095587700649e+00
8.719391266138918795e+00
5.732700341641383091e+00
3.134223147934500986e+01
3.194923411179971584e+00
1.984898606714756708e+00
1.948403444517064642e+01
-1.468267336462830208e+01
-2.050667112849620555e+00
-1.955438331056271295e+01
2.151810321975349538e+01
1.259339495075028914e+01
-9.872092211905005854e+00
-1.165959059087943928e+01
-2.458709767470291130e+00
-2.583739084570365385e+00
5.488806031636355165e+00
-9.000327369159297319e+00
8.384769332565252142e+00
-4.034976539969949982e+00
2.017134714441048970e+00
5.268132958715102454e+00
-5.240193078641026680e+00
-5.000071390815135075e+00
8.400949693735251245e+00
2.584241604666613412e+01
-1.136749579864528670e+01
-5.401806971741863528e+00
4.690212268277066165e+00
1.790195174256787780e+01
-1.479497756207824999e+01
8.717286417234770823e+00
1.451943041352814490e-01
5.024134494602546575e+00
4.810358667103651342e+00
-8.512939676557603974e+00
1.241236048606961262e+01
-1.195613228751515678e+01
-1.868365423580872431e+01
7.732148999692704194e+00
-5.300249348217751511e+00
4.203356848862322082e+00
-5.504284799652784166e+00
5.464916093682274933e+00
2.161068546756321496e+01
-2.278090159598734132e+01
-6.017907395639479518e+00
7.223141433290628299e+00
5.375552707306370692e+00
-2.015510131972577312e+01
-1.097859947546379189e+01
1.647333434440567501e+01
-1.130032397115415499e+01
-1.238428471596152747e+01
8.138532944635741284e-01
1.450155078963300781e+01
-2.706194631443670229e+00
-1.241737382691865221e+01
-9.373662688344998273e+00
1.469725765506760595e+01
2.260034789884704765e+01
-1.327179913927194921e+00
5.740055495047603706e+00
2.120069805896702686e+00
1.357906684286840893e+01
-1.263721218170510419e+01
1.399247898576882365e+00
-1.446419188725886684e+01
1.903723547502442059e+01
6.185133788750954986e-01
-8.868644193991144675e+00
-2.332798350402673293e+01
1.248408561163963260e+00
1.540211602303454219e+00
6.815184588625646356e+00
-4.476865714304620880e+00
7.599346908329008166e+00
2.447939461524585170e+01
2.487195511919728119e+01
2.572696625002828252e+00
-2.482057058215274381e+01
6.018924602737950380e+00
1.585240415709636252e+01
-1.270681395493918941e+01
-3.725923275484850361e+00
3.483462099007443857e+00
-7.972047793894422307e-01
-1.079317043763376560e+01
-1.043337125105846930e+01
-1.190303954382294727e+01
-6.663245406796733050e+00
8.996908805922039676e+00
5.989312260802909016e+00
5.351875844943874139e-01
-1.017832870390736311e+01
-1.324596850653456848e+01
-4.752956242591567459e+00
-1.423429666627473544e+01
5.547515383296893532e+00
2.889570770595575877e-01
-4.364780928657344461e+00
1.929233719515586643e+00
-6.002950139121787210e+00
-9.556030328370255233e+00
-1.950319517364499333e+01
-1.560972375607647233e+00
1.370323739841720112e+01
-1.495881000658638271e+01
-3.956141052949801562e+00
3.877537564995694019e+00
1.972734408309249687e+01
7.364657897617432614e-01
4.916927254788383550e+00
-4.904763600782479749e+00
4.667760166496634611e+00
-1.197434448325413570e+01
1.006227441172529424e+01
2.011986326759062393e+01
-2.150289706492259256e+00
1.001756204947360507e+00
1.485526985570717162e+00
-8.727888677683976582e+00
2.141955657971035265e+01
-1.024876072882505262e+01
-5.260608971921908683e+00
1.496117941609181656e+01
-5.033438480756112554e+00
-1.814635213108276135e+00
-3.950995056625584478e+00
1.853769146176320959e+01
1.662413675796563295e+00
4.778340664978543373e+00
-1.801388358357183961e+01
-2.381106923312665824e+00
1.414716555638696960e+01
2.206084395688406730e+01
1.539606699179058147e+01
4.163405724716342959e+00
-2.427514293415137558e+01
1.986453347346960996e+01
-8.667748764932176053e-01
-6.281773018484873461e+00
-8.702053951180459990e+00
-5.532231734035759629e-01
1.137501195404204690e+00
-3.641419090362435718e+00
-1.021578631307805729e+01
-4.362925567738606958e-01
1.558032164397395647e+01
-7.845932224166912938e+00
-1.471448650759967869e+01
-1.165656410572965651e+00
-3.262390547958647247e+00
-2.250516734614594583e+01
5.944913414344401126e+00
1.417500047572608501e+00
-3.988787510496125233e+00
-6.622535233611123395e+00
5.577790809657702020e+00
9.689501342356050984e+00
-1.234375513887952636e+01
5.038268469197766386e-01
-2.766770676724619182e-01
1.072274701221318693e+01
-2.201084426763028734e+00
1.748164468316341313e+00
-3.822620930689014429e+00
2.032711471590247498e+01
1.229884916983206544e+01
9.061638421728456905e+00
-1.713584602672856150e+01
-6.509238214008202128e+00
1.770772335124784647e+01
-1.624902503676933785e+00
4.311696019446794814e+00
5.065071696313602878e+00
1.054482551514566602e+01
4.695624183262233409e+00
2.113791304869241827e+00
-1.725046423194678269e+00
-9.460260217770674274e+00
-8.684947183530180581e+00
-6.143665191048585328e+00
-1.247097867886701961e+00
6.778808056341690147e+00
6.796005039206461928e-01
2.129429985941162684e+01
1.275617771562673397e+01
3.141718428109296823e+01
-2.318351629794406232e-01
-7.996357285221430189e+00
-1.471062663104753376e+01
2.733795372315420469e+00
9.288295584128055893e+00
1.218994114077127122e+01
-5.383213510887332909e+00
1.484612845030840766e+01
9.571540784073313546e+00
1.585884673481563745e+01
3.139366783779294678e+00
-9.077110294155726677e+00
-1.447137538271028845e+01
-7.186549239076568618e+00
2.583376896869538797e+01
-7.426152467236417642e+00
1.325952776099387087e+01
1.158990951859370355e+01
-2.046237351840927587e+00
-1.146807866144124866e+01
-5.829847142618469036e+00
1.617948280719277987e+00
-7.024370387207045319e+00
1.687742380550009358e+00
2.366855523263446059e+00
-1.434859793600362643e+01
-3.373090635598547382e-01
-5.747143107861296230e+00
-8.834436632746883733e-01
2.735325795680678240e+00
2.506152305838630312e+01
-9.024411133183617650e+00
-1.261977708936180065e+01
2.369846705472722359e+00
-1.216557629954099440e+01
2.756363500057349203e+00
-5.343009401520001589e+00
-4.997796345340775659e+00
7.444454475528555548e+00
-1.973232132182488030e+01
3.237327044947530208e+00
-1.009157930540706261e+01
-4.767715008812065669e+00
-1.914430097353135807e+01
-1.398057732472816461e+01
4.172778209579997899e+00
-4.341929886465009325e+00
-2.387051613463303568e+01
1.517947117046215411e+01
-1.996695536346818178e+00
2.272330750500516316e+01
3.467346797086177990e+00
-1.250472638325149077e+01
-2.431659114510274833e+00
4.862761297509870850e+00
-1.982465246395644343e+01
5.567616013683597487e+00
-1.736690954523775687e+01
-4.629594604165490956e+00
1.419478279852646629e+01
-1.944193888061164222e-01
5.834197894767132020e+00
-1.285418509292626466e+00
6.447468595999741314e-01
1.554987034743286500e+01
1.473098768402032377e+01
-8.054536426780219971e-01
1.389367799706682227e+01
-8.320529875091427385e+00
-1.628803997380192570e+01
-8.219282756351590891e+00
1.891013950616980566e+01
-5.894033019645934957e+00
7.186391561113639526e+00
-1.012863205846422332e+01
7.135151679674189840e-02
1.663517352158635276e+01
9.517233007422156721e-01
1.372324548308843006e+01
3.865062108545110231e+00
-2.169482790301329089e+01
-1.116725908511402920e+01
-2.132011614734123839e+01
-1.818175730018475766e+00
1.539167139270370122e+01
3.624829835964273439e+00
-1.010854991256618796e+01
-6.051488463095604509e-01
-4.478477276401335860e-01
8.968755032530067339e+00
-2.250950894889204079e+00
-6.754989101211823499e-01
1.725974891857989491e+01
-7.498557907106307319e+00
2.119795674579702904e+01
3.626383241640481092e+00
1.530515938077277838e+01
-1.878216168621641202e+01
-1.316509046663428606e+01
1.295674861678120671e+01
-5.904707431512693283e+00
-8.838661559393189648e+00
-2.096927659418137690e-01
-1.256495919130492567e+01
-7.757311004980486757e+00
3.615645262416635752e+00
1.791852772612815414e+01
-3.555146999480919501e+00
-2.844324558442960615e+00
9.556204005916420385e+00
4.932636172381104522e+00
1.352130747701233737e+01
5.575910455108765262e+00
2.249719798912416024e+00
8.511846813245425025e-01
-9.629699640926171256e+00
7.350401061847423811e+00
-4.891813674976844162e+00
-2.792812414017804112e+00
-1.112232731505487671e+01
-8.695430619528490723e+00
4.196690571505052425e+00
-3.193290646666088861e+00
-1.634810800241403328e+01
1.056670130651124317e+01
-6.549499956794830879e+00
-4.959148156066262025e-01
-1.255180065019883884e+01
5.124631413178107664e+00
-9.931468129527594169e-01
-2.101513309816019870e+01
1.102741774309709832e+01
-1.337039069705177852e+01
1.623820349760835668e+00
-2.438990963799401612e+01
