1.152231975977925771e+01
4.428585055115187075e+00
6.223277352955830288e+00
5.685163941257365128e-02
4.224026643508427270e+00
2.400973056551739759e+00
7.239489767791287278e+00
-2.472975108536267186e+01
4.219053936153592588e+00
1.356827238831063731e+01
1.039753544087253179e+00
1.121838446529760347e+01
2.150261370747059786e+01
-1.707791055078141085e+01
-1.106440449529671000e+01
-2.450097520269780915e+01
-1.623851461598222201e+01
-6.318582677400950587e+00
-2.310968309647748953e+01
-1.106670452701698082e+01
2.645129128128406837e+00
-2.092198807295086560e+00
-1.218240962526418869e+01
5.629975738578079536e+00
-2.947340949731242077e+01
-1.796040603220580678e+00
-3.622671031136999176e+00
-1.443544160644246688e+01
-6.874719397116747510e-01
-1.135526300968170688e+01
1.166678998886406582e+01
8.711605580968152296e+00
1.591996969893193814e+01
-9.957568767683710576e+00
9.892116012788417123e+00
1.346637426292537576e+00
7.178607725289286812e+00
-2.823079235272476240e+01
-3.347638006438557312e+01
8.562621644209214011e+00
-6.590608685258133370e+00
1.238396689453453048e+00
1.749706679822163125e+01
-2.337664533463365402e+01
1.065008375560203291e+01
-1.300906566210586135e+01
-3.818259063198002679e+01
-1.906416116789562665e+01
-4.906135889398785532e-01
-2.149506643236853520e+01
8.149054525381918546e-02
-1.767249466005200276e+01
-3.068555144022764836e+01
4.535579819459163886e+00
4.757308632782423885e+00
1.607923107390727413e-01
2.218540503533036556e+01
-5.871043149900581071e+00
-1.364143120590646063e+01
9.759137653846725158e+00
-1.696198820391634854e+01
-9.308471046962710105e+00
4.289542361917323632e+00
1.623053648267789839e+01
3.529190189813564160e+01
1.998543400543255544e+01
6.484686669126694447e+00
1.658130641115883819e+01
1.826488154079505932e+01
-2.076304497228656487e+01
1.197016935665839377e+01
-4.773538604817679776e+00
1.377529936046556891e+01
-1.174839346657917716e+01
-1.805548327359696259e+01
4.143353015062915645e+00
-3.974558097574519167e+00
-8.168932081409565171e+00
-1.924431112262456622e+01
-1.097227997938130883e+01
3.527186109000738590e+00
2.235765217547349692e+01
-2.946582113521641677e+00
2.627732803025806252e-02
7.883332779759056663e+00
-2.432358719297122107e+00
2.275499993597192461e+00
-8.821866642918607226e+00
4.608942355943127289e+00
4.535973156662556960e+00
-2.325072888164979190e+01
-2.079122308525582596e+01
1.350863866744903596e+01
-1.798038698086083897e+01
-2.619686595441692489e+01
-1.013588868659358155e+01
7.734380231421552843e+00
-8.559747817944689530e+00
6.565570784491836065e+00
-7.254526557543396592e+00
-9.565737980489427139e-01
2.679278955643867022e+01
-7.581196235204989087e+00
-2.470153469957698533e+01
-7.962006348129688327e+00
8.104416042157978062e-01
-2.756430071445545593e+01
-1.842227305735503506e+01
-5.831072770817531392e+00
-2.740605796075341516e+01
-4.591371130213863339e+00
-3.321719871009204184e+01
2.592521733792496619e+01
-1.071475369121019483e+01
-8.195681854249702525e+00
-5.759511981832593719e+00
1.396518617021087927e+01
-2.320605957717391021e+01
2.389831361984509073e+01
-1.650323166979722345e+01
-2.992991119586295490e+00
-9.133089849349845579e+00
-7.316121221554561238e+00
5.574084412548137912e+00
1.131870644407211657e+01
-2.454497009367875293e-01
-6.200193930765867556e+00
1.764316753694318152e+01
2.665798565944428944e+01
8.303539921482707697e+00
-1.024897676186618867e+01
3.456950834149074225e+00
-8.343900789619612013e+00
-1.238109513943575557e+01
2.737450778595812650e+01
-1.019999282439116506e+01
-1.850943373988968910e+00
-5.659551988355329577e+00
4.542747297743900958e+00
1.755685548795602458e+01
4.693269810699523426e+00
-6.680263034898339392e+00
-2.269125913737343936e+01
1.705620971762512639e+01
-1.591384697626302192e+01
-1.311759197585717729e+01
-2.409345454808418996e+00
1.874156810940386819e+01
1.212633382871077181e+01
1.290569269671194341e+01
-1.518455137772607699e+01
2.766641501720108565e+01
1.463493933906980260e+01
2.320788995515041009e+01
-8.302224992924884361e+00
-3.429178264311137525e+01
2.646773338370492112e+01
-1.781649936102204279e+01
1.005818025567776353e+01
6.357182442423177982e+00
2.570578676791241435e+01
1.779860919467469671e+01
-1.250758788917778475e+01
-1.187093627103274152e+01
-1.604635515992755757e+01
-5.816047436308809893e+01
3.682100501718048235e+01
-2.369611075449538262e+01
7.066567993457915975e+00
-3.454731109566135050e+00
1.018560422151012546e+01
1.640305376349464694e+01
2.169855117375508868e+01
1.712799489133748310e+01
-1.845435629641657016e+01
1.260481685873060620e+01
3.261366286761966826e+00
3.322384900026765564e+01
-1.478548023258043642e+01
2.345928251006493781e+01
1.231253988031645896e+01
1.787969653637086154e+01
8.507781473035766595e+00
2.117894641914542930e+01
-9.650902096009309261e+00
-2.486376118707084615e+01
-2.216875736304978872e+01
7.586176426047243737e+00
1.238628304964765370e+01
1.029856594724755681e+01
2.017903247554956980e+00
8.814810481574063550e-01
-2.809909181389031119e+01
1.549419313897859141e+01
5.014294912357595280e+00
1.805735869149639683e+01
3.439661113961631855e+01
-1.751739612247357414e+01
-3.413637326987272402e+00
1.358688128086774860e+00
2.257766650602421876e-02
2.258074614252579693e+01
1.238362313300996576e+01
-2.519020910543889435e+00
-1.426899966748802662e+01
1.004882067676613389e+01
7.347827891953545354e+00
1.055450386065531099e+01
-1.263801986372849484e+01
-1.350438727554504759e+01
-9.656682416889690757e+00
6.768539334675497621e+00
4.281646431379565598e+01
-5.206200428504483568e+01
3.388936525694707380e-01
2.092951854666906808e+00
1.896980898254003378e+01
1.620415517011799977e+01
2.572320239492150762e+01
8.033953578041042931e+00
3.535722063921139302e+00
-2.275819058996410860e+01
-1.961585051835775806e+00
8.683267673912865803e+00
9.358655969388205875e+00
-9.733065581956340750e+00
1.588709589749876194e+01
-1.205073586371515404e+01
7.536153118128108286e-01
-8.798613209680466341e+00
-1.740673566100662839e+01
3.997882409871470344e+01
-2.767188334798703053e+01
4.129751439844764604e+01
-2.282199646144162131e+01
-1.554573456425617728e+01
1.453861758670484061e+00
1.436508071782813722e+01
3.104728101491256709e+01
-1.244957269137761724e+00
2.275585777761097361e+01
1.604166415733006446e+01
-2.600927763557173122e+01
-2.013475539079934151e+01
9.073400136803581262e+00
-2.192795252479184143e+01
-5.710418316603687927e+00
-2.284924497503730834e+01
-1.212729152276070721e+01
2.281769538187128177e+01
2.194510355019178238e+00
1.778178338820395865e+01
1.000577444718872577e+01
-1.198482728002454678e+01
1.497550922836271248e+01
-3.003684780088671236e+00
2.104570603810025808e+00
1.921741542241241518e+01
8.198938018466691346e+00
2.243845427820147975e+01
-2.661422539726065750e+01
-1.249964331514362215e+01
-2.884684697722321722e-01
-1.548794732551768361e+00
-1.003576326811323050e+01
1.324549572702542299e+01
-3.643311505252025739e+00
1.132984870685158008e+01
-2.214032335100823445e+01
9.400908730017203396e+00
-1.608167899025770620e+00
-1.432764611586763825e+00
-1.859528528405991255e+00
2.596813434787833685e+01
-9.010751735931707529e+00
1.282428351254289556e+00
-8.257445677305307541e+00
3.400285231348121329e+01
1.076400933610594413e+00
-4.208164581307944907e+00
7.322709975453261855e+00
-1.116069902939991110e+01
3.990339062398280134e+01
-7.803174786390054685e-02
-1.781859939965318063e+01
-8.893228375952212161e+00
1.163262246643424014e+01
-6.794634496062633033e+00
2.108340747811742411e+00
2.860148706423077769e+01
1.904833142848214678e+01
-1.195521629028890942e+01
9.253538957064989745e+00
-6.390238135138586628e+00
2.605239259701986398e+01
-5.580645635994791576e+00
-1.186563307106872189e+00
-2.186258887903390846e+00
1.366838649644220638e+00
1.458021358538131551e+01
4.185644782334297709e+00
-6.395372130692877022e+00
1.480426423252939649e+01
3.895259507246794151e+00
2.451966499585197568e+01
2.617497719304877890e+01
1.856388478432563005e+01
1.598203622198566265e+01
-2.385251873696246605e+01
7.421241187714016085e+00
-1.520379147462267966e+01
9.719518867277827212e+00
-4.546907218502398429e+00
9.882442487642627782e+00
-4.306867732947931238e+00
-1.202868181974661788e+01
-1.272241855551783729e+01
-4.389020336568733249e+00
-1.224650964624746052e+01
-1.872570734154767536e+01
2.398578595268604374e+01
-4.324550603094350265e+01
2.222449231796413471e+01
1.922814948086553599e+01
-2.774610676314292590e+01
2.328686316396363765e+01
3.017951650080059522e+01
1.722597865767956193e+01
-3.219435445515818373e+01
1.930554502942558415e+01
9.678312446236938982e+00
1.158748583923143588e-01
-5.302752954279441155e+00
3.342069616356796669e+00
4.999901982121031097e+00
7.291498294717804640e+00
-1.447944433635290373e+01
2.877436588926032002e+01
-1.533013016525068650e+01
4.119045262794195916e-01
-9.358613115788728010e+00
-7.831902758757148808e-01
-1.642397202806493794e+01
-8.607844856213514362e+00
1.945392537667664357e+01
1.241748811826654020e+01
-4.578758760923246740e+00
-1.778488982391523976e+01
-2.148555048379593657e+01
-1.599513988372892470e+01
4.581595001922247690e+01
-8.920712638409836970e+00
-9.982952802118612468e+00
6.902161706315510514e+00
1.543165839349888202e+01
8.484154963431724816e-01
-1.673443419493512607e+01
-2.292747767559654815e+00
-2.288593329782140273e+01
-1.428986313568771394e+01
6.219376898358643047e+00
-4.632984074610155822e+00
-2.471764182450679570e+01
-5.866904951182475791e+00
-4.831280491738258576e+00
-1.596243287065453487e+00
-1.211836209431794664e+01
1.337834276904772857e+00
9.237937593304881290e+00
-8.924454175539844769e+00
-6.102322311928521259e+00
2.852829115659237047e+01
3.495779114919894681e-01
9.645980829687820446e+00
7.913651197688573724e+00
5.914602440122577853e+00
-6.348752847867055848e+00
-2.897133914475642502e-01
2.841057465589076347e+00
1.080291847986288545e+01
-6.706526105521033898e+00
7.635826530012611357e+00
1.032651173389190191e+01
-3.271192742383581020e+01
2.095964953682843745e+00
1.548699281980915643e+01
4.106114809917938757e+00
-2.137345794879883343e+01
1.934987237964939055e+01
8.756826563006642417e+00
3.314238407087803751e+01
1.411727905355564872e+01
-4.412045067006368226e-01
2.296422894645918689e+01
-7.740253245635869916e+00
-1.838443789947463158e-01
-1.813497908577067719e+01
-1.033495752849302285e+00
1.039938366834245720e+01
9.077863233097602791e-01
-1.239218804837478416e+01
-9.978254211991357536e+00
5.137773000257783274e+00
1.569949176176629457e+01
-2.634045561766011900e+01
1.435807086084602524e+01
7.059181960169023107e+00
-2.766345483383467307e+00
3.666598110566393842e+00
-2.201328017059829634e+01
2.286314035695791613e+00
-1.371450138502949301e+01
1.736333295132772392e+01
1.954409890593339361e+00
-3.165476266434985675e+01
1.610100571720760243e+01
-1.757743227278786335e+01
-1.674351225884168670e+01
1.478733176818342088e+01
1.775105041780256077e-02
-1.058468457124074469e+01
-2.721776073687355857e-01
3.274769153333365068e+01
2.327264767893843711e+01
-4.446479167659113330e+00
-2.596878354819095591e+01
-1.458856477882261338e+01
3.552925530676569110e+01
2.007990141810813256e+01
6.307346111087372975e+00
6.291678262263381782e+00
-1.831196333249922503e+01
6.940447401484581391e+00
-1.346036897399689636e+01
6.182700999882494663e+00
7.936647954057818311e+00
1.756257506631030552e+01
-5.120878627820276563e+01
2.040838523364474355e+00
-2.587648802074691190e+01
-4.539340644810071268e+00
3.539035888317396683e+00
-1.127090371453148876e+01
1.406312662886439213e+01
-9.427863200864651461e+00
5.782088950164146368e+00
1.442001346213572077e+01
8.772196083755650520e+00
-2.841212892228915265e+01
9.457115913040372135e+00
-5.073725701575251179e+01
4.794768687881462377e+00
9.350263804034691262e+00
2.334448185216663774e+01
-2.119721103829224518e+01
-2.586670950657381951e+01
7.857807657412835489e+00
-2.668689446593171155e+01
2.764742839749327441e+00
-1.737736667253880540e+00
3.970777407902644107e+00
-1.798581833991246626e+01
-2.034044864433847621e+01
1.271990543125540540e+01
2.852698621672437085e+01
-5.971434913488226082e-01
1.130052107217657742e+01
2.331833872349033498e+01
-2.798680990614578423e+00
2.999611064124070303e+00
1.905763613939529577e+01
7.346575882843925598e+00
-1.535993803076406827e+01
9.796865542925978332e+00
4.657295650508693541e+00
-2.186666685955925615e+01
1.161982137905184054e+01
-1.342998630249398317e+01
1.736753365820181472e+01
-2.937389202483101514e+01
-1.498655576808916301e+01
-8.160012016122893286e+00
1.421730255465667980e+01
-1.963881808584443389e+00
-8.421947354581737599e+00
-8.041809575190310255e+00
2.913911380148025421e-01
-1.867428446836526490e+01
-2.081276365039380138e+01
1.288870719441661539e+00
7.641753059122245340e+00
9.284706131418566599e+00
4.575998539624882255e+01
7.255390896855073990e+00
6.182288785105317430e+00
1.139268464732674957e+00
1.959216596254165665e+01
1.666931424688200991e+01
-1.936494196344814256e+01
-1.333498913644535477e+01
8.597275373347823546e+00
-7.198658076432259634e+00
-3.619207335212341725e+00
1.241085143260097290e+01
-2.630379296970150094e+01
1.290957545604622059e+00
1.981490858625113560e+01
-3.332328063551424435e+01
-2.552030017147164642e+01
-1.326502231713690350e+01
7.571121815920999865e+00
3.712697171656778750e+01
6.251000825877023104e+00
-4.800560012278159761e+00
-1.350383578609250890e+01
-1.251522803677298956e+00
-1.718005827303364796e+01
6.356063291319199671e+00
5.310215781849909611e+00
5.712182884465454968e+00
-7.869938472162812948e-01
-2.921080728716179209e+01
4.042231486069383095e+00
1.565610014386000870e+01
8.820617120723145632e+00
6.777831352373880236e+00
1.563445009133931585e+00
2.333949095507440230e+00
-1.175781129647555190e+01
1.005957352519400416e+01
-1.632472594656234066e-01
-2.125376498469615427e+01
2.410035976867202123e+01
-6.612365725736284006e+00
-7.199537635017504433e-01
2.050205643215482354e+01
6.568507230638104488e+00
1.340672242495834787e+01
-1.599999562418059540e+01
-1.876613353310490950e+01
-3.235824676916011811e+01
2.366034418823603325e+00
-1.650293337560707840e+01
3.447853867034650932e+01
2.544260023680957161e+01
-6.248592584168840780e+00
5.013504717194656735e-01
2.493497426086047852e+01
1.636560735509852593e+00
-3.071000263254039631e+00
-1.996182715849993983e+01
-2.776761853423842297e+00
1.663523391928474204e+00
-2.588205003550781669e+01
1.304983344686393210e+01
-2.183856056184814065e+01
1.272119619069924212e+01
-1.233460497033310332e+01
1.243273949768679287e+01
-8.148993499782344330e-01
1.897097485195511268e+01
2.028853448564279205e+01
-6.034388923398378068e+00
8.145415378090664404e+00
-1.526223950894405545e+00
-1.056231802023062327e+00
-1.164113667884569026e+01
-1.855768832212654118e+01
-2.824918402780349069e+01
1.788470019899686392e+01
1.198914689320579718e+01
-1.193983818468511693e+01
1.964726988128708740e+01
-2.732086762380170342e+00
2.032461973582715942e+01
-4.150273854201039114e+01
3.711653265208625818e+00
1.079541194566242623e+01
2.095752155299128727e+00
-2.599348820888763711e+01
-1.916123968803660915e+01
3.542790866381017167e+01
2.060457593700422052e+01
-4.392209434404236168e-01
1.219574218650361086e-01
8.898339088697614585e+00
-1.236840077862764531e+01
5.696958338412191125e+00
1.447920488508835479e+00
-1.912289476335708727e-01
-6.149198234742494051e+00
3.078399901045149889e+01
1.389645713514622472e+01
1.475324437919569753e+01
-1.526419150752704645e+01
-6.543391570079949204e+00
3.876860823396157674e+00
-2.408182895216477704e+01
-1.362492519419583736e+01
-2.589108843564250151e+01
-1.711400294342045214e+01
-1.474733788209859675e+01
6.713696883139298244e+00
-8.097272159661232038e+00
1.433314035958097676e+01
3.409982602363714221e+01
8.634038659548904704e+00
-5.659021075897516795e+00
1.858307017483452483e+01
-2.772808744765892541e+01
1.848307635988857101e+01
1.900463817843793635e+01
-1.989581833387985110e+00
5.843109762135455298e+00
9.575487640518968169e-01
2.777109904146806940e+01
-3.959341199670232925e+01
1.190442199389581290e+01
1.577667193484808905e+01
2.226732340111216235e+00
-1.827498592512102960e+01
2.343887338891697425e+00
1.389038176573178340e+01
2.473366535950565037e+01
-1.255685114011812153e+01
5.267610412566066991e+00
1.233682648430666262e+01
3.244462919803036272e+01
6.532578532814570238e+00
3.237204653588721115e+00
3.015004105305179039e+01
8.967980527594846762e+00
-1.462531613351114146e+01
-1.640838989762482569e+01
1.181613208402902337e+01
-3.509254621255845752e+00
-1.611981876580337314e+01
7.881939150110900627e+00
2.166095532834569326e+01
-1.704481253429226939e+01
-2.834274414932850039e+00
-9.103525756643952249e+00
-1.297029721893380616e+00
-2.946897203492166284e+01
-6.371839951172005856e-01
2.864224194427760750e+01
-8.855104063656245472e+00
3.314468767491526080e+00
6.864971568504719457e+00
-7.590203556875485980e+00
4.432078570092228276e+00
2.754588591464256453e+01
-1.193049951963847910e+01
-1.461306492565396908e+01
-4.352591382005040366e+00
3.654153554918188007e+01
3.037776394271569202e+00
2.512976955049034089e+01
-1.210308653781265775e+01
-1.459197939169343350e+01
3.238548747446034781e+01
1.975718270255309861e+01
-3.582012212728884482e-01
1.706801656171965931e+01
2.975819454730957503e+01
4.754704386972291985e+01
1.094405225932592884e+01
2.920555105273858132e+01
-1.215568523022095615e+00
-7.169371761364280893e+00
-2.545500973185962224e+01
8.379944198772889763e+00
-6.738162691948327065e+00
-1.850544694411475533e+01
-4.601170528476027144e+00
2.049001355806536750e+01
-1.019350649371936335e+01
1.084544072258175618e+01
-1.264259556957870601e+01
-1.289744400736806185e+01
-2.737660854043148362e+01
-4.073434541690014044e+01
6.758642815908904922e+00
-4.287135294545930009e+00
-1.862379769129056006e+00
3.357916498487982437e+01
-2.876002121983693538e+00
2.856152315764314409e+01
-1.487083806775673800e+01
1.801612145377840690e+01
6.811781156812715565e+00
-1.019366456398114096e+01
8.528522108542793134e+00
-4.141658331605889920e+00
6.496017000879994008e+00
5.313508701174857407e+00
1.668830048897696372e+01
-2.481562736337340880e+01
7.454390812205923922e+00
1.722074451308399645e+01
-7.016377684036113394e+00
4.804179534372460481e+00
8.629440471658638145e+00
-7.124840496639871290e+00
2.716233427961553915e+01
7.451121352288796906e+00
-2.510796168209817836e+01
1.795616383358451174e+01
1.717143949679682891e+01
-7.463185977192005716e+00
-7.566170049117152629e+00
-1.381496764954036571e+01
1.032909192134744458e+01
7.293021608947612755e+00
8.289047234432656452e+00
4.657096811074006304e+00
-1.369166384128141267e+01
-2.392487552381567895e+01
-1.897585609119813110e+00
2.085549889707351667e+01
-1.992791735579169199e+01
-2.515769384374779349e+01
2.085662397789979039e+01
-2.061880279519089143e+00
-6.396608939705295427e+00
2.837027447113380418e+01
-2.685407129467957787e+00
-2.956225670101526148e+00
1.885192783314088416e+01
1.073654425329247175e+01
2.201884175332835625e+01
-2.331287357470572630e+01
-5.111971717541517357e+00
7.532533664301549692e+00
2.820206702173708635e+01
-1.910775722078050975e+01
2.320472252734427343e+01
-5.386676038981695669e+00
8.282246608868076621e+00
2.237212593853784526e+01
-2.571969307787313141e+01
-8.577827027453237108e+00
1.343617145369153043e+01
2.216960764149274610e+01
1.481103450241314512e+01
-3.400550535408787312e+01
1.931437644047298363e+01
-1.937033362638546663e+01
-2.242234249905619592e+01
-1.835944226319764283e+01
-1.785939248685732395e+01
1.827820778187832396e+00
-8.536817289814971232e+00
-2.909649112703238671e+01
-2.185281883553926274e+00
-3.256974030066397319e+01
-1.694319892189389876e+01
1.134286578338239870e+01
-2.220235241241865509e+01
-2.750026475651181457e+01
-2.972578015426731390e+00
-3.050676245694659627e+01
4.034748117612456753e+01
1.417006775001765106e+01
1.208294809298704919e+01
1.237155908833051043e+00
5.471786731296689688e+00
1.207788086798564109e+01
2.394789072498679872e+01
-1.000242162725915662e+01
-3.433950449209387301e+01
-2.063858197412054007e+00
-1.764246277306910571e+01
-9.685780386266772624e+00
2.536578663500251452e+01
5.924842131331743644e+00
-1.353626328061607609e+01
2.720184462741198850e+00
-1.497051034386608359e-01
-2.017383711360453447e+01
1.574764373961947506e+01
-2.649096030215291719e+01
2.034071204381423570e+01
-3.039776367779717603e+00
-1.118070901593051580e+01
-2.300376555448314875e+01
-2.066792243524739447e+00
1.919932432164738501e+01
-5.267532578618848049e+00
5.121573684077364019e-01
-1.952924441730354488e+01
3.571704096729164668e+00
-9.933498161510335933e+00
-6.695865229682450348e+00
1.189347226225118703e+01
4.857370621692338020e+00
-3.454431886685209285e+00
1.050757423080371744e+01
2.931494815523733877e+01
1.684761822156690059e+01
-7.597651503970103803e+00
-1.497251157942002386e+01
1.818083612416331762e+00
1.753988826841958115e+01
1.142930614385666033e+01
1.549999927301590574e+01
-1.376550846977261600e+00
-2.030065959607744830e+01
2.407663735191533760e+01
1.312722226410980753e+01
-1.487662201908122039e+00
-1.395100339272640255e+01
-4.678879612965110013e+00
3.089893784563072288e+01
-2.381219065147792691e+00
5.662194960620567485e+00
-2.467015047180177234e+01
-9.860337289196814403e-01
-5.557263214511689142e+00
-1.929294831910791785e+01
-8.446946680392191098e+00
-7.933659749415026496e+00
-1.448449111710477588e+01
-2.011215523159636476e+01
5.888462045750732621e+00
-2.067476098523463079e+01
-4.562659342583983602e+01
1.388035301873860838e+01
8.693370267318549338e+00
7.795359231125996935e+00
1.156034051075981672e+01
-7.043582317388473513e+00
-3.537453794197971746e+01
3.332395735399415138e+00
-4.120036648697290360e+01
-3.910815624609446317e+00
-8.486379633118426469e+00
-1.214301879630583869e+01
2.908150508518266264e+01
9.596621069494453593e+00
-6.326078339583815158e+00
1.572612858950819614e+01
-2.036003306824861880e+01
3.104270054855603433e+01
7.128897830864116436e+00
3.564686103991286714e+00
-3.483568730262883495e+00
7.755246722833398998e+00
1.295638427686940553e+01
2.424020651993866693e+01
-7.107083191496149643e-01
-1.240010209046781853e+01
-1.957761779725176865e+01
2.582474515843471607e+01
1.065093489563752271e+01
-9.680013390256544170e+00
-1.501583940659499028e+01
1.692224662554084658e+00
1.277965899328316013e+01
8.575963522743215606e+00
6.151701761837885307e+00
6.196638715044041845e+00
-9.192769749841271931e+00
-3.479502581375899695e+01
-6.063350350150738421e+00
2.071840994698134431e+00
1.254669838519986413e+01
6.382847065827618183e-01
1.388724487782074135e+01
-7.525606610639720806e+00
1.715876860709746410e+01
5.008796719145000509e+01
2.452555620151581550e+01
9.497369528234040459e+00
4.093425435889182040e+01
-5.698551096861377729e+00
-1.641507114184273064e+01
1.852894247172824649e+01
1.362980643061011676e+01
-1.560293773215506441e+01
-1.085862524667912332e+01
4.943991135784949087e+00
-2.218031990739886794e+01
-1.354804960873609510e+01
-6.113352034534667023e-01
1.624771229734368561e+01
1.437667064542941731e+01
1.638834770300332977e+01
7.995278614906482950e+00
1.645526685523594068e+01
-1.192542250020673045e+01
-5.099799568565124730e+00
-3.124089692141303587e+01
-3.374108613854021144e+01
-1.050964317223804834e+01
-2.811250778839863074e+01
-1.160934127639342606e+01
1.694665553855435647e+01
-1.350965943701114824e+01
6.043258297486840291e+00
-4.078499595041742865e+00
-2.146018567512068032e+01
1.604811327896092266e+01
6.877088387136719660e+00
-1.161646060920051404e+01
8.031807085892413767e+00
1.764770720792238379e+01
4.752899358465892732e+00
1.810090829467159779e+01
1.761515080432213765e+01
3.159561428599167776e+00
2.351443132992572060e+01
1.547014408458179613e+00
1.978281354582034623e+01
-1.176877397547195869e+01
-4.340018051674726429e+00
5.856846708176693284e+00
-5.304659382210265006e-01
5.303212398243550396e+00
-2.497794257153375597e+01
1.489946480368383241e+01
2.542245056718871510e+01
-9.171415874339192698e+00
1.378836770484787522e+01
-8.972613957510175098e+00
-1.365008119095830974e+00
-2.145046136094251210e+01
-1.096974444880407162e+01
-1.747878185467977374e+01
4.043006383887893662e+01
-6.502501632693106437e+00
-3.200336635020072862e+01
-7.698696259120542784e+00
-4.116596852152792962e+01
4.448492027844169527e+00
3.806424119763197389e+00
1.296141675661456993e+01
2.786538067621616932e+00
2.993120614568353943e+01
6.359428089853336630e+00
1.232972987073975091e+01
-1.033694752543640227e+01
8.215809005518549313e+00
1.831674280765559937e+00
-4.195372220192471957e+01
-1.399972427791739804e+01
-1.704974889726276999e+01
-1.467562533318680629e+01
7.361923170595042976e+00
1.060214584761930645e+01
-4.776481357566374264e+00
3.197831537396009693e+01
-4.540036738689013696e+00
1.284301970959421269e+01
3.143177071754366736e+01
2.843446757399301106e+01
7.925611701592204739e+00
1.165521661305391632e+01
8.309464478163741674e+00
-2.011565153680166418e+01
-1.717601619900779042e+01
-4.507247960330648340e+00
-1.043494629674214247e+00
-1.310631345111795731e+01
1.700904615670302888e+01
-9.050590926992255092e+00
-1.780112442564690411e+01
1.609812606257334267e+01
-2.072639726299238561e+01
-3.824283093957760560e+00
-1.407375698154838872e+01
4.819578826606059074e+00
-3.001228325149012832e+01
1.094536155181335069e+00
-7.705361815179829321e+00
-1.331845053015188718e+01
-3.068860073052271709e+00
4.355816958304219000e+00
-2.951378846983060455e+01
-2.887053033944102509e+01
1.144177883299805920e+01
5.205980677317177729e+00
2.681680179772534700e+01
-3.753274049595216866e+01
4.468982081191969513e+01
1.993671151017175092e+01
-1.828855393605155655e+01
2.216402483600717588e+01
-5.425682902966993959e-01
-2.291771447684222096e+01
-1.926112114584239876e+01
-1.676541165848981407e+01
-1.364527900602405985e+01
2.162653193071710334e+00
-2.515008125772057568e+00
-6.823194350673682962e+00
3.143649196030921900e+01
3.712607707822033376e+01
7.922125365834542521e+00
-2.276446623463989027e+01
-2.579594342246283745e+01
-8.804897054439765114e+00
-5.435835171795064369e+00
2.355003874125675800e+00
-1.464388033177560899e+01
-1.985869222365486308e+01
-2.047275210977331028e+01
-1.774588569554762785e+01
8.427989121996716904e+00
1.158641566001227119e+01
-2.048025596986679986e+01
1.127761361868732104e+00
1.009524772975792217e+01
1.170464574394897639e+01
1.425527539201303373e+00
-1.577358108637327172e+00
2.847624941902880025e+01
-2.514994929073201035e+01
1.271093604575679770e+01
1.058415881702027050e+00
1.437139466515142061e+01
2.166185910509850743e+01
-2.911170617744674516e+01
5.553505062802208236e+00
6.097512166955525004e+00
9.515592513668165608e+00
2.593708616863840355e+00
1.930072236531539431e+01
-5.214617564415115147e+00
1.323920004071404044e+01
-2.316855226860137051e+01
-1.115278641425006434e+01
-1.307517457157905838e+01
1.236924787766432310e+01
1.345091362457723605e+01
7.517508244280244334e+00
-6.356142930944374214e+00
-2.466908361192192256e+00
1.336244769610915561e+01
-2.209390951047486595e+01
-3.339594158845836347e+01
-2.539584898133909974e+01
1.801504686205578665e+01
-2.538396554180458509e+01
-1.433874374858446643e+01
-8.741495075349124733e+00
6.163734584876043865e-01
1.919781538716638991e+01
-1.159429176773070003e+00
