-3.594707467936851941e+01
-5.396791778846989907e+00
2.307435698501990373e+01
1.288700842573143568e+01
3.682037510145735837e+01
-2.221495477558669052e+01
2.716217989526488807e+01
-2.280801161449847214e+01
-1.593236628018445344e+01
-7.924680313337281845e+00
2.868669435553577074e+01
3.537439707042052461e+00
4.904592867286479674e+01
2.075605570382224485e+01
-1.947960551979381094e+01
1.332940857285099767e+01
3.142865941500157234e+01
2.272601158706921254e+00
-3.734104298982823700e+00
3.862460259559193076e+01
7.533498762451618980e+00
6.046851109889473719e+00
8.667977174585329792e+00
2.037842703174531422e+01
-2.362114305720757912e+01
-6.213420458458328000e+01
1.333768749208876869e+01
1.379386362452084036e+01
-5.110090613079802324e+01
3.172634615428371418e+01
-2.006528838003213622e+01
4.159798435759651625e+01
3.811873044532770649e+01
-4.406970035978118538e+00
-4.350395431149651415e+01
-1.437008413530715067e+01
-2.880678843711013926e+01
1.192150833127306520e+01
1.522773850669969953e+01
-1.183856774451597893e+01
8.990599815021871777e+00
2.987288574125880558e+01
-1.284351529130570135e+01
-8.101471239301240246e+00
-8.910026004698185176e+00
-2.007423202411976604e+01
-2.001834032433935207e+01
1.727548852665756840e+01
1.430695107022332380e+01
1.736031891875499511e+01
-4.056162478916009917e+01
-3.565702058899971405e+01
1.602698569635797909e+01
-2.474189275611449546e+01
-3.956698829313612009e+01
6.873291609127736734e+00
-1.946082726887661707e+01
-2.994989222354396219e+01
4.280607316803545359e+01
-3.673815147784931234e+00
1.441448043037049764e+01
1.212202756670305348e+01
1.216799744083806090e+01
-2.010562104444443676e+01
-1.870381189931773491e+01
1.116554284336077707e+01
5.023676079907628989e+00
5.406026525032041263e+01
2.777593360184404148e+01
3.882456608330206649e+01
-8.726584110445372744e+00
1.829149767754191913e+01
-3.158779157139827376e+01
-1.111411198007989043e+01
1.444098545855039717e+01
1.388557044093780846e+01
-6.032116776683524861e+00
-2.040555315634887990e+01
1.683506384473141182e+01
-2.692445914511210958e+01
2.076157476862109608e+00
3.398726233622451964e+00
8.337414942349075986e+00
1.310758493089837629e+01
-1.390669238422016463e+01
3.598986607709703378e+01
-4.126207840863175846e+01
1.334856670500064091e+01
2.963967566766558903e+01
-4.838092096587298840e+01
-1.039344635079722523e-01
-1.675190453791744361e+01
7.062134176874548075e+01
-3.868338009038173908e+01
2.466154315765245997e+01
6.227384063068281961e+00
4.591207950848787078e+00
1.202438109303325220e+01
2.389251802184827156e+01
-3.216320498619671397e-01
1.396514472849131927e+01
-2.409351266061459285e+01
1.861726271829446588e+01
7.550760821617935825e+00
-2.967452254009215551e+01
-6.005796867153639695e+00
6.065651471219069890e+01
-9.668832728787077002e+00
-2.591220697221806901e+01
3.236908677035629722e+01
-1.524204860736423051e+01
-3.130395598145718594e+01
-1.005085471600442304e+01
2.217508027580489038e+00
3.916969742321782633e+01
-2.951925927051052767e+01
3.323915828242819970e+01
-1.897015761970492820e+00
-2.338617618803384701e-02
-1.877627498410883389e+00
3.335210983253365669e+01
4.054342179681503211e+01
-3.068872411102108444e+01
1.322935302906310007e+01
-1.456410480723992507e+01
-2.712604382958704008e+01
-3.517382954931668593e+01
1.553314233003707479e+01
4.113571811681266865e+01
1.448627748471969401e+00
-1.303570429378860496e+01
2.495561120819092693e+01
-3.104127391926240431e+00
-1.927116658519506309e+00
2.366511602325531261e+00
2.313565755341212693e+01
-1.458620418239365790e+01
6.249350153686574316e+00
-2.705447736579318807e+00
1.519029107122052480e+01
-3.247018381167681156e+00
-3.629218010500424807e+00
1.011258443614508806e+01
-7.400585809514996782e+00
-9.065469090466221402e+00
1.048867301358048509e+00
3.041373304352239515e+00
2.814576792876175659e+01
2.430489040817390034e+01
-9.501852052189484255e+00
1.041360395195075661e+01
-2.473677901982655580e+00
1.062254963501049865e+01
-4.346218308816868436e+00
-1.194871088390916469e+01
1.403455296501388005e+00
1.801610365376708245e+01
5.996803259441006162e+01
2.546098406508958689e+01
-6.570666630264236474e+00
-1.572418621462529131e+01
9.865799049626380324e+00
9.428120288986269415e+00
1.312632811940175870e+01
3.778044828754853768e+01
-3.356550701576257456e+00
1.347863926561200021e+00
5.618125849441850050e+01
1.827302946244636672e+01
-3.100114539577666051e+01
1.494609932328822488e+01
-2.228619460098420291e+01
-3.495115653207980699e+01
-1.362253140126813022e+01
7.542055425757607345e+00
6.517789555613442865e+00
1.739984890993574851e+01
1.136095624833420281e+01
5.760112890209762249e+00
-3.169217686041154280e+01
1.760495482553647761e+01
3.634943128656463784e+01
7.361864456867680540e-01
2.202951489479125868e+01
2.121343663165459859e+01
6.406345809382528955e+00
-3.550648304378931641e+00
-1.051458831562103313e+01
-7.663123256116529092e+01
1.989701330397635459e+01
8.686109379391698582e+00
-5.879381413739219653e+01
-2.185385892092434901e+01
-2.046594369459133311e+00
-1.413972959315605138e+01
6.473161049871182904e+00
4.037977154709476224e+01
1.138976641989412286e+01
-3.941057837597989888e+00
-1.744360949544669026e+01
1.088586402199780956e+01
1.061956274632679254e+01
2.046298046735822851e+01
-8.753598916597567836e+00
1.587506263414829277e+01
9.095308319631493887e+00
8.487566816139660020e+00
4.147980727781605026e+01
5.329367487104700096e+00
2.875524681023875040e+00
2.313142109276295955e+01
-1.636700588123206401e+00
5.509226757861881651e+00
2.140485598557773272e+01
2.474109144400119931e+01
-8.281894683700055992e+00
2.527400589123104169e+01
-1.528950165611447787e+01
3.907562076917332661e+01
-1.218883734078710468e+01
-2.983094008490273907e+01
3.986668280640182616e+01
3.744998980680489353e+01
2.736500493951187352e+01
-9.367206083071938139e+00
-4.275953083321510206e+01
-2.647871888499646431e+01
3.582788369010486207e+01
3.437703624652496615e+01
5.769062448883083505e+00
2.162558247337990736e+01
3.788981592570300450e+01
2.387059259122154131e+01
-1.308581008277277924e+01
2.361325387192042413e+01
-1.412677448434234861e+01
1.614704589911244170e+01
2.975306248644544738e+00
-1.199762298254622106e+00
-1.884454779728511653e+01
-2.069592378742180472e+01
-1.881507903939014881e+01
-1.109732014084636731e+01
-6.130010297740403047e+01
-1.138332546416283542e+01
-1.200718157343722936e+01
8.652946216611377750e+00
3.135228825452148271e+01
3.907930935989721632e+00
3.190027785071605493e+01
-1.340775475725869725e+01
3.788508738356987493e+01
1.302019095722261888e+01
2.704895726434173042e+01
-2.069813595766527214e+01
1.057568720765699766e+01
-3.200123030569069016e+01
2.889702655052824554e+01
5.408009220914381743e+00
-4.137392748338526616e+01
1.966927385977847109e+01
-2.708718412364077111e+01
3.702672340135567453e+01
-6.457786679759300341e+01
8.770234024572372000e-01
-2.278401925483521495e+01
-9.981396542915026870e+00
-3.252844437651269516e+01
-9.113431724105097942e+00
-1.863114862119894610e+01
-3.073879337916681109e+01
6.347748783272748163e+00
1.867004702180633302e+01
3.573896251428856807e+00
-2.158511511093262314e+01
1.414649324782484063e+00
-1.897441241436979453e+01
-1.436332980202048226e+01
-1.603586060582477657e+01
6.389823583621363490e+00
2.367946886257880834e+01
4.062796273394436497e+00
-7.961124323969539951e+00
8.135234590911579744e+00
5.767153222428420989e+00
-1.820350400481816422e+01
-1.174558086058940987e+01
-6.064312482623037681e+01
1.800821672773044724e-01
-6.147380306310290088e+00
5.880136477769912773e+00
1.021963531530257541e+01
-1.439274573912661559e+01
2.295328760626887288e+00
4.089527995192015197e+01
3.209901270951373675e+01
-3.245807328879615739e+01
-1.321437137585829724e+01
4.494386553775103721e+01
6.356342187326198001e+01
-2.683431411137411970e+01
-1.855172627615806746e+01
5.609675074365494396e+00
1.758439660673716176e+01
3.467931478189255756e+01
-1.821902145388583705e+01
7.280589034835649009e+00
-1.545412159289455545e+01
7.646283935926301289e+00
9.491750976546077467e+00
3.550873847027114749e+01
2.380576807887629087e+01
1.113775360581244556e+01
-2.028395735714310533e+01
-9.950701168577580802e+00
-9.631801352842551012e+00
1.862311858664449371e-01
-2.197267375788833377e+01
-1.777713634904912610e+01
-5.898345614088007949e+00
-7.173954133124012422e+00
-2.716144846007250369e+00
-9.931193569224987527e-01
9.175657138088324061e+00
-2.345125226787801154e+01
-3.556086782802008628e+01
2.362805994314292235e+01
3.671174635111721329e+01
2.827351044961987725e+01
-4.994849307269579697e+01
-1.109350170178741557e+01
-2.083021540813229677e+01
1.478967823809681192e+01
3.495135708229325644e+01
-1.379798774515960114e+00
-2.571920440825511633e+01
5.024772750833196966e+00
-3.068841952616502411e+01
-6.758685767613479278e+00
3.683059681623618076e+00
-1.995864058999339719e+00
-3.548245219123198524e+01
-2.224880431386878499e+01
1.819083626058485947e+01
-1.894041494599447617e+01
-3.778322011101497679e+01
-7.793768957930923946e+00
1.308969861068512941e+01
-2.357996746446922742e+01
2.780705093944894202e+01
9.066242771138744772e+00
-3.792421310073416407e+01
5.237897857585716110e+01
-7.082288548744919865e+00
-3.813638098327208326e+01
1.023269389917424554e+01
-1.886965839315698723e+00
-3.177825959957835122e-01
-3.022416328851674994e+00
-1.572317025363047982e+01
3.765074948079204376e+01
5.053528455025089627e+00
-5.349938414754284111e+00
3.541560392673459035e+01
2.546202393238481321e+01
-4.308073447566813030e+01
2.788760765055856794e+01
5.148821196678067480e+00
-1.930814211083964338e+01
3.014426739828723001e+01
4.175396574572659603e+01
2.196302935442015425e+01
1.397109647025290258e+01
5.713924629975145386e+00
-3.561290434825195206e+01
1.001110809213138282e+02
2.289911185429926022e+01
2.205794815367696948e+00
2.091213712775597600e+01
1.709555029760692513e+00
7.414185913265110450e+00
-5.818399971055726638e+01
-4.156096128448513127e+01
-8.495106084852745099e+00
3.500855627570487627e+01
5.827947506600054339e+01
-1.828257427614491948e-01
-6.087983201184066218e-02
6.191439307465126518e+01
1.477777331248153203e+01
-2.181260890430849742e+01
-4.812275923368422248e+00
-4.214863072403067790e+00
-1.720153402053326630e+01
2.337266156448744425e+01
-1.529627754851674482e+01
1.966933721049904493e+00
4.577799776022929734e+01
1.751190835330491424e+01
-2.281590689788587412e+01
8.492270058506925068e+00
1.027343985814179206e+01
-3.915109878172739855e+01
1.908527885418692804e+01
-1.111403445246900379e+00
-7.843405427818671782e+00
-4.825791716003498877e+00
-1.887150043963664103e+01
-1.766159002549374435e+01
-1.616208408476047609e+01
-1.591552499670950738e+01
-2.846618535299797159e+01
-1.005551497661447868e+01
4.559162623548675697e+01
-4.719989583771853958e+00
-8.006337349964266537e+01
-8.406407607462504927e+00
2.514578113416122207e+01
-7.903370199137093266e+01
1.360648038167711960e+01
1.002851914178206094e+01
-2.504847946866636832e+01
5.989418727020504818e+00
-2.791078005734637379e-01
-9.299637492004511063e-01
-5.711053915533036474e+01
-2.391663352281171839e+01
-2.404479837348144500e+01
-1.160077112689608647e+01
4.741737565382238984e+01
-1.506915082352897173e+01
-2.253056277033332222e+01
3.672966857897193194e+01
-1.879480881805580950e+01
-1.358580850412004715e+01
4.693811310117586544e+01
-5.092173194348962539e+01
6.448142970419223730e+01
2.715882911951086243e+01
-2.108729765859737526e+01
2.834879488174471263e+01
-1.159756607389901895e+01
-5.029792871848306923e+00
4.341611568945541677e+01
-4.043931531987833949e+01
2.492011892440783694e+00
3.478118257561074245e+01
-5.424553908996835538e+00
-3.917152907224723535e+00
-1.086812852946005137e+01
3.243160142133234558e+01
2.597531656623075591e+01
-1.618566467227150474e-01
3.893786641574008200e+01
-3.301434508734451612e+01
4.548172610654342662e+01
-5.849194851321709621e+01
5.690513185081012892e+00
-1.753815327661817847e+01
-1.885139245740343195e-01
-3.243038121283565545e+01
1.227690047412102992e+01
-1.569432726824986357e+00
6.625010078545447101e+00
-1.182567701866306997e+00
-4.117012838324480128e+01
1.707693409109172222e+00
-5.712286780881809278e+01
3.884073747705869550e+00
-2.478573990923310433e+01
-3.434623014560259691e+01
1.572994131279142138e+01
-2.584927133782187880e+01
2.267349187504334651e+01
1.709951714450514970e+01
-7.025033643304830377e+00
-1.455369539842732252e+01
-1.003803746217025950e+00
-3.251696381373001543e+01
6.136000116459063491e+01
-8.398848623291673476e+00
-1.571186378606483558e+01
-1.195713944844313836e+01
1.022299281646143854e+01
3.484904555424082417e+01
-1.523686283502606109e+01
-2.720920829636546756e+01
4.837822592723147963e+00
-6.768523973711543462e+00
1.864212007919377001e+01
4.424726150425274618e+00
-4.313248874191469184e+01
5.962232312887785213e+00
-3.262319541354202102e+01
1.678459317575682519e+01
6.848516347355312561e+00
-3.555071222967662870e-01
5.138108393529042139e+00
7.815125384541999232e+00
3.543372417107597272e+01
2.656538736463899752e+01
1.070461443916027910e+01
-1.525120090777996573e+01
-8.531478010153239477e-01
-1.430832849803119267e+01
1.392266989527579391e+01
-8.524935516288612902e+00
-1.295574442779146196e+01
-1.996354762935392202e+01
-1.865686777587884482e+00
-8.193343212808446019e-01
2.530084617995192175e+01
-2.158996944264506013e+01
-4.751470912044988282e+00
-3.442746577645654504e-01
-2.309112661709304959e+01
-1.107508052027653811e+01
-3.719852914643181663e+01
-3.382087493392428090e+00
2.526082196784779299e+01
-1.489169352181555617e+01
-6.628101000894615069e-01
-3.397861043627654176e+00
-3.369014554888030233e+01
7.082437583389785907e+00
-3.752879009914287689e+00
2.876049249773947025e+01
-4.952057440069943794e+01
1.434742724704456407e+01
-3.768801048269082798e+01
1.214000433687729696e+01
-5.919383364397386771e+01
-3.713109411387632974e+01
4.760128429599831179e+00
2.522141961993375148e+00
4.467666094657297293e+01
1.596902325994773442e+01
-1.682981081598978790e+01
-8.490189117710364997e+00
-5.704120883048469537e+00
1.351922629314448088e+01
-1.743944394346471682e+01
2.424712903217421456e+01
7.061583673566677533e+01
-7.242361283323051957e+00
-2.305450759093815449e+01
1.925905380064380168e+01
-2.005628484189884020e+01
1.895218477000316071e+01
1.449949604417133742e+01
-2.349873187919978434e+01
-3.181561074137929657e-01
-1.871214391907366448e+01
-6.109075176251360517e+01
1.240500841123300546e+01
-2.201842870542209951e+00
2.856642317504546469e+01
-2.797321393755837349e+01
1.312586010489544108e+01
-8.807651466887428171e+00
-1.179235273504781567e+01
2.161282007069820565e+01
-2.136436387925558478e+01
1.123749478739290630e+01
-2.224637996495907188e+01
-4.698576357366579259e+01
1.782779559796589552e+01
-4.522378576602970490e+00
-6.426789775014518113e+01
3.985589173660572726e+01
-5.199521459535541013e+00
3.170170408205609647e+01
-8.235747448745101451e+00
1.516803096790800787e+01
1.093867321272870008e+00
-2.397474015634950817e+01
3.148078802237680307e+01
3.130671033949404958e+01
3.606448421126642323e+00
-7.144468940358603248e+00
1.050559532910645544e+01
-2.081089990857435623e+00
-5.062991617846757109e-01
2.536848332599686273e+01
-5.268213403236602588e+00
2.741003864405211488e+01
-1.114445020269538311e+01
-1.602361216638713337e+00
3.030343692705262271e+01
2.132926659298167493e+01
5.890875080656610585e+00
2.312495678261972998e+01
-5.768008826257165822e+01
1.348184331608181630e+01
-2.619306599840225402e-01
-1.185886537060543233e+01
-2.345700734902494133e+01
2.257917960595067797e+01
3.016852775695107169e+01
-2.026866669217645622e+01
1.660301581990426101e+01
7.861900626261442149e+00
-1.198091762289883455e+00
-1.467190815801376003e+00
6.380842194738697515e+00
2.192376676302762561e+00
2.121684944681711471e+01
3.013002140517333061e+00
-1.608427357613512498e+01
2.087274437428821727e+01
3.277754631707264110e+01
4.355584288147601058e+01
-3.688252858128954870e+00
1.846081067359233074e+01
-1.190974029372154597e+01
5.111740473995293144e+01
1.014239492080667127e+01
3.579168052526411792e+00
-3.852960516413567849e+00
-4.144620997267299600e+01
-3.438260798430949450e+00
1.023199218519851783e+01
1.246808362078083121e+01
-6.612537866047045743e-01
-1.641154419907321582e+01
-1.036234401199522992e+01
-1.657432571922452524e+01
1.759103008725860207e+01
1.482746536035489004e+00
-5.827373918603331759e+01
-7.298053159042764193e+00
1.987583447888766486e+01
-1.019526629771630688e+01
-3.140344599309882767e+01
-5.631425016416703677e+00
2.374529279759299616e+00
2.157669412151494726e+01
-3.078063229707874626e+01
-2.791846852591081785e+01
-4.044690674951399778e+00
9.174244015454830148e+00
-1.555243711668361328e+01
-2.440519518527331400e+00
1.443429744161316286e+01
-2.475755544492789006e+00
-7.377780156774063514e+00
4.744554718672965521e+01
-3.320050272000787572e+01
-1.075980192773160660e+01
5.925291685068724945e+01
-1.536331362941609591e+01
1.929021023619147712e+01
-2.302766850691158140e+01
-5.809935761838235635e+01
2.005508201578095751e+01
3.784136227075360637e+01
-9.325937860738498841e+00
2.337277639284690522e+01
-3.669354935393618433e+01
-2.471609039258306240e+01
-2.295470117958389267e+01
-6.195616865548459806e+00
1.705346144128229113e+01
-6.736838040823010942e+01
2.264615798274855507e+01
-8.541169973753335398e+01
4.802404053997355504e+01
-4.395528330868880573e+01
-1.142837436978656562e+01
-9.727978359639831041e+00
1.459272164734636057e+01
2.948697222268344476e+01
-2.517524691731399500e+01
-5.486790103592946721e+00
1.659694585173819092e+01
-1.857214633370987400e+01
-2.530811520299564776e+01
-3.197252727474510614e+00
-3.063587369087545920e-01
6.451480833832813744e+01
1.745698018340408808e+01
2.579068334855455547e+01
-3.193040220847488619e+00
-7.351714332157990306e+00
-2.979239075632933442e-01
-4.907479070542294153e+01
8.175754311776788796e+00
-2.120790677828379955e+01
-3.154114612977145171e+01
9.732431704629876279e+00
-1.692691900686158135e+01
-2.997345193609019631e+01
-9.417298984632047620e+00
-2.999787662882701511e+01
-2.038288317340886380e+01
8.757399161806009857e-01
-2.234652694313089771e+00
-1.810456141477931169e+01
2.710408987000270287e+01
3.233256052289111437e+01
-4.012367161619746980e+01
1.380405226216739578e+01
9.898200442351654971e+00
1.783217296913355554e+01
1.719694902850371676e+01
1.900659624835719796e+01
3.071143111347867105e-01
1.568933311437095135e+00
4.657271685720690613e+01
-3.099773452356025416e+00
-3.120385990836926915e+00
-2.397374091898765602e+00
-2.036015178312888096e+01
1.325355053200735789e+01
-2.611247003089926011e+01
6.226595062838964800e+00
1.943348264186551333e+01
1.034615237008276445e+01
1.953238828976036245e+01
2.414211156718733431e+00
2.514942560491178014e+01
8.444307852471656162e+00
-9.416047253659032279e-01
2.971861297923112133e+01
-2.600020022761653848e+01
-5.136003920885356955e+00
3.012469473811257847e-01
1.616377975288875746e+01
3.120860847259753257e+01
-1.309725381012539636e+01
-1.989702338434140927e+01
-1.208119184172769245e+01
-9.954613352324759745e+00
-1.251482032658564947e+01
-2.388649581149068268e+01
4.650267238673846037e+01
-1.298812090999052948e+01
1.367137279107768677e+01
-8.175845562327836547e+00
-2.767870588710188073e+01
-5.211564365862495940e+00
1.648635954971036455e+01
3.497691626209494586e+01
-8.956612839999412046e+00
-9.736301383786562624e+00
1.444545085042920185e+01
-6.202001630994816850e+01
-2.843792479575557408e+01
-3.438338553332763325e+01
5.611312062598818429e+00
-1.963423744958167205e+01
-1.728488102671872895e+01
-1.055950523120585238e+01
-4.388165150612167764e+01
1.091286229771621485e+01
-2.173146934545885856e+01
-1.718556748293626590e+00
-1.518882035007243303e+01
-2.360291529947495448e+01
-7.826414726515232623e+00
1.932687038587711825e+01
-1.021647131975776723e+01
-2.956089916778395832e+01
-2.374656949532112549e+01
-3.121428565229426244e+00
3.623875098026229580e+01
1.357298419731591110e+01
2.039934423206470271e+01
9.379957915180803241e+00
-2.308910235220030316e+01
2.581985887023947157e+00
9.558918464476095167e+00
-2.527776971369253900e+01
3.931072045343834276e+01
-1.997311865047531398e+01
-2.173535286649167020e+01
1.775571884953224000e+01
6.459781233339320750e+00
1.826639053772531440e+01
3.181719248840574821e+01
5.034768816613033948e+01
-2.187718327133686103e+01
-5.488380404365371668e+00
7.889132097780845676e+00
1.468443319078351905e+01
3.130568438656837316e+01
-3.486593124629347784e+00
9.452646154134917822e+00
5.320902296311562196e+00
2.691083390733637160e+01
-7.318875103964140649e+00
1.663494429306766165e+01
9.614255919430000574e+00
-2.361029536628619141e+01
7.408948850578568113e+01
7.818107359820873015e+00
-4.470523996057562677e+00
3.957049799997993489e+01
8.365420861066787950e+00
-2.223107239482800424e+01
-4.609336581226563823e+01
-3.178787025862646232e+01
2.400507769268527980e+01
2.990716931471633089e+01
4.127896426257007079e+01
3.631913792977704247e+01
3.164231656628741618e+01
-2.261096705864780176e+00
-2.936776121620500035e+01
-4.493169758440357242e+01
-3.380545294265059653e+01
-4.109337464997828704e+01
-7.018897096916499834e+01
2.464779327341089399e+01
-1.844916149480954459e+01
3.337994745369075478e+00
-3.010640484879147394e+01
3.376711056434010061e+01
2.379257368898128178e+01
-2.345789933413028550e+00
2.604560841613984223e+01
-1.459683962787630307e+01
-1.117716679663694634e+01
2.500050177413464070e+01
-4.184048669287630418e+01
-3.675247879962157782e+01
1.145749873977224809e+01
2.098125981565543441e+01
-1.698497788534123032e+01
-3.919064126996956077e+01
-6.180744830881494067e+00
-3.285249101949638373e+01
1.251575225369530742e+01
3.973206330998957725e+01
-2.668304295830154871e+01
-3.129907110424940342e+01
-4.386847237012496237e+00
-2.431040957790497004e+01
5.779223801131974092e+00
1.453389850937303773e+00
-1.030335337229236004e+01
-2.733873245827820142e+01
3.469936021937476056e+01
-1.920457536463029768e+01
-3.133796514429869617e+00
1.581956698577315379e+01
2.520258078936719315e+01
-3.996727368985092710e+01
-4.118611374780120826e+01
-1.798380332451429142e+00
1.834624231274517570e-02
-2.098993564050263316e+01
4.375875036603232182e+00
1.884883986021115732e+00
-1.044666533602291381e+01
1.328067373331082912e+01
-1.440732253766610249e+01
-2.766223063368859592e+00
-6.359885030243225046e+00
-3.793277846922381968e+01
-6.283765995424023032e+00
1.610562609053383554e+01
9.610244289930014006e+00
-1.709397160590079778e+01
-4.996770322290399946e+01
-1.541406321562119430e+01
1.837528434095178298e+01
9.003572879002334162e+00
5.370441427316487548e+00
5.393211760368714636e+00
4.826998695387180183e-01
-1.287886142457854710e+01
2.933074680921550126e+01
1.208007340456237699e+01
-2.265113360782030938e+01
-3.133585439780657822e+01
2.671439511880582529e+01
-8.525781692618188856e+00
-7.975760983085507405e+00
5.548815259490042706e+01
-4.692320340767655473e+00
-2.099305905702719599e+01
-1.843026694840594359e+01
-6.686867535596518053e+01
2.130612255038946756e+01
3.977564126629974939e-01
-3.400237149682531168e+01
-2.302740627740456958e+01
2.202027240803846908e+01
2.402774551542709958e+01
1.009660439267710874e+00
1.143569295152535048e+01
-1.474309787517691817e+01
1.146834246561131820e+01
5.405653181403480723e+00
2.417634529642681684e+01
3.538220715436695230e+01
3.444735731799973166e+01
-1.704047906074301011e+01
-3.888212080814113847e+01
-9.648906203282544780e+00
2.560545143050893202e+01
-1.596473234449853607e+01
4.021594141988599347e+01
-2.844716959877633400e+00
-1.757666194045316743e+01
-2.943531782478498826e+01
7.142547847258843952e+00
1.864252066649260087e+01
1.331713261582937768e+01
-2.533105018307145784e+01
6.096720950699279662e+00
2.007612335921525926e+01
2.535046083246453108e+01
3.235343510002204681e+01
-1.840149207993037095e+01
4.091325793106159381e+01
-2.459023790648056540e+00
2.700304826113252332e+01
-3.880187414236537347e+00
2.270950709731839723e+01
1.644399017890554759e+01
-5.247332008705011219e+01
3.808848697041704412e+01
2.261884812765337216e+01
-1.173317466582440538e+01
3.011353249333300397e+00
1.993820462857830833e+01
-5.668831938777090684e+00
3.463007168074303621e+01
-1.043785124239929907e+01
9.869282359542506100e+00
-1.140065351124266790e+01
4.746376449218330240e-01
-2.845946051606186344e+01
-1.291674858286163285e+01
-3.105357506817001934e+01
2.157920376313865773e+01
3.696910483178556461e+01
-1.559670466088999286e-01
3.803243819872331244e+01
-1.275188624912118129e+01
-6.534668143408627117e+00
1.579742407730013554e+01
-1.084002358876437100e+01
2.204150515960944290e+01
-8.600212479554027567e+00
-6.451636870122901435e+00
1.900082914594043970e+01
-1.125257126352228809e+01
-1.359067852231963158e+01
5.203863090034396954e+00
-1.570751160533134616e+01
-2.544002372304717241e+01
1.148296701645318052e+01
-3.181562301651331381e+01
-2.267681286139056596e+01
-2.850324749847733763e+00
1.856872837001100507e+01
-5.538631822169461572e+01
-1.498452574741142307e+01
-2.433518205973714998e+01
1.981774140701808662e+01
2.511926663750634958e+01
2.591268434333794701e+01
3.392477996717892097e+01
4.010273546868859285e+01
3.557577189624120173e+00
6.218728753934845699e-01
1.485172352788580952e+01
-1.696166322332910781e+01
1.572504246589493704e+01
3.044832775144747217e+01
1.225125002276989861e+01
-2.925056229402373020e+01
3.439947832984977083e+01
-2.717082723372979736e+00
5.553245815412142150e+01
-4.085413364310097606e+00
3.252251966314390508e+00
-2.443418294292727211e+01
-5.709471443060223805e+01
8.225987517484359302e+00
-1.286127836778743649e+01
-1.312179895538455199e+01
-4.432019377606889243e+00
-2.256828121049623448e+01
-1.819955604488848877e+01
-1.761759949722626573e+01
1.310713716166738152e-01
-2.260739983501194317e+01
1.136858781453355860e+01
-6.315863232038962494e+00
5.543372854766385416e+01
-1.706906680336061299e+01
-2.913818902978817960e+01
2.628282844662911444e+01
2.233319519199441316e+01
-1.059160709746986484e+01
1.151203852017187890e+00
-3.467407100919307084e+01
2.746479826589425244e+01
-1.633591640733468253e+01
-5.782556614218084690e+01
-5.179403238341244986e+01
7.077077585478375177e-01
-4.826433281859091551e+01
1.836943783324792889e+01
-3.770495045978136339e+00
2.657488825393765808e+01
-1.306909038102081588e+01
-3.310016857739778118e+01
8.456478489370857332e+00
3.437172482430064235e-01
-1.227371232188128047e+01
2.677407971967983968e+00
-2.669781157052796061e+01
3.100349116189073584e+01
1.153048343977548384e+01
-2.566340657004750270e+01
-1.720696173405135099e+01
5.351616275576281367e+01
-1.675617572299182401e+00
-4.746393413782448611e+00
-7.134550586632379954e+00
5.245818861171605363e+01
1.189140350225975240e+01
3.115458672047430611e+01
3.172284222127512265e+01
3.003838630516846919e+01
-6.556841152683293039e+00
-2.446172926609123977e+01
-1.534870496681351115e+00
-4.408863606701328308e+01
-2.233324748072823596e+01
2.198542534967303563e+00
-1.048440351997886921e+01
-9.078900261042791797e+00
-4.719937305391405324e+00
-1.739694510133170269e+01
-2.766028644594511121e+01
-2.900670506167332263e+01
-8.737813338242826688e+00
2.492858644269503543e+01
-2.265432461756172700e+01
3.628167895097257656e+01
2.396691580767017271e+01
-4.786541583722049609e+01
4.008575726502024850e+01
