3.407927756361388560e+01
-4.176598568813113133e+01
-2.139859850119557549e+01
-2.237390932716688763e+00
-3.717303510971822078e+01
-3.272456177678285005e+00
4.885778575119469735e+01
6.152852220947427497e+01
-5.445343842999890427e+01
1.003610369066895203e+01
-1.115742558842783261e+01
9.071976275602040118e+00
2.409887542356483081e+01
-3.979840001316753018e+01
-3.667100729229671430e+01
3.324754430380857428e+01
-8.302754856185632093e+01
-5.855820727044196872e+01
-5.944319953326270678e+01
-1.909895097632730554e+01
-1.066067475079851690e+01
-1.189194458619050998e+01
-4.579444124413110728e+01
-5.511573546327426243e+00
-3.452433288372648690e+01
-2.181801949808570562e+00
4.005383051280404949e+00
-1.266721383726721228e+01
5.757545196396110398e+00
2.812599686918092701e+01
7.253017985531627687e+00
6.320427743956572186e+01
-2.650036863510671026e+00
1.681491622870039393e+01
1.516258001941148059e+01
5.092610706177151059e+01
2.916017300534074153e+01
-1.424647772518432554e+01
1.502501453969219414e-01
-2.258297105008789440e+00
5.574430935228650696e+01
-5.559724081022798714e+01
-3.759916963653245148e+01
4.965535677029617290e+01
-1.142395959241573955e+01
-3.525688079265030694e+01
-5.935637705356629112e+01
3.147005999621219630e+01
-4.578702394819076460e+01
-4.664628880236088548e+01
-3.162410776951465152e+01
4.726255932460555442e+01
-7.674719454641983418e+01
6.814616203518573911e+01
2.724040802826051788e+01
4.301669406307230048e+01
-1.659111452987530200e+01
-9.727266122340772370e+00
-1.915125292209700092e+01
8.179145179385418629e+00
-2.637125641841464940e+01
-1.197667089653269556e+01
-2.506295826629928314e+01
6.301772614685273943e+00
-4.611078878264825320e+00
8.794562700162622093e+00
6.628288412576671362e+01
-5.074637540360784982e+01
9.796177437093927409e+00
-1.639698183791806940e+01
-6.323780577422159865e+01
1.228093087336690914e+01
7.858104639101796351e+01
-6.801400412797026718e+01
-5.762970860840994192e+01
-1.281339899066921006e+01
-1.963336344633681207e+01
-7.400323629129757386e+00
2.445479574831730218e+01
2.095073418035326984e+00
-6.756964965542169921e+01
-2.041047256041528257e+01
2.938209753139227587e+01
3.435615953832383695e+01
-3.388689386028207018e+00
2.497723408499539843e+01
6.812360057877850039e+00
-5.161817067812609849e+01
-5.321267898904181237e+01
-3.108516428339454052e+01
-1.365356477135543756e+01
1.509483436896174737e+02
-5.138150400244806804e+01
3.609986068578586327e+01
7.090644338169985517e+00
5.387866691283629450e+01
4.543501061641870287e-01
-2.781439429865833901e+01
-2.612696486555604025e+01
7.980874373751825956e+00
-1.798253449128637982e+01
6.497623481279839464e-01
-2.633576624225389295e+01
7.118597499374413928e+01
-4.089119866117017921e+01
-3.440708448752690174e+01
9.402891094919576531e-01
2.660628632606902499e+01
5.425682328519953757e+01
1.425345993964143521e+00
6.544728759169780119e+01
3.440796947639108794e+01
3.284837019694441551e+01
-9.232877962224070245e+01
-1.378856774656727291e+00
-3.198112223499304463e+01
-1.493265513346520557e+01
5.501497048018386948e+01
-5.060595711600830526e+01
-2.063546279257521121e+01
7.199011459752374265e+01
-4.368832144476091628e+01
-1.644085293204382836e+01
-2.958122565926107228e+00
-9.969834903753074684e+00
-4.799283763231414923e+00
-3.967735656877992767e+01
2.772904725967170947e+01
6.574316126289176054e+01
-2.341925136378754146e+01
1.517201410444649312e+01
4.831561953215072691e+01
6.168939255636129104e+01
1.926141961561965132e+01
1.877957593162152250e+01
2.779608664204256030e+01
3.898206033724775033e+00
2.566056388038696845e+00
-4.486413900262363086e+01
-1.167570243851152867e+01
6.078970205753142864e+01
1.000458460591263474e+02
2.322798590336332936e+01
4.731800381027061775e+01
2.716679182734433873e+00
-1.150496748833301908e+01
9.562553464943063020e+00
6.966710921660523859e+00
-5.254556040647695880e+01
1.243210906682650574e+01
3.026183913763450306e+01
-8.185080624068349664e+01
-2.716214481858713725e+01
-5.901239341260649951e+01
-1.060187834948340821e+02
3.836015985496125325e+01
-2.864083985908298402e+01
-5.045953254824516954e+00
8.304259693875746251e+00
-9.324287500168258802e+00
1.136868142725412589e+00
-7.996830069498754412e+00
2.528187776111360208e+01
2.468187477544756447e+01
-5.273276311268961791e+01
1.627005454970966936e+00
2.353527119148846936e+01
1.257506523413231037e+01
-2.317530919855222038e+01
3.161969365687221512e+01
3.217376193253461736e+01
-7.163268525566118683e+01
3.235940887642996699e+01
4.231988856618532679e+01
8.395360436322560460e+00
3.119047273394721387e+01
-1.083744599768772332e+01
-1.751732025267903836e+01
4.977397467609594628e+01
-5.507484460313774832e+01
5.658226650323979356e+01
-4.110581224515234311e+01
4.878947102471119024e+01
1.036053603855906289e+02
-3.293677796930295187e+01
3.799088131554817949e+01
-2.861416438960088371e+01
-3.393933532638174455e+01
4.646715726619395070e+01
-1.787231836680307850e+01
3.731597650442363090e+01
4.342261240549709100e+01
1.818197008224151290e+01
5.663533557006716990e+01
-3.342636543196745524e+00
1.100318570235576132e+01
-4.396988215857570026e+01
6.991785572212724276e+01
1.259446460585722249e+01
1.311555791579814034e+01
2.361878155984738115e+01
4.357661475881357660e+01
-1.538963521272581048e+01
3.482800100891437012e+01
2.203031551075874006e+01
-3.215457830781861759e+01
-6.046321828315913649e+01
-9.298205423664789748e+00
-2.677819100195472402e+01
-6.391363632492969771e+01
-2.909494853889224686e+01
-4.437894444660318349e+00
1.631901786629319506e-01
5.106225298081362496e+01
-1.508839343036497382e+01
-3.637397950583016382e+01
-2.060726940781243499e+01
2.019639866824174845e+01
5.202382995820482137e+01
1.574964262911110691e+00
-5.481518261877806708e+01
-7.775578759026240405e+00
4.389801208508460917e+01
-1.223610880353738439e+00
-2.472947860427494149e+01
-4.053944938311411050e+01
-2.070729883165286012e+01
-2.019222815745093769e+01
1.106424737206040021e+01
-7.808436409283977753e+00
-3.370183424378753756e+01
3.483736332950930858e+01
2.946265871762796706e+01
4.926376804010842214e+00
3.365239130489056407e+01
5.281366343301249344e+01
4.372881047507096497e+01
3.140339405768735048e+01
-1.390920297069099121e+01
1.292073757267333711e+01
1.127330537215433637e+01
-1.194632192919331182e+01
1.238651427520727033e+01
-3.585688449833174474e+01
-5.729024972134307347e+01
-2.964321477612005040e+01
-2.373458663969667093e+00
-4.857928968192008590e+00
-5.775493201770300544e+01
-5.448176515316053070e+01
-3.070572278416164735e+01
-3.513276964008299075e+01
3.320412042189025303e+00
1.900983336347761110e+01
-4.337990597643967305e+01
2.987330176895425993e+01
1.783867476510063810e+01
4.705858246604037021e+01
-5.655536941010629448e+01
5.848702255551413032e+01
6.294456838537309551e+01
-3.949304409548500416e+01
2.126008347885640148e+01
2.042434871644303485e+01
-6.007657694012699778e+01
-1.431688973818504529e+01
-6.947406951061748259e+01
-2.226483857942985978e+01
-2.015168592715710005e+01
-9.509593835695048369e+01
-1.858089848494627105e+01
3.299144848523597773e+01
1.971580189685555595e-01
-2.165587374256756092e+01
-3.878988468517884058e+01
2.085794379718582547e+01
-3.475967660530988379e+00
3.700409796838196996e+01
4.362633612024560392e+01
-1.604119537886760583e+01
-3.601385405857221400e+01
1.398510244570924144e+01
-3.599302163061727100e+01
3.263930071361246377e+01
3.187700606216498400e+01
-2.343964167828629641e+01
-3.832158082877541005e+01
1.907046173791085764e+01
7.441076986565306584e+00
1.448821387182387177e+01
2.608477451067387420e+01
-2.636628107158139045e+01
-8.834839997761061170e+01
5.972946215865433572e+01
2.131353227363087655e+01
-3.270931707493910068e+01
5.677008560811150240e+00
7.808206222511273609e+01
-6.772838211023825217e+00
-6.328091213653365088e+01
1.003455292603204896e+01
7.475142205856835176e+01
-1.175593154299020782e+01
-2.124479317814128976e+01
6.044727390086084995e+01
5.361420653906319167e+00
-4.376687397747473085e+01
2.260667356619468293e+01
-2.235463248333729425e+01
-1.367902197188999480e+01
4.078533097583318323e+01
2.340601162294157156e+00
-2.619912468063782995e+01
-3.258226529798574234e+01
-3.013798776554809677e+01
-3.575554579424010626e+01
8.141667293520749027e-01
3.897328298391254009e+01
2.688243885540969202e+01
-4.642321902599511674e+01
3.590400307180414785e+01
-5.684648909569212094e+01
3.017099128271241426e+01
4.485904683486722178e+01
3.133599073979611660e+01
6.449659010845340390e+01
-1.281626531246881484e+01
1.633061536096565547e+01
-1.196656366656606565e+02
2.268740301639696355e+01
2.983693393050025122e+01
1.421946995613826026e+01
2.191203005695924588e+01
1.256827167261112947e+02
4.732643955941549052e+01
-5.223135999320953715e+01
4.952001014288784120e+01
5.091264804389198417e+01
-3.118925114934086862e-01
-6.505796786120103548e+01
1.217333379941807969e+01
9.455897969181442875e+00
-8.192269322794754061e-01
-2.321326027716891716e+01
3.188482172885783683e+01
2.729764052789684925e+01
-4.721655080236310198e+01
-1.103262836018351578e+01
1.567339186456528211e+01
-4.185214273421178177e+01
-4.394651919919741090e+01
-1.715993841382889684e+01
3.984477693577242263e+01
3.185345645618830090e+01
4.295671251382959355e+01
-4.075924905694119360e+01
4.444349240291217740e+01
-4.318351712264251319e+01
2.767230233180429266e+00
7.226998891176297235e+00
5.225591954834425401e+00
-4.955967421688402652e+00
-2.600351454100305659e+01
5.963739485221445591e+01
2.670551563129979655e+01
2.193473325580911748e+01
2.852830009105569786e+01
2.283871379116710187e+01
2.819421941712855073e+01
-4.827259182220746681e+00
4.707503038957064945e+01
6.273652821245994460e+01
-2.404685707327078603e+01
-2.654832428943874945e+00
2.054860037006580598e+01
-1.133725323556361531e+01
3.914548124234439541e+01
4.655903630418689687e+01
2.193311960064399102e+00
6.080020104318978014e+01
-7.856034100966871847e+01
1.665812021678770449e+01
3.161245111202213920e+01
5.859751221767515617e+00
1.912450484463925093e+01
-2.607062516314950784e+01
-1.683677712663548576e+01
-4.808835224756853677e+01
1.616291523483210923e+01
-2.370697323378821508e+01
4.141986043605739809e+01
9.827519520935004138e+00
9.376886484938495858e-02
2.364964834235444258e+01
4.912126978719565074e+01
4.212118568354141779e+00
-3.373514520062669675e+01
-5.567470949329793939e+01
3.436810933677615054e+01
-7.157444122146580412e+01
6.948272173345280578e+01
1.210967990638706082e-01
5.114680883873863593e+01
4.423577035162649906e+01
4.605013082839925431e+01
2.328644287945523317e+01
-2.625337724735557643e+01
3.413046611594509727e+01
-2.446322014221760455e+01
8.351230889548070024e+01
-1.545803661436141496e+01
-1.240228281241959785e+01
1.581690811013905318e+01
1.096663067711118522e+01
3.729945327576650271e+01
-6.732954933057157199e+00
-5.285787431956360649e+01
-4.108440322268769762e+01
-6.094947769927193804e+01
3.309224473419685353e+01
2.807278073541599284e+01
-4.904600367709235087e+01
-1.411033654558059247e+01
2.530827435368004785e+01
2.768767444509064291e+01
-8.294052994338761664e+01
-9.758516718589127947e+00
-6.989378705164109640e+00
2.837256409482700192e+00
5.939502111059220546e-01
-5.395535973225648974e+01
-9.058605076758935226e+00
-4.572709905155558374e+01
1.807940338301433769e+01
-1.089691115614933778e+02
-6.394922631408723390e+01
1.836514575537638194e+01
7.042595022736634292e+01
5.198934193551906446e+01
-4.179702426272194771e+01
-2.750148107990132829e+01
-2.527388237949811511e+01
-6.351349567928429529e+00
-6.125019209266469744e+01
2.900282007286790531e+01
3.812139863173852206e+01
2.433498223770347124e+01
-4.953605332530029770e+00
-5.598457643986993304e+00
-1.182460474278309270e+01
3.838715294972408287e+01
4.293371731174720196e+01
2.664631958640694620e+01
5.176610727970376047e+01
2.399193545536562766e+01
-4.586517137625599361e+01
-1.338815777693091214e+01
4.008143383595547959e+01
-7.546964191238834019e+01
5.556553804248076744e+01
2.110054458894538687e+00
1.242753241272470710e+01
-8.125352813130186647e+00
3.536813079554565320e+01
-1.324158401056634382e+01
-2.036431417555998635e+01
3.909065583672317601e+00
1.780009725980131918e+01
5.283816173259068449e+01
3.337744775863183833e+01
3.534571283714685563e+01
-3.948167368928044851e+01
-1.196966979552453125e+01
-2.241997877119372262e+01
4.250962785136170652e+01
-7.801868103737433557e+01
3.597940953073388926e+01
1.826263785918999716e+01
2.035730379768492426e+01
-3.035954266933224233e+01
-1.612324989803022524e+00
6.672860737826049160e+00
-3.233406603001875990e+00
8.271471248219017980e+01
-3.464669675278487659e+01
-2.968952536048752222e+01
2.769525539171541695e+01
2.229126582042928817e+01
-6.253924744908456290e+00
-1.645811273956992116e+00
1.858775309063187109e+01
-4.395621532633013828e+01
2.377137206580783158e+01
1.145969118950153032e+01
3.316678453696869866e+01
2.126640545155136053e+01
-1.572130612786048331e+01
-8.364618867113032152e+00
7.180143342029742826e+01
-3.575882336934068917e+01
-2.140058378032349751e+01
-1.066162220475890443e+01
-5.781607035101092862e+01
2.249222512815592268e+01
-5.684322852234873125e+01
6.351953075249977543e-01
-2.211644961282522459e+01
-1.423883076907519651e+01
-2.110813730721215720e+01
1.456217392714237846e+01
-7.755685963957036577e+00
8.947164218888190135e+00
2.011832947132992544e+01
-3.549526648971685461e+01
2.940640346789476567e+01
1.997898205056209164e+01
-1.845994547961074517e+01
-8.461384385335819047e+00
4.433493716677995877e+01
1.721066157072716862e+01
5.505379125559116460e+01
-2.778464292958634019e+01
1.108933659253086734e+00
2.314988995592154808e+01
4.124712915621338460e+00
-2.578823958822971463e+01
5.750929849956981421e+00
5.835727023671707059e+01
1.216004915191411584e+01
-6.659766022591998791e+00
-2.588340276019406616e+01
2.316885087021315215e+01
-9.612693600233544089e+01
-1.913815203015424515e+01
-3.980530950233346577e+00
-1.344152393204878670e+00
4.852828197738700666e+00
-4.578222223979366845e+01
1.974396255173731518e+01
-9.975973928407359637e+00
-1.073667250317613906e+02
-2.228635849720448903e+01
4.084025709067854137e+01
3.265352780354469076e+01
-2.490426168441749510e+01
-4.238027090003369324e+01
-5.554962317443955522e-01
4.210853087074221790e+00
-3.755023661532873547e+01
4.827159196552960907e+01
4.703015164731834830e+01
-2.314957569242452351e+01
-2.847114457314385305e+01
-3.350794438654677521e+00
6.775344893342122532e+01
1.838651725931962133e+01
7.788032492594160416e+00
8.237728057416813954e+01
-7.024594017225246034e+01
4.078560652970255518e+01
2.844737180850547631e+01
5.579656957584335686e+01
5.255715133242432557e+00
2.212082558439162128e+01
-4.665589795679725427e+01
-3.354761519610220688e+01
3.667696063680094909e+01
-1.372281151980338265e+01
-2.692921079601507728e+01
3.299438318549602656e+01
-1.243794856865205389e+01
4.849416876098050011e+01
-3.799920755203311273e+01
-2.150268517282934155e+01
-7.975435019898344535e+01
1.058314561220984373e+01
-2.555455672167928682e+00
-2.251615827517842661e+01
-5.019655757957236375e+01
7.096779766903886788e+00
-3.392462689607086901e+01
-6.540415473549673209e+01
-7.250055806253987711e+00
-2.494621560075184874e+01
5.817029821321374072e+01
6.416606846170817668e+00
3.562160585660094370e+01
-1.521831834107897308e+01
1.026514264553074796e+01
-1.286336682425696942e+01
-3.047314484940936197e+01
-5.110916544356165758e+01
-2.214117811230124033e+01
4.463695641271790748e+01
-5.481690496703017601e+01
-2.218221297761065358e+01
1.108676213263886368e+01
2.985165073755410958e+01
-7.035070731053018278e+01
5.874590985317500014e+00
4.151013025954719637e+01
-2.307078518763864849e+01
-2.489116399615822317e+00
1.114751109550107877e+01
5.738696018040614888e+01
-1.262122539153199341e+01
-5.194559962366790629e+00
-4.130823450086838022e+01
1.683163666953397453e+01
1.881381603608101472e+01
-2.362264048620831058e+00
-3.472553769320672501e+00
-4.457760314653113198e+01
-3.358600437807574934e+01
-2.065458860014466680e+01
2.646259589508337839e+01
2.178442991243070281e+01
4.099305275198863541e+01
2.561614400140760850e+01
2.964062174831256513e+01
-1.045700222155722336e+01
1.493042714037199126e+01
-7.675339224283346695e+00
-6.311656847058203290e+00
2.875026922851520794e+01
1.233370180332511445e+01
3.985269985307808582e+01
-3.417098524148345007e+01
5.781525010177342949e+01
6.241268850089494435e+01
-5.448067102554004748e+01
2.002763246820365328e+00
-1.348752187381181677e+01
2.130208947012612697e+01
-1.589411827961982837e+01
-9.254053848330883625e+00
-1.573048036527220717e+01
2.609783843502998479e+01
-4.956666967622153308e+00
1.302628667180789535e+01
-4.378480495862068267e+01
4.368606780104570930e+01
1.753887185144944283e+01
-1.680496818907061929e+00
4.003237687025610825e+01
-4.674908177904256235e+01
1.654229591297991675e+01
-1.547910175038630953e+01
-6.834769096011123146e+00
3.548767436872869041e+01
3.677309340740241339e+01
2.723071881056963406e+01
1.377293026862832015e+01
7.946804141795843179e+01
6.724852069289410039e+00
-6.742561462695580587e+01
4.257746086375259154e+01
2.465333773916501059e+01
7.652578828298323366e+00
9.951751165580279945e+00
2.048097637997081932e+01
8.418214636549500085e+00
-3.973136058093281520e+01
1.646156255311837668e+01
-3.015738358467661584e+01
-4.161820253962589788e+01
1.938506419185922880e+01
1.201897803624324190e+01
-2.347980537491587327e+01
-6.534018210997063036e+00
4.398152267978113628e+01
-2.615508399530749983e+01
5.357097350628693277e+01
9.957540827491817126e+00
-2.050181273094267098e+01
-5.715550154129023674e+00
1.574909429007271555e+01
-1.415897824141385186e+01
-1.425510561081453886e+01
-4.000445054395311217e+01
1.421513549919146691e+01
-8.873695335775082071e+00
-1.789387973114595454e+01
7.980370638429280916e+01
-2.778830302594992219e+01
8.053618793373408380e+01
6.716189909330979901e+01
-1.882474586902168667e+01
-4.442648211835403060e+01
-8.575529788833381417e+01
6.993747245022758463e+00
-1.403908308811529260e+01
-3.001938635094195718e+01
-2.317826834484521825e+01
-3.247538427138612604e+01
8.621478598961007656e-02
-2.312010758763127427e+01
4.675240684313249062e+01
3.665103985960042365e+01
-3.135917139866280579e+01
-3.659537091035327450e+01
1.173085150515747976e+01
-6.627032308457326337e+01
1.335228252258422543e+01
2.173380924097698497e+01
-8.767147641777980027e+01
1.886053127847598887e+01
6.458195526812433229e+01
5.023234552781446638e+01
3.829852537996501383e+01
-4.713395372272305650e+01
-3.130008633969830711e+01
-4.199789884929509753e+01
1.739348108097394530e+01
5.955677595871149066e+01
-6.000580901979307491e+00
1.695122580251703326e+01
-2.247289021998543745e+01
-9.005227823532814924e+00
1.040212425297948755e+02
3.877150173802660760e+01
-4.108245830956552425e+01
-1.079205635031757140e+02
4.663697782375721346e+01
6.773007677219335676e+01
-6.906459342089446807e+01
-3.079339909804461595e-01
4.538119227966297586e+01
5.077950942503850484e+01
-1.018034345046354616e+02
4.436896070668757019e+00
-2.103194488231897097e+01
3.029065810749393250e+01
4.569504241328949945e+01
3.727108540005775517e+00
5.638480871026915509e+01
-2.092949581338633891e+01
-1.029282748845433026e+01
6.192186590027173310e+00
-4.714356902783718795e+01
-1.521830808740734753e+01
-1.285601067704027578e+01
-4.680870187009814032e+01
5.930536160762623155e+01
2.151667200424936510e+01
-1.921016990683428816e+01
3.132434516593507823e+01
-2.589349354398332892e+01
2.084246729737785486e+01
7.181882648576074502e-01
1.992279524444005645e+01
4.654698598175912139e+01
-2.846174123721364424e+01
5.916334126239708979e+01
-5.733438737564628696e+01
3.414210767065864616e+01
-1.698779021856902460e+01
-3.865815953527193471e+01
2.916349155930815229e+01
4.665748830595347130e+01
3.061668590901339115e+01
-3.572109246873280597e+01
5.459749787044468405e+01
-3.479795546153339103e+01
-2.380491110169084656e+00
7.832260250131500356e+01
3.589883948181962126e+01
-1.915282106067016699e+01
-7.431014741050032679e-01
1.940921532300933450e+01
-2.108666951861262717e+01
1.983800295654845769e+01
-4.354230536122421569e+01
3.961930124141568399e+01
6.557762079279935818e+00
-2.881166863731441907e+01
-5.112861909275160599e+01
8.890044603674059687e+00
4.895351808634836033e+01
-5.909024821108221204e+01
-5.317774055152332835e+01
2.162997162848650134e+01
-8.971221059417269217e+00
4.296253245479791616e+01
1.583682695420079156e+01
-1.009406764657826017e+01
-7.579463722985032348e+01
-4.742011039704287612e+01
2.573730669092216772e+01
6.257394260297045818e+00
-6.473106511896514093e+00
-1.145519915444992698e+01
2.544376070166385340e-01
9.254435574644134022e+00
4.718544467619075533e+01
2.003693665004431423e+01
1.087389670668088781e+00
1.500550770966959746e+01
-3.100096311330995835e+00
2.144564283600951882e+01
-8.328662848916524197e+00
4.085316179625331756e+01
2.637261038304397687e+01
5.621917508435774380e+01
4.418066736416415097e+01
-3.104164009651731249e+01
1.355870330469117491e+01
-1.670283728047791882e+01
4.758882210259264056e+00
8.665487915543716113e+00
5.032952438658992378e+01
-6.775234854800378237e-01
1.494190608515579477e+01
2.975506797111138724e+01
-1.468417025070340642e+01
-4.585077471315943143e+01
2.867076716879476450e+01
1.259911363424885344e+01
-8.863913046624270464e+01
-4.178070896706320525e+01
1.386254720783491834e+01
-2.802276194353308370e+01
2.022082401709868194e+01
-3.822095478212097674e+01
-4.856714764477347401e+00
3.588754296886629902e+01
-1.309888594672733575e+01
4.163943944098962646e+01
-2.158280507401143922e+01
4.713966552156138334e+01
-2.113836232049361996e+01
4.858424119921628481e+00
-2.920459224221427164e+01
4.257202727148204247e+01
1.746535756301710052e+01
1.326300557930177071e+01
-2.451679319779809241e+00
-2.095238144879860798e+01
6.816986711743527394e+01
1.364118133861918380e+01
3.964648767592723999e+01
2.080630143939440657e+01
3.713123979509006034e+01
-4.594270215800058565e+01
-1.021912080591122418e+01
-3.389490231349719096e+01
1.184140620599941762e+01
-7.162181382331260693e+01
-4.451941866588372676e+01
1.245497385991085171e+00
-4.382927932990552833e+00
2.199799339552848210e+01
4.115660801639154265e+00
-1.802749434261912498e+01
-2.051372569801839063e+01
-7.047121749902554200e+01
2.796205096842005133e+01
9.842489757753451585e+00
-1.816373555569539278e+01
-9.565140173825390946e+01
-2.254310032873536596e+00
6.888363823312532475e+01
1.167963779306010430e+01
2.565592228266752883e+01
-4.717842933486119250e+01
-2.180384710027858475e+01
7.293405650085934333e+00
-8.360202237249518831e+00
-9.864671200132123730e+00
-1.946608728194162552e+01
7.088161298465084137e+00
-9.879042275814299501e+00
1.481654034756523686e+01
-2.406510603820400362e+01
3.220346440087602957e+01
5.848157578944015000e+01
-1.653544939161003668e+01
7.873668801472182288e+00
-3.243504120134114288e+01
1.300039018967721205e+01
1.114733294397892571e+01
-2.363271431143574297e+00
5.877359210455047389e+01
-3.052918572819189436e+01
3.895946698202932623e+01
-5.364818708125079638e+01
2.946358205213153525e+01
4.864669485812147798e+01
5.700682227941182845e+00
-1.053304251887043685e+00
1.444175564616528540e+01
-2.280249697138356879e+01
5.843343235596216090e+01
7.238471405762982158e+01
-1.712784360095160707e+01
-3.056851843958551385e+01
1.919937903239806509e+00
2.666211869433010584e+00
-5.297403519069686695e+01
7.334710054132153800e+01
-3.457534272576256029e+01
-5.315895545334544892e+01
-1.734320742899400614e+01
2.531751428461987530e+01
2.594152702166231350e+01
8.393006377742898039e+00
-8.815988175446690889e+01
1.038465924153913456e+01
-2.384241725468356066e+01
-9.134078983844639765e+01
-9.643484047720725982e+00
-5.050403273778746538e+00
2.454781062110057732e+01
-2.046521704952289511e+01
-3.774505405052757823e+01
-4.440516212711413857e+01
-1.371675813827194368e+01
-9.018208162367720604e+01
2.330698715402147059e+01
8.172814522865462550e+01
5.514492908223554934e+01
2.668308391582881001e+01
-1.426438132110767576e+01
-3.132148279717961969e+01
-4.251782217681782328e+01
-3.757589399171635591e+01
3.377238322773366974e+01
2.172199046994627025e+01
-1.319322795639498835e+01
1.005037813946964320e+01
2.053758829672333697e+00
6.266702367636636950e+01
-3.482828597550707883e+01
-1.763809507770073992e+01
-5.206774092483654215e+01
1.704083607900547648e+01
-5.386434082694724346e+00
2.880995646611016170e+01
1.158649655717878169e+01
-5.721310736531704322e+01
5.138971907412775764e+00
-5.787141171214364732e+01
2.472195605070787039e+01
-2.953600385081736945e+01
-5.021189153495094359e+01
-6.260814784298023028e+01
-9.064796062302827195e+00
2.937593660936369133e+01
3.381449165980287219e+00
-7.553660725012203869e+00
3.437501423005473811e+01
5.268218913270082737e+01
-5.722303738338625578e+01
4.010743384732536754e+01
-1.288187833751683975e+01
-2.866363306049357629e+00
4.870202861829844920e+01
3.235187320189067606e+01
6.164630570487348749e+00
-2.904446004183537866e+01
-5.471978776889029206e+01
-4.120711991485947578e+01
-9.006703316299856965e+01
-1.732502842411980026e+01
-1.810230732258049002e+01
1.307173814001524192e+01
1.316969392305079367e+01
-5.227531277034795920e+00
-2.173296068040472662e+01
1.222591518170951730e+01
-1.423547856240664800e+01
5.866146336328174726e+01
3.980082930678283759e+01
-2.824445467643842989e+01
1.783860313898796335e+01
2.899060795939489665e+01
3.603376805863938870e+01
8.115193655732884537e+00
3.302682474571279414e+01
-2.499756474638626713e+01
9.628065092167115324e+01
-3.915803423329565902e+01
6.579686194075192951e+00
-2.739007503706739755e+01
3.562374821317973783e+01
-6.042787597814286471e+01
-2.532118422560458626e+01
2.623191592367233937e+01
-2.264085627283395752e+01
9.803883569936664344e+01
-1.835894062439148300e+01
-8.420010594650531033e+00
6.813673561962557024e+00
-6.168960517871527571e+01
-1.975777557200244416e+01
-1.560302376703799609e+01
1.321088717248532696e+01
2.609331619652302425e+00
4.613809997969340770e+01
-3.169828679199622634e+00
-6.043282822328446713e+00
-3.037249504944543688e+01
-1.530869397767025575e+01
-3.288583821891019277e+00
-2.379158611994870398e+01
6.790996525219748392e+00
-1.212996771364922566e-01
5.287913102203621207e+01
3.947246037610045999e+00
4.456301911858703590e+01
8.985102905655099903e+01
1.333418310988360744e+01
-3.906393942937860686e+00
-5.341460396290385049e+00
3.436252454089635933e+01
-3.094796889420607044e+00
1.371212705055293135e+01
6.944964134936539857e+00
-2.006457331384002885e+01
-2.754589521035862276e+01
-6.296742326932139200e+00
-1.491660439801137628e+01
1.382643568133791945e+01
1.184606665861888217e+02
-5.809189751542546531e+01
-2.460853806758878903e+01
-4.074543773804434998e+00
-1.847055927791809538e+01
2.933368488614398029e+00
1.680572399925373972e+01
5.482325292682001106e+01
7.385858865254161287e+01
4.600139879860578418e+01
2.317737998892685880e+01
-6.294652469535114925e+00
2.230383931609457804e+01
9.139031954449208683e+01
-1.845557058032691433e+00
-1.005645696603617836e+02
-5.100002444141757074e+00
-6.146009326671721595e+01
6.673624740178574655e+01
-1.287005861306821153e+00
6.509552364711699113e+01
-3.140209584179204327e+01
-2.222167886111231994e+01
6.546109809752445052e-01
6.619236267363012871e+01
-1.208125052167317826e+01
