-3.929855033252886543e+00
2.154496617244819667e+00
-6.931555065970806062e+00
3.830747203763708697e+00
7.420359079491192666e+00
6.015580728819120537e+00
3.014539124188303276e+00
9.253416047995498550e-01
1.474692848823064284e-01
-4.950415416420459458e+00
4.664108085218826361e+00
-4.150859070106248438e+00
-3.418778027126154750e+00
3.088304681192918455e+00
5.007952466206093689e+00
1.063644661455606322e+00
-2.755119803237532139e+00
3.161673189213715762e+00
3.604475321416216183e+00
-7.273935327059342981e+00
-2.550848168471125277e+00
-6.239370557479445800e+00
-3.551496237409772938e+00
-5.102453009385852667e+00
-7.734818950607129651e+00
-5.015230310097392952e+00
1.962381044638220828e+00
2.516227303013473193e+00
-8.970138693414129172e-01
-5.118508292912249402e+00
2.960557702482434550e+00
2.337940382752921487e+00
7.685200792857653784e-01
-1.156899234205282623e+00
9.219823501666384757e+00
5.593489763096270551e+00
-2.922333710804943863e+00
-1.758829178112987002e+00
8.210978757309508325e-01
-2.862510794287495663e+00
6.467011825963346894e-01
-2.248288984763800458e-01
-1.542371761498519511e+00
-4.302436262409216283e+00
-1.549300695213267742e+00
-3.956102764581424847e+00
-1.321227600799967261e+00
-1.473007890414970156e-01
-2.009883095141021592e+00
-3.178303512984848034e+00
6.872664303234592431e+00
-5.931906640362347716e+00
-2.354264788499303762e+00
-3.105848740980180267e+00
1.547838286608517855e+00
-3.421409194484363869e+00
-1.799764191239838329e+00
-2.512469086050652223e+00
6.896733720090939990e+00
-2.022766115719309976e+00
2.001156578712562251e+00
1.421441551157258054e+01
-3.496698114539409374e-01
-1.016436815638620672e+01
-6.684367543151219948e+00
1.002269942200713748e+00
-1.648921426422619962e+00
3.930163166817476572e+00
-1.080128363304165395e+00
-3.820960502576005169e+00
-3.937091608690375111e+00
-1.400789724702439010e+00
-1.475516598389980505e+00
9.173414363779683001e+00
4.553237634816055923e+00
-6.473485792980016917e+00
-2.112033062942018979e+00
4.595007146118797792e+00
-4.763040390536541047e+00
-2.823593136441993501e+00
-4.025763487264715224e-01
-5.309049297646487808e+00
-6.857800744665035531e+00
3.051545276257254802e+00
2.978534375738124851e+00
-4.751180462936677174e+00
7.214096515008705524e+00
1.120998624214379680e+00
-3.736305199202375249e+00
8.078522076913083882e-01
-9.520388838843180324e+00
1.368606446059204229e+00
-7.602520395654754903e-01
2.112358090107157693e+00
-2.272461316290712574e+00
2.023984300803288949e+00
6.747389739034977296e+00
2.195484190211019815e+00
6.383848914947876096e-01
-3.437044747562827407e+00
1.855177887808700188e+00
8.410933137994419662e-01
-6.928527485044508438e+00
8.713225169069623854e-01
9.864117582884315283e+00
-5.401042466834963029e+00
1.103890007537025397e+01
-1.699229479139040100e+00
2.382928821679622722e+00
-3.317318255895898460e+00
7.491356678125267621e+00
-2.325792488210307596e-01
1.771116083831643540e+00
-3.727871323362150324e+00
5.456935983086838249e+00
9.319096498209033186e+00
-3.655342760801274071e+00
5.542071370195711388e-01
-2.507584959087260756e+00
1.192623036775465195e+01
1.261105652417299883e+00
1.103643022720232292e+00
2.839565724777429523e+00
-1.776282963041441842e+00
-2.486871365435117553e+00
-1.232305056212843697e+00
-2.112885843351540061e+00
-1.765578727850064311e+00
3.286750762083276989e+00
-1.125428611721448480e+00
9.878368270012908070e+00
5.135724061253280404e+00
3.071922154737190880e+00
-3.855995003433347446e+00
-5.623915520584987782e-02
8.055623722160699884e+00
-2.202336627572371697e+00
-8.857885216359978608e-01
-1.022938378553874905e+01
-3.415257599023988622e+00
3.383530957803028372e+00
-8.174254662639683922e-01
1.015129299223163306e+00
5.874179130938896876e+00
-6.690197065052911896e-01
3.671876459998977271e+00
-2.408678441105125856e+00
6.214248190509630287e-02
5.841209775772439272e+00
3.003869644757953150e+00
-3.357983996797515580e+00
8.386044566891371232e+00
-2.650321237649020834e+00
3.156753004369469373e+00
-6.722761253510602941e+00
-5.750532571861008968e+00
-2.935939413121393393e-01
-5.380287991372300738e+00
-8.896340065875449454e+00
2.115199349336158274e+00
-8.845530132290810865e-01
7.476220794734827813e+00
5.966860797427853136e+00
-5.004967146420896684e-01
-4.242638632528200615e-01
-2.128480558267218103e-01
2.315792857810350824e+00
-3.324984257105676910e+00
-6.830524916372633371e+00
-1.255549116201685678e+01
9.187881979784595643e+00
3.808193826273546634e+00
-8.838174920140469126e+00
-4.685713253359361730e+00
3.513171177437982351e+00
-8.252990779862624748e+00
3.673784035886656918e-01
5.030668998720253526e+00
-9.178771414725936495e+00
-2.114607706241727669e+00
2.871251169961790417e+00
-5.160233329220115017e+00
1.249001950632385727e-01
3.485965085253214024e+00
-5.159069960037871994e+00
-4.986712108359707685e+00
-4.622772184817313779e+00
5.371833981612206266e-01
6.512846307503636911e-01
-4.392425017489019368e+00
-2.268430984610466439e+00
-3.221923016737307854e+00
1.299445944865722513e-01
1.359647416736442294e+00
4.018747365593954513e+00
4.620072687506875830e+00
1.045153728924672443e+01
8.877943230478295700e-01
3.522755194243604393e+00
-6.698444147992491438e+00
8.852157465574718387e+00
-7.857327371555014928e+00
-2.363050373596244480e+00
-9.324699513726351086e-01
-3.079029952576437523e+00
3.846122044838165444e+00
-4.799046905623307602e-01
1.808843973826656182e+00
-6.442726191177711392e+00
-3.030081490022585200e+00
-2.581534230230167815e+00
-7.926464427817361269e-01
5.545540179010409076e+00
2.967880021277069069e+00
-8.648411243263014470e-01
-1.592879433404006395e+00
8.396906760918679824e-01
5.566985320310713803e+00
-4.028364043818006834e+00
-3.105333915050898508e+00
1.947297163784451612e-01
-2.784847664808749457e+00
-1.806543371971094825e+00
6.446078509909842325e+00
-8.081408306623899307e+00
-3.713879305413344767e+00
3.864281619397488488e+00
-3.789593562934027382e+00
1.580331450019067052e+00
5.587329777088026361e+00
-4.297610056284383973e+00
-5.243541072545475856e+00
4.553537964278273620e-01
-7.286760166930752458e-01
-6.074766258138311059e+00
-4.247236183989765657e+00
1.551360087819775302e+00
3.018006225401963949e+00
2.704242415120048371e+00
1.210439251141073314e+00
-2.567796853058031292e+00
4.764411344987982133e-01
-3.336796643908756188e+00
2.174173675186304777e+00
-5.812829503431702349e+00
-2.996356737329500586e+00
-5.475305130417314814e+00
2.875882629294543413e+00
-5.655089305977556435e-01
-3.785789200615658157e+00
-2.206965447183438567e+00
1.443319098386786958e+00
-4.898400121508801774e+00
2.634150399986425750e+00
-4.159774414349849181e+00
7.383577242520120265e+00
-9.500100297797174909e-01
-3.841167988076325202e+00
4.270062916080108018e+00
-3.611041229718633616e+00
8.295960736015498327e+00
6.403403421194703959e+00
2.568619357554954963e+00
-1.995205811338875979e+00
6.316064900017825945e-01
-5.440624725075346113e+00
-6.240792267770045143e+00
-5.967090686370164043e+00
2.022459865561041958e+00
-3.082198749775338698e+00
-4.108193324296285809e+00
1.521534956998721988e+00
-5.968718798640814782e+00
-1.445603022774500257e+00
-2.787363296089896636e+00
2.659075029021582992e+00
5.026893768143836816e+00
7.803938296622946247e+00
-1.217084315947005058e+00
-1.031587268206772379e+00
-2.698029153078606579e-01
-1.382502978833275220e+00
3.483941503074553747e+00
-5.601992933607236047e-02
-5.060138100852242360e+00
-8.598099390679475595e-01
6.817390056663876763e+00
-1.442996951415968843e+00
3.106897050721364906e+00
-1.044939279845928759e+01
-2.190054372835944285e+00
-4.898998179925621699e+00
3.716596902421567705e+00
1.377840018680104750e+00
1.144728459059750847e+00
-4.657952081647430909e+00
1.529581750476956437e+00
3.798092024544948320e+00
-3.124237219091742013e+00
-3.847369379911517395e+00
2.235460627460396366e-01
2.036456300202371672e+00
4.063379504676785103e+00
2.095956281641379704e+00
2.674951804376894948e-01
-2.717996274589908889e-01
5.520175072918681591e-02
2.754268943404137637e+00
-4.525586652267306498e+00
5.760007609840377185e+00
1.510164607900845946e+00
3.467630930503812436e+00
4.122880432054518707e+00
-3.006486491759082225e-01
4.636874246202628669e+00
-4.043452795807321642e+00
4.386099782115293166e+00
3.261430843570691795e-01
-3.613266281981803552e+00
5.152228360294832221e+00
4.503330144975977056e+00
2.046934436709321847e+00
4.037826268620143821e+00
8.674642157911387486e+00
-2.918507329290858099e+00
-1.976699858468360382e-01
-2.326697522764978210e+00
-2.977929146591427489e+00
-4.265860889025970271e-01
2.456489714491061349e+00
-3.060735963265238002e+00
4.597054685790163964e-01
1.853168069522697081e+00
-2.300241635565374310e+00
3.217923433836445746e+00
1.132013398452914821e+00
-2.443013795580563752e+00
5.308878895518610364e+00
-1.677254173605178811e-01
-2.032528032208619218e-02
-2.979393334332606003e+00
3.528290996246940647e+00
-4.768487290446216775e+00
4.023005097089749071e+00
2.133105678943066241e+00
-3.973122501800990136e+00
-3.386350888831262118e+00
5.346201586017288676e+00
2.318483354426914111e+00
-1.264224320711876892e+01
2.532009278527358465e+00
-1.300443723288443598e-01
4.107069365309374831e+00
4.490003499934694275e+00
2.017678557353062452e+00
8.368478243048867782e+00
-7.332414898191301766e-01
-1.894880925298037866e+00
-5.180466029982617737e-01
-2.680810576208722651e+00
5.954021683650142727e+00
-2.965241476822115363e+00
-3.518328887792922188e+00
2.789440197221085160e+00
-9.653214169175333481e+00
-6.001270923727695106e+00
-2.200119868778624532e+00
-4.037107662314843637e+00
-1.286286192149061147e+00
1.340174077266339081e+00
5.627372849385601228e-01
-6.326165689865985264e+00
4.221646635618888643e-01
2.040900029529555404e+00
-1.215091123665125172e+00
-6.447477972426613135e+00
1.879557903489913473e+00
-4.451502105607402449e+00
2.020920236578939821e+00
9.870910601458040556e-01
-1.013005588803509216e+00
-4.656187539479093473e+00
-5.850219738309403450e-01
2.290109133423310794e+00
3.147115299195488269e+00
-2.046043820967670790e+00
-1.643183782263828441e-01
-9.690478782168098215e-01
-3.322940014567240752e+00
-3.443076435721156958e+00
7.130050655915967095e-01
1.542269748791732509e+00
1.133651598001871541e+00
8.620946031527836340e-01
-1.452224853624074719e+00
3.579198698877890994e+00
2.386510586041374005e+00
7.453346154707408466e+00
3.001209690843455569e+00
-2.043463261353068106e+00
-3.396170272662979439e-01
5.730758326532686020e+00
-3.613894389652313466e-01
-4.921006770531319852e+00
-5.520250645890731001e+00
6.832748053792045084e+00
1.925675493499114488e+00
7.332338574575859802e+00
-8.223297685884460861e+00
5.520077118201476729e+00
-3.456920527880771310e+00
2.183555712666005455e+00
-4.008574788087204688e+00
-1.396416670998244403e+00
-9.091266814059073553e+00
-9.742985591402628653e-01
-5.286016833640487800e-01
2.752032779505739768e+00
4.325687900234355787e+00
-2.826518994741636703e+00
2.313186935427369306e+00
-8.859171363511736175e+00
3.892209849526572008e+00
8.596015550771799241e+00
2.476698202203019283e-01
-6.953508862015462810e+00
-3.782897020418023448e+00
-5.533755605319571336e-01
3.426253712044303068e+00
1.355870385633890951e+00
-8.935014454381322579e+00
-7.944676694471829670e+00
2.610816555008997675e+00
-2.533863683848992743e+00
2.965258552046997842e+00
3.258547337292991841e-01
-1.576887671574089156e+00
3.299197728851555489e+00
-3.207468170901183413e+00
4.358321362860686499e-01
-4.958622741389143940e+00
-4.859528703534769178e+00
1.420414387908751186e+00
-4.037879104613435466e+00
-3.077781998173017897e+00
-5.336698345810374278e+00
-5.194857979815599158e+00
-1.357635282614461758e+01
3.420947837072751518e+00
-1.805934494209729735e+00
2.274386442648946183e+00
-7.017123497007320410e-01
8.763395419734994363e+00
-2.563382123661128720e-01
-2.290356529587461498e+00
-6.046476568622653147e+00
-8.232219479630597192e+00
-1.063525848778034133e+00
-1.700410224396422754e+00
2.249324415381403597e+00
1.890909983314553511e+00
2.436251347770108655e-01
-1.769196758598969632e+00
2.932523664443367761e-01
-7.297644473078656269e+00
6.306456145332865582e+00
3.151762535038349355e-01
-4.078749861874173988e+00
1.050057979810721243e+00
-1.616123843031270102e+00
4.346708308102890328e+00
5.156834332150374678e+00
-3.789502012375951967e+00
4.466079867428655703e+00
-2.228765453676305963e+00
2.608995799291099704e+00
4.906295344771202105e-01
2.891960217454596638e+00
-7.073829205934371700e+00
-3.250523460385985608e+00
-3.353627048703652580e+00
4.379576556230129647e+00
-5.272118868433173233e-01
-2.280000097499784495e+00
-3.077304892934954239e+00
5.588587230616886004e+00
6.277478704435412560e+00
9.489965374713937862e+00
6.957746901530940775e+00
-1.437309224787551187e+00
3.021753979847645155e+00
-9.767626263312276791e-01
-8.004564949748180780e-01
5.577251781223199423e+00
1.440464353034870193e+00
2.653273746008536715e+00
2.408684980851734991e+00
9.050152899720456667e-03
4.368626849457184491e+00
-9.342801845437891828e+00
-5.809152620023781743e+00
4.871891338370506475e+00
-7.410569302456924135e+00
-5.692709490423870200e+00
6.817091637609062893e+00
-5.221810528077834412e+00
6.101740624892570963e+00
-2.993867503191230739e+00
-6.867134071460908373e+00
-2.582801679748333523e+00
1.095640297867680957e+01
-3.722892432667753049e+00
-9.409977709979326477e+00
-4.390839723519429638e-01
-6.373014188180284201e+00
4.474972321810960274e+00
-1.592938447998799578e-01
-4.926307349596443785e+00
8.871471604284038026e-01
-1.273482415787804412e+00
-1.568669347879589893e-01
3.692831510806683593e+00
2.496360208972849826e+00
-4.799545930673859040e+00
-4.782919180281307803e+00
1.443110975673277618e+00
-1.985936372812849293e-01
-8.595019071656381016e+00
4.314740104886812588e+00
4.852788286680988605e+00
-2.854961108805072811e+00
-2.034874853536125627e+00
2.923955011086572853e+00
3.721864263079500468e+00
-3.541952793667350718e+00
-6.656347348697250865e+00
-3.047196652479667200e+00
6.301470297384259567e+00
-1.807996157860387809e+00
1.926737865409368977e+00
-9.910478610103695685e-01
-2.301801047803511691e-01
3.110924736284938152e+00
4.210910802980091461e+00
-2.301451639175993158e+00
-3.367291220504662341e+00
3.386687309914682587e+00
5.212655096851364966e+00
4.374818978262455360e+00
-2.591971055117616274e+00
3.295170809378508370e+00
1.624426513729408939e+00
-2.750366072646956983e+00
8.342990185434260297e-01
8.140984529642283363e-01
3.967191761545412199e+00
-8.744526485834616114e-01
-1.214994943464176691e+00
-2.925730354662902655e-01
5.570406023879776569e+00
-4.456139017729065621e+00
7.005710921484964437e-01
2.090638188693951349e+00
-1.080759199536540294e+01
-2.362524054961206321e+00
2.530276573964880704e+00
2.881256685404104401e-01
4.994026723334647144e+00
1.978393334911717205e-01
6.446800374042188642e-01
-4.320622873655000085e-01
2.102849347512904643e+00
1.424573409474052532e+00
-3.287131328383898765e+00
-4.218954371698915295e-01
6.058415807791152297e+00
3.505345379502294190e+00
8.028394585158128427e-01
-4.903798637589659393e+00
1.553145243041274881e+00
-2.903572552093723225e+00
-6.052168208045607400e+00
7.112020529263932467e+00
-5.702650298202891932e+00
-6.039550010296245830e+00
9.440059130207516525e-01
4.425933134588848183e+00
-2.260050776487624091e+00
-7.167636588628707450e-01
4.754039500251087347e+00
7.866139193407065688e-01
-5.384825770251750576e+00
1.384384212331817299e-01
6.167806572248656360e-01
-2.896162636969433102e+00
-3.576120550186975500e+00
5.294860256391543452e+00
1.940794446136401064e+00
-5.514516532065455445e-02
-4.381514201555328114e+00
-3.326164353522460537e+00
1.816334608455425270e+00
-8.801527113038778438e+00
4.687569600939347936e+00
3.454496272199896190e-01
-2.714866089587585130e+00
-1.682068499850420951e+00
5.964226873639491444e+00
-4.584053388782180605e+00
3.747555161211068686e+00
-3.749184031669046124e+00
3.442014382193306687e+00
2.720113663938255044e+00
1.108251237167120529e+01
2.475927849843273520e+00
-1.891685312484208126e+00
-7.032741992135196796e+00
4.616368988661875283e-01
-7.700101859122700176e+00
5.680643928063733306e+00
7.809357998149641933e-01
5.883706393175800464e+00
2.330845353132048992e+00
-2.810762584489513216e+00
8.955144062992172138e+00
-2.758778168891600213e+00
-1.237572802320768606e+00
-6.986241701656723535e-01
-1.926871218934482988e+00
1.244868118391937895e+00
-2.545862930732394780e+00
3.346749419813884963e+00
-9.876289834469337281e-01
-1.635596402395738780e+00
1.003742915366072097e+01
2.205169621185384621e+00
-4.494680977243639575e+00
3.291449465964836341e-01
-2.551423245271090767e+00
2.427157061154172180e+00
-4.379884848259145258e+00
6.682064159537878467e+00
3.374067293297668968e+00
1.003319975271325992e+00
5.495034081658229042e+00
4.953020433768965169e+00
-4.157789471281521543e+00
1.410735326009767032e+00
-3.325332793778033924e+00
-2.288192118340055980e+00
-2.237580389498186051e+00
2.822010082497557804e+00
-1.026119809971390406e+00
-6.349093796686370084e+00
-4.252452179179114999e+00
6.106334137507793081e+00
-8.407631640978873833e+00
4.998204313564745815e-01
6.177137640792581763e+00
-4.790894128109099093e+00
9.785915746989422459e+00
3.241831775583700614e-01
-1.611731472751611660e+00
1.635653845795354000e+00
-1.814419893561122654e+00
-8.160111264134031206e-01
-9.069069825382441996e-01
-9.039628943358268831e-01
4.249917741321323383e+00
-1.895295788346543553e+00
-3.246014451638811416e+00
6.385963706082566915e-01
7.150788209501909520e+00
-7.951358261814728934e+00
5.497820081156316263e+00
-3.077662749668980124e-01
7.208527412762832931e-01
1.187372795109796764e+00
2.371597681378418088e+00
9.186555230765375057e+00
-1.093829074773658538e+00
-1.793184580653376159e+00
5.475423304264483981e-01
9.001378557074405151e+00
1.244584476673735729e+00
-1.823724129521846482e-01
-6.739672280825682371e+00
2.376751324672476962e+00
2.699884371406808814e+00
1.661235818169186640e+00
-1.987652277302798254e+00
2.052399004666645155e-01
1.419200970352515245e+00
3.845479599558943029e+00
-1.256176001326160696e+00
1.879171681912815917e+00
-5.257655911587426623e+00
-3.206055464628124074e+00
7.545679077466889595e+00
-3.957009289972246879e+00
-4.324224797987288760e+00
7.140594368412778614e+00
5.428379811846562042e+00
-2.220279829797387805e+00
-4.584338395058837001e+00
2.772954220589089136e+00
1.454996718064369698e+00
-1.830005369350782063e+00
-2.983025478560660915e+00
2.188250774675747579e+00
7.404435051498308162e+00
-3.786278326723494736e+00
-9.700598197194372219e-01
2.786556839152136256e+00
-2.337147431881399839e+00
3.482623265642015298e+00
2.773846981708488979e+00
-2.282560449973466632e+00
-4.813528604000868683e+00
-3.247948476354188596e+00
7.827763052042453484e-01
3.594079597367127565e+00
9.536582668640910754e+00
-1.969597895368884188e+00
8.421459181432384256e+00
-6.589248919505720892e+00
-3.250000731416447408e+00
-2.042844725641974613e-01
2.769000582183307912e+00
6.399323651953488401e+00
-8.289643954623704403e-01
-8.948668796761587441e-01
6.442805454656574948e-01
4.090427133978292495e+00
-7.795291139909055644e+00
9.410818027189190360e+00
-2.292829585462388131e+00
5.667169180144135954e-01
2.037107840780485013e+00
-6.426890382483193775e+00
4.165266520075104895e-01
4.725685726525424180e+00
-1.476781762175581436e+00
-7.602974528094165407e+00
-2.283402043873445031e+00
5.017393185414407153e-01
4.749114983675856827e+00
2.669866524337225488e-01
-1.247831723132321269e+00
-2.048714838890397516e+00
1.049733627742448405e+01
1.306543050707333897e+00
-5.433085336992754533e-01
1.709657598233423004e+00
-1.512852020264267239e+00
-1.171582962855098664e+00
-2.409793008247806512e+00
-6.260697708187117350e+00
-3.867374579378626276e+00
-1.448820601725682389e+00
-1.512941379214733928e+00
7.012720386590916455e+00
7.519279573627558610e-01
-3.778808742633832818e+00
-1.566233774564858017e+00
5.440964821956324471e+00
2.405181016977323782e+00
-7.272080977948821356e+00
-7.486677906252099390e+00
1.718179842413678937e+00
3.839222322214760119e+00
-1.605783685852300580e-01
-2.991345294188754167e+00
7.209274036101763983e+00
3.072956987865952394e-01
-3.967864119599207484e+00
-9.218075195077330974e+00
-5.923898406353350410e+00
2.441424879114280966e+00
-2.584344386541169047e+00
2.830491775643825925e+00
-3.256753818613741469e+00
1.575681317662100289e+00
1.184107128048256907e+00
3.308371231835142146e-01
-1.929075673370345800e+00
6.909087524155460791e+00
3.436313398769121008e+00
9.002935318685716837e+00
1.606488524500634174e+00
-4.045857036774183513e+00
2.154351966872262381e+00
-3.372776527480028541e+00
3.931811480566146932e-02
-4.047420124139624598e-01
1.457296258487999596e+00
-3.345515510524265324e+00
-4.760539456383089174e+00
-2.568859332383386374e-01
1.677223090359361235e+00
1.274629699912502634e+00
8.069739610879896219e+00
1.652027557661737811e+00
5.812265767519597226e+00
5.687879227640896929e+00
-5.724742146947401800e+00
-1.721844665854025624e+00
-1.003196041953753337e-01
-4.258667443793543228e+00
-3.234437664919818101e+00
1.120770438486588416e+00
4.070450689156014157e+00
-1.424805080006301239e+00
-5.044309879551148512e+00
-2.685596104673782847e+00
2.175846984982344523e+00
3.169473485568346405e+00
-1.499490906821203673e+00
1.170144930501824732e+01
-4.149343172132659241e+00
-3.317429452374157872e+00
3.313896497492641924e+00
1.725091095749476278e+00
-3.274316288541030406e-01
-4.226986194556637599e+00
5.937041740583803850e-02
2.406452805340537182e+00
-5.533456418017292933e-01
6.843748105844053242e+00
4.730520202615133285e-01
-1.351473861395213483e+01
-1.099795290793920272e-01
2.494897371712496703e+00
-3.569796642003686848e+00
-6.757801092501333207e-01
-7.737925132428643771e+00
-3.392211102543838397e-01
4.647887807963041240e+00
6.663058439153298096e+00
-3.850994778165953925e+00
3.357049952806252069e+00
1.581164258044997162e+00
-9.659925349606734990e-02
1.246051135093802742e+01
-2.068665633143449867e+00
-1.346519665949660993e+00
1.625919686227260463e+00
-5.373800651904073078e+00
6.335283087660301682e-01
5.302337181484242379e+00
4.066564460924784186e+00
-1.365354209811701081e+00
-2.334915305961526855e-04
-3.967735454499873082e+00
-4.263889317438907867e+00
6.378571560718997446e-01
-3.974953770556621357e+00
-5.457969669342809027e+00
-2.629815688550807273e-01
2.694694222099056180e+00
-3.694541552095153558e-01
5.899378348304570530e+00
-6.470874179139247673e-01
-3.324654393791979690e+00
-4.763599213818580647e-01
-1.040633431427169775e+01
-3.701214016442317067e+00
-3.838286705832318901e+00
-4.982652892110206011e+00
-5.432148591855792574e+00
6.119342431545153893e+00
9.531024988648325591e-01
3.720305862184631884e+00
-1.019374895257271696e+01
-1.663991666461211549e+00
3.593564865763741345e+00
-1.367137398180626739e+00
1.821209334504798827e+00
4.245288833812779217e-01
-4.706950704491785764e+00
-2.405835468281588785e+00
-9.536487456421728126e+00
4.892313264639739145e+00
-5.195435427219519120e+00
6.911294045439971612e+00
-3.877641407644504490e+00
-7.622805583506635507e-01
1.838106272251048612e+00
-4.088496318981532873e+00
7.008840131369279192e+00
-3.854549235355603454e+00
3.515000270241579461e+00
-1.595514131510363809e+00
-4.735332914341890742e+00
-7.274853963929277079e+00
4.773429963352450400e+00
-2.962676142003063617e+00
6.196619384810477804e+00
3.626923947974204365e-01
-7.063966504124285173e+00
-4.344623720015904134e+00
7.599269268523863197e+00
-4.658914523684380971e-01
5.975917666378068205e+00
-2.310932849857932680e+00
-5.308059284503133135e+00
5.471405737928082047e+00
-7.012678097106188169e+00
1.960836289694911194e+00
1.721987824055990046e+00
-2.823490305612902151e+00
-2.183913416482237579e+00
-3.821590396379737520e+00
-7.403486038966066829e+00
-2.848045962675279430e+00
2.674460962456211455e+00
-2.230034363872304137e+00
1.994916346898880422e+00
8.271936704333283430e+00
1.128242319143965666e+00
-7.854723828895886939e+00
4.472427992745997116e+00
-3.272328285838002060e-01
4.885189052362745699e+00
-1.905721663566315671e+00
-1.224154826024349552e+00
-1.771919764359435323e+00
-3.853220935547621018e-01
3.868043298986723944e+00
2.506866332555282906e+00
-5.816100607138299239e+00
2.126247038237420117e+00
1.481446974102097247e+00
2.141774919489529694e-01
-1.205157136149416885e+00
4.363896764857368993e+00
-1.525204839730266437e-01
-1.643156647222199673e+00
1.418763334472770143e-01
5.878686618372526596e+00
-1.160440722514873624e+00
1.078314451132261320e+00
-3.853689146346511940e+00
-1.354284046648011941e+00
6.734701082043416775e+00
4.516885889749714167e+00
4.006924126662177343e+00
-2.413501396437284896e+00
-2.173021810265129528e+00
1.696317854919089374e+00
-4.552430261974735437e+00
-8.693745351363299179e+00
9.042605021870912196e+00
5.104460452632845424e+00
-4.891989442025368007e+00
-9.196943038585235763e-01
-5.078425874329637324e+00
-1.360877815772555177e+00
2.665164406977049705e+00
1.755495961069031718e+00
-1.950303006729008803e+00
2.057483210997550938e+00
-1.724166448374332195e+00
-2.936017373238004158e+00
1.943529181174076248e+00
2.765621753919571102e+00
1.551337235447994622e+00
3.357749838044736368e+00
-1.937284072043933270e-01
6.626089294314642331e+00
-2.564976802298506886e+00
-5.644408687999320051e+00
6.118032081941526812e+00
-9.173084597013411168e-01
2.254704305335302195e-01
6.794226667063735237e-02
2.113661160577855469e-01
3.998119106977818249e-01
3.942923027436040062e+00
1.989516952985976639e+00
-1.677954979534659552e+00
5.966748494809642978e+00
-3.673913020949701291e+00
6.762230207045509367e+00
-3.094279559808875923e+00
-9.141061385433384423e-01
-6.084243703139364357e+00
-5.564738790114141409e+00
-1.650741965105650078e+00
5.558502744681289798e+00
2.521516202861089795e+00
3.134893531040190418e+00
3.508759463504149689e+00
3.592618005267095960e+00
-2.247857483044156002e+00
-4.547711613059440161e+00
-7.081084507861354460e+00
-3.076791877162459166e+00
1.671801463495004025e+00
-4.186170682786508834e+00
-7.686768513804326020e+00
-1.780752799372519624e+00
-4.792030824623240370e+00
7.968107916541832481e+00
-4.456265763055212048e+00
-1.963352308215980724e+00
9.372581271837869821e-01
2.816598660418572653e+00
-1.442379438779727074e+00
-3.323408170428234776e+00
-2.797487152566590307e+00
-1.582697255490234767e+00
5.975921992679976036e+00
-3.740340354898547659e+00
-3.016495424491125288e+00
1.201050501725699071e+01
3.939613436374401534e+00
4.766614157924200512e+00
7.489616991345672048e+00
2.523423670589134193e+00
-3.278698540947123430e+00
-3.703852336336759254e+00
-6.974508393074493995e+00
-2.657702331562056930e+00
1.301929635754944803e+00
4.407124931180030902e-01
-2.882328325506615219e+00
2.413136347233650447e+00
-3.823233412984586632e+00
1.721107418530409161e+00
-6.620068672115476671e-01
3.137044808096443038e+00
-6.553097802292117358e+00
-4.179627305990328168e+00
-9.717779418203745578e+00
4.002520696184835303e-01
4.140833125715262852e+00
-9.377477335656356772e+00
-7.488492157387009129e+00
4.414000859863350890e+00
-1.647284085168667200e+00
5.206375389734249737e+00
2.634675383911011082e+00
5.867184039238559912e+00
-3.329005090582870530e-02
-3.614547800694018154e+00
1.556105323036228727e+00
-1.554642193093423996e-01
3.748639525815848472e+00
