1.451840177677237520e+01
-1.063813596122449034e+01
-2.863386648578884319e+01
-2.160443244352067893e+01
3.405222160010673793e+00
8.354254538018821563e-01
-1.118473516681000213e+01
-1.817159680079018003e+01
1.392805503992825322e+01
-5.891562935831207604e+00
-1.300316174368985500e+01
-1.079876619613421518e+01
-2.932405262012950331e+01
-4.646580496212034950e-01
-6.952181168900138708e+00
-1.130732828277328378e-01
1.886746591805521334e+01
-1.943706043176296916e+01
1.911160191107900808e+00
9.615616063276627656e+00
-3.397921012237555605e+00
-3.760404977643813318e+00
-1.671938584568709629e+01
-7.598829633567979691e+00
3.670940217224897140e+01
-1.754008235948652583e+01
2.389855235092374031e+01
-5.618466982753133721e+00
-2.263574065232236876e+01
3.065894706466670172e+00
1.368071990085078404e+01
5.444693678423793592e+00
-1.842331511861307547e+01
1.090161199522301594e+01
1.457966256087154910e+01
2.182127491568479982e+01
-2.003718854901831392e+01
-1.745977636367611330e-02
3.777241679989615797e+00
6.025463709767652887e+00
-4.351134014893681012e+00
-8.452839045979684940e+00
-4.472335094065355676e+00
-5.226132603637525520e+00
4.525448421292467316e+01
2.589480050644185383e+01
-1.580097899214937485e+01
-8.652484943812918772e+00
4.503897293932151991e-02
4.623012987470077384e+00
6.774272256305312823e+00
-2.207656486643698734e+00
-3.489256550318818029e+01
5.630878491408352060e-01
-8.932851135641211471e+00
3.670795877990559397e+00
-1.850674964427004099e+01
2.080184259305100269e+01
2.555302319389176802e+01
5.206520368650632058e+00
-1.762523837443350505e+00
2.588921653374211651e+00
-1.041438496223662291e+01
4.183473358974652889e+00
4.790989103603125798e+00
-6.528556920953872300e+00
-1.260910299375376908e+01
1.730843231056466536e+01
-1.591370933040285074e+01
-1.139889127882947051e+01
1.690839475633635658e+01
6.310460738692511562e+00
1.547580310365899992e-01
-1.201869966086383634e+00
5.225825198900728719e-01
-7.359459018182963774e+00
-3.178484151917368905e+01
-1.499929510279694611e+01
2.826294529131557809e+01
5.491158694193074563e-01
-2.433332733109885027e+01
-1.800355246660958031e+01
1.016077499403854212e+01
-4.228614694328539514e+01
-1.146188354535109610e+01
1.960657323011052000e+01
1.713879148471977487e+01
7.810535896865518080e-01
1.449062925052318818e+01
3.164295798479490784e+01
-2.848938292131362626e+00
-2.871831894975228749e+01
1.112073241157080261e+01
3.211846829915072021e+01
3.062536585921487742e+01
-1.565429558268166765e+00
-8.107264123873495265e+00
-3.736636516028781330e+01
-2.063851329655625833e+01
3.890411400807982645e+00
1.786196528125877814e+00
1.386564054487591413e+01
1.673536540380001369e+01
-4.398037274805568941e+00
1.556615919802141867e+01
-1.541018198731564937e+01
5.594010393496501088e+00
1.283820919315600051e+01
2.253234693497035224e+01
-6.258101060425107498e+00
9.194883626772767826e+00
-1.436593582307447381e+00
1.652442097992118875e+01
1.253336549488734342e+01
1.627049541468334581e+01
-1.434420437866890374e+01
1.289107495914320722e+00
-3.011337152874134304e+01
-1.385818221879888412e+01
2.571756750172120132e+00
6.994870499842785749e-01
-1.580941967701616591e+01
1.110347185222942379e+01
2.006149835530485426e+00
-1.566900453581212993e+01
-1.243595462599888890e+01
7.812337450224418056e+00
1.054531553340973815e+01
-1.500311507970391922e+01
1.478367151866985729e+01
-2.488235494826485539e+00
-3.101651415426551495e+01
-4.527363744918588284e-01
3.268057239389485602e+01
-2.568390945683622206e+01
1.013775933670894958e+01
1.614345124246686325e+01
2.235608763893090867e+01
-2.016162016675944191e-01
1.775742087526852231e+01
-2.363975430993511040e+01
-1.635393961810085983e+01
1.525453877611259124e+01
1.325259168418567057e+01
1.153491517194420268e+01
-1.865370982854348370e+01
1.230905603200864995e+01
2.719267907123582972e+01
9.867205575966275788e+00
2.100286629333532318e+01
9.268201394384540492e+00
-8.151809481814353830e+00
1.198052611057137540e+01
-9.760154484330997304e-01
-1.811783778537745349e+01
-3.749530817899671131e+00
6.886735234569207442e+00
6.974015374868488770e+00
1.258808069070468783e+01
-1.488902261188398235e+01
8.086012565754433723e+00
2.650842147192319587e+00
2.065088351784772414e+01
-2.794503400247548441e+01
-1.691468531639553063e+01
-1.915789177034595525e+01
1.839498063054589849e+01
-8.154180790477067120e+00
3.684975415309778235e+00
1.063035073072642334e+01
3.140823106485733263e+00
-4.264959313818062370e+00
8.985333641317332365e+00
-4.879897878456158189e+00
2.636109661871188692e+01
5.337650954163715156e+00
-1.256111666950951167e-01
-3.029420207767043394e+01
2.862852844747922343e-01
2.275717519596880223e+01
5.939727564462037313e-01
-1.417180846039781983e+01
1.954050212420587940e+01
-1.200661492564482913e+01
1.062025135201855264e+01
3.307677105530853368e+00
2.624934724874540493e+01
3.882695579355207816e+00
1.581867633390612760e+01
7.604102209573256665e+00
-6.286495082457977723e+00
1.159944361029527249e+00
1.555364532068523076e+01
6.931482207406496343e+01
-2.582821359489664914e+01
1.738095436003777294e+01
-3.585154947251599555e+00
7.672288213478831942e+00
-4.768319909650656108e+00
-3.345539012124329048e+01
6.474057344543401982e+00
1.997458755028906907e+01
4.647430734147791065e-01
-3.511669626049065585e+01
-1.359866576826069640e+01
-4.465222587893042494e+00
-1.078657026099354965e+01
-1.253918500289318416e+01
5.775362143607062571e+00
3.014073608529962200e+01
-4.571951773507918482e+00
-1.534275243253462051e+01
3.548074882063210111e+01
-1.919089954215774085e+01
1.291811373229310966e+01
4.454850479179174316e-01
2.010272280985099247e+00
-7.303981653742598112e+00
-1.215600254840844885e+00
-3.799784221167901421e+01
2.324962508054466692e+00
-1.507706608963265538e+01
-2.606239036231355666e+00
2.988058211100159411e+01
1.739284272537551601e+01
1.068219826505879233e+01
-2.968682203118794760e+01
-2.053653407941977349e+01
3.252666127613847991e-01
-2.038791695497236134e+01
1.992112579928780036e+01
-1.563394699439350832e+00
3.288583151949316630e+01
-1.264304764629160438e+01
2.025527877402490162e+01
-9.322742660158997552e+00
7.753988352915182070e+00
2.467946821024745940e+00
4.299523146989522537e+00
3.535853101782862495e+01
-2.102415129093015977e+01
1.007054033172852314e+01
-9.795475347614415185e+00
1.690561243156454907e+01
4.322320723618512162e+00
8.898147144083859317e+00
-9.843897423598910734e+00
7.450073049782389489e+00
-3.480439695912570386e+01
1.289577053711198751e+01
-1.915184774450036542e+01
1.150453549119487207e+01
-6.191284744341297497e+00
1.152382234661479288e+01
-1.368656586102238926e+01
1.119865994652843533e+01
-1.036249280800657679e+01
1.779034888747210719e+00
-2.896341155021579539e+01
-2.056666101898105836e+01
-1.845522626338845029e+01
1.604303755946497390e+01
2.249443556823297996e+00
2.428867673472759225e+00
-9.321903546068371682e+00
-2.191859332825012530e+01
2.728389854830294836e-01
-6.631613174150309931e+00
3.317297243910286397e+01
-7.622160632340451158e+00
-6.206483820211877500e+00
-1.541329291943131885e+01
3.305224676559802788e+01
3.124292828492686880e+01
2.795215810742632812e+01
1.820940139918235667e+00
1.099469880148883050e+01
-1.004299708962482818e+01
-2.487480955597770205e+01
-1.525677097288521367e+01
-9.604778685604717481e+00
-8.191652154948018350e+00
-2.792653073859260093e+00
-3.540056850951836509e+01
-8.424157567995875340e+00
-8.090443342953250294e+00
1.395426414495023693e+01
1.299979734758956695e+01
1.091173093806385630e+01
-5.898689669016267345e+00
-2.803394796270135103e+00
5.648420175929016018e+00
5.167036043110497801e-01
2.584192086374201125e+01
-1.630850467359386435e+00
4.455558304391711744e+00
3.741718528028473933e+00
-4.122214345531451052e+00
-5.281643090102317473e+00
-3.601605703192252861e+01
-1.835429091226904674e+01
3.169088390285686074e+01
-1.231754629721402772e+01
-1.982251338761538406e+01
1.226450448009841487e-01
1.574286771722425193e+01
4.092952140016581097e+01
4.070542744841535665e+00
-6.072831793877051521e-01
-7.445931694515925514e+00
1.935383683903009455e+01
-1.778969340937405885e+00
-1.407363747408379950e+01
-5.108423842602933362e+00
-3.057100625898035773e+01
-1.309375226076538823e+01
-8.334445834843617895e-01
-2.359466314905053874e+00
-1.432013135991112129e+01
-3.195884546836000872e+00
1.013460576095721877e-01
8.879529701016924292e+00
1.194201293231540717e+01
1.102195425660216799e+01
-7.382233651051411938e-02
-2.271023240105892782e+01
-2.315350419784807823e+00
-1.787373438329335684e+01
2.873327647491255021e+01
1.526851206931029203e+01
7.941507164342631597e-01
-1.270859474284221946e+01
4.329641464413717244e+01
-2.235965451780299151e+00
-1.460872607379834953e+01
-1.248074792058285531e+01
-1.179129730252286512e+00
2.025576037220552905e+01
3.272813665156483154e+01
-9.762120113437338986e+00
7.825862280512956737e+00
2.390704632147913067e+00
1.203009424745148515e+01
5.935552241173836840e+00
4.393519635814290325e+01
-3.262836027692923579e+01
-1.853835584636310330e+01
-4.158761406028143881e+01
-2.145458262958854689e+01
-1.293586410179259971e+01
3.273697809718543184e+00
-2.238204621630623237e+01
1.568718724128723174e+01
-3.255925229039107194e-01
-1.643730942574539000e+01
-3.769550690514981284e+01
-3.430569346666618458e+01
1.182742491001947371e+01
1.487602655797615370e+01
-1.546012147489006061e+01
-3.345372034802336714e+01
-1.793053401452549878e+01
-2.914721717123462241e+01
1.532267014625706736e+01
-1.774892567712323199e+01
7.838854459677339903e-02
-1.333684247148022806e+01
9.201396044580151923e+00
2.237699864174949127e+01
-8.752926850820271554e+00
-7.056613424092642362e+00
4.156542566147027173e+01
-4.222906064212704536e+01
1.743405337884312090e+01
-4.417082791421229615e+00
3.020901358871909892e+01
-5.047809174759193773e+00
3.465026488114926906e+01
-2.195935028878234618e+01
-1.815562784485201675e+01
2.274606785422015420e+01
7.396296129828083821e-01
-7.737749437575160982e+00
8.035419559432011027e+00
-2.007651589716576979e+01
2.806238730295062656e+00
2.787928668971378254e+00
-1.648636275011200070e+01
1.758675485589975551e+01
-1.888046190237231414e+01
1.899946626075404055e+01
-2.257079723039042207e+01
1.020998333989310503e+00
-1.467160523420976759e+01
-1.202641737548447232e+01
-1.687210626754280440e+01
-5.644364773255973411e+00
-9.798011283676304473e+00
2.601851127731278623e+01
-1.909643599796183366e+01
-6.507741881951512930e+00
2.988032700467115887e+00
7.207141600455347685e+00
-3.779452930113318132e+01
1.945128950359898568e+01
6.948625242364316001e+00
-1.659141597631975173e+01
-2.287611476075015915e+01
-1.932416823100987102e+01
-3.359225703002415742e+00
1.081512293489772603e+01
8.999240013212187250e+00
4.012420677100715238e+01
-2.215019169124449050e+01
2.419281765228290126e+01
-8.307293614399643644e+00
1.101245514303473350e+01
-1.296424736459850457e+01
-3.817529526235699411e+00
-2.680616140458099039e+01
1.047947769431359966e+01
1.039712424966173288e+01
4.238838949682463664e+00
-2.795752482563927543e+01
7.282240664337177094e+00
-2.000652977607182237e+01
6.509337193476461891e+00
-2.498785315882445346e+00
1.634786540206021144e+01
2.996747731069143938e+01
-1.278598781290428121e+01
1.859117831737876259e+01
8.699626522956026564e-01
2.165508100796533952e+01
8.591151256435251682e+00
-1.236394673876959116e+00
2.142433515356720619e+01
7.237426221780133062e+00
-2.398159450153124084e+01
2.319239391126896876e+01
-1.335580209811271857e+01
-1.557148845297041895e+01
1.513799978902659582e+01
1.668970723646660215e+00
6.146288209040552175e+00
-3.574466969968578667e+01
6.445388293327853013e+00
6.116029626150091048e+00
-9.726863431549524819e+00
3.111829519568072300e+01
-1.058824275526801451e+01
2.365800647955735414e+01
3.060682972972929150e+01
2.582861162643125752e+01
1.494527365966261456e+01
5.418343068758655789e+00
2.108339991550508330e+00
-5.066518590313922044e-01
2.435340209248135324e+00
2.514450911522458298e+01
4.407186578224669304e+00
-1.918661258843706463e+01
4.344281876201760983e-02
-2.494407645074393898e+01
-3.223190329846426039e+01
1.856503424653300272e+01
-3.770863287881583403e+01
-2.422809963268468181e+01
-1.389347256630656879e+01
4.380872965373013850e-01
3.667771456969727950e+00
-2.768926487174778117e+01
1.069031526200337368e+01
-5.364270683395783834e+00
-1.060778020063077953e+01
-2.179796454194452338e+01
1.863859573063814778e+01
1.185225488016374129e+01
-9.498543791957118287e+00
-2.766492312262950648e+01
1.109243616692853607e+01
1.160505389725572734e+01
8.999749370370599522e+00
-2.033892783173186558e+01
-1.006713089704853736e+01
-3.474085551234006530e+00
-1.469668844804351160e+01
-1.880804306188521835e+01
-3.454074732047453633e+00
-2.376660811646068083e+01
1.550566038746308095e+01
1.751540930618362424e+01
1.216248515220799931e+01
-1.047166182137786272e+01
8.762188266332461950e+00
-1.501564701762352705e+01
1.766143518528550871e+01
1.459823867122512908e+01
-1.208542712675963671e+01
5.123637988024235312e+00
-3.803695223376223122e+00
1.627473516559683020e+01
1.626831639152807085e+01
-1.140831822858856270e+01
6.992627208664371707e+00
-1.815843124528849373e+01
-2.973697394065281685e+01
-1.669831647163719879e+01
-3.234144341789842514e+01
2.078368170007411919e-01
3.618998646592901025e+01
8.026748441064283313e+00
-2.372133937587136643e+01
2.152674241561526713e+01
1.687833725269090479e+00
-1.097757749417785966e+01
9.030712479288942163e+00
3.873949591053686969e+00
-3.278809112347584431e+00
-1.113073007504711853e+01
-6.008991068615121556e+00
-1.535602074507939108e+01
9.772973437818913922e+00
4.038545357186075790e+01
1.175838994677760496e+01
-3.667605525097862795e+01
3.185673118899874368e+00
3.474463185375901730e+01
1.377176068813528964e+01
2.400464810419388328e+01
-7.431562906982228434e+00
-1.933204946132922331e+01
1.203733321190121686e+01
-2.924912725408190894e+01
1.467001540082560318e+01
-6.178161132254170518e+00
-5.068212196424543237e+00
2.293412859715811081e+01
1.194471190211617539e+01
-1.086595882125431523e+01
-1.816925389004974889e+01
9.802360571956686641e+00
2.413925631235587232e+01
5.106432804147603477e+00
1.112555111002613017e+01
-8.004716547206189858e+00
4.600234783920527093e+01
4.744352853508397416e+00
-3.520886331803406932e+01
-3.641647984937426941e+01
-1.475726990523197912e+01
-2.409336521310213364e+00
-2.327727192448286431e+01
-1.310346274440175840e+01
9.479059435601485006e+00
1.062995881517302621e+01
2.668151876408465029e+01
-2.473506960508683505e+01
-4.068785126387408191e+00
-1.878198783006894246e+00
-1.570334500991839910e+01
-1.382878695366790467e+01
-1.644046584452824433e+01
-1.190985251995167005e+01
7.933064226497260840e+00
-3.511454012786617085e+01
-5.473032676810636765e+00
-2.034494798039339081e+00
-8.045141523539234285e+00
8.112080820738215792e+00
-7.480085527329969786e+00
4.190324039873197570e+00
1.957137723190041001e+01
2.387988533433955674e+00
5.819312532079084832e+00
1.087233075037913776e+00
4.124143235028178367e+00
2.651259379497316004e+01
2.489261733130252452e+01
-9.700002413915857602e+00
2.014956545574851887e+01
-9.319122618678672865e+00
1.011002576678032483e+01
2.020890435932379958e+01
-8.293206734360385468e+00
-7.899945955476592729e+00
-1.030283058780758587e+01
2.097581329919217552e+01
1.503883444579415496e+01
-3.974074958095735610e+01
2.148098875408168595e+01
-1.603383793797653212e+01
-9.798634166227875752e+00
-6.536199769888511035e+00
-3.037129678330405369e+00
-4.722135820199740430e-01
-9.692694513591357364e+00
-2.233141192305243194e+01
-3.176580382974188765e+00
-1.234341492383285122e+01
7.993126651819163264e+00
-2.928199492115920455e-01
8.754533455840219247e+00
6.924440748241877053e+00
-3.628413174057707913e+00
-9.601420691367213323e+00
3.561098516509620726e+00
2.644949429341114211e+00
1.968565852101635372e+01
1.758157637633956272e+00
2.504073522841762767e+01
4.995997689419749754e+00
1.863607217500550917e+01
-1.188586626073749208e+01
2.617319371549559737e+00
1.612481815387927508e-01
-4.717371781422046695e+01
-4.848910487132545022e+00
-3.225933952750562383e+00
-3.092881783922470618e+01
3.167882793495885085e+00
2.758935726908282593e-01
4.046856708593607799e+00
-1.408864004303220341e+00
1.978989753802256857e+01
2.125452684246110380e+01
2.706855950675092437e+00
8.502923088239826566e-01
1.678488787848842634e+01
-3.232241327195838920e+01
-4.519902159624030746e-01
-2.181727379108618337e+01
2.342584135305610715e+00
-3.077185328727214397e+01
8.518606043351420354e+00
1.081902055463416978e+01
7.688717943054298232e+00
1.792598046521697963e+00
1.991825186950222104e+01
3.626974952109880235e+01
1.811223174698528027e+01
9.361542631322867791e+00
-4.702680379059018950e-02
-2.354625786910125385e+01
-2.995251035929652694e+00
-8.936120033292512588e+00
1.826668716650542201e+00
2.460135166729234157e+01
3.215425096430832408e+00
-2.166498566822444571e-01
-6.524054285697714839e+00
4.013062555964201295e+01
1.161635431142631880e+01
-5.642592783216175079e+00
-2.490796371544884735e+01
-2.062405085428843599e+00
-3.369077322660076135e+01
-4.619098098037049027e+01
-2.031077717326600762e+01
-2.480350272501270936e+01
-2.068387108629606175e+01
-2.805528161789787589e+01
1.871178457425480346e+01
-1.694149897571944052e+01
2.283827779078991682e+01
-1.832570862199440498e+01
2.229141280921370694e+01
3.140487914958987403e+01
5.475555173436996270e+00
8.307646267020796671e+00
-2.929903810557428301e+01
-7.205025453249978895e+00
3.542132210580090401e+01
-1.329915809686301387e+01
-5.009840595429156274e+00
9.993730410317361645e+00
-8.749900299900104983e+00
-8.902622507512289118e+00
1.140933096415239945e+01
-2.766047449551146453e+00
-1.497552858420562627e+00
-3.148922754913154876e+00
6.166952354915046897e+00
8.072789304090211004e-01
-2.158762806311086635e+00
3.763254559433647728e+00
1.428286329426754264e+01
1.333689795372027120e+01
7.024908173541644985e+00
-1.281317547911560339e+01
-2.503124592705390228e+01
2.933739247803679451e+00
6.074650875834842090e+00
-9.162402658397219568e-01
-1.031309942028336302e+01
-6.716584176936610362e+00
-5.782341482238591013e+00
7.397631125548009834e+00
1.130101139421452139e+01
3.073436831112650225e+01
-1.647694620989369341e+01
5.546087111408444237e+00
-2.377447106290407675e+01
-3.189885535705780129e+01
1.736512446486201178e+00
-8.751910598669756070e+00
1.619764284664943332e+01
-1.750643864185889598e+01
1.816618908677954281e+01
-5.972213470021142889e+00
8.480354865091300098e+00
-1.169391417522805199e+01
-8.938862082542540222e+00
2.837898657940696623e+01
-1.086225979083196691e+01
-1.700632218578047627e+01
-1.023007049254517753e+01
-2.651147832404337024e+01
5.379264678997140336e+00
1.385161375639483339e+01
-1.608020521443491546e+01
2.153018078048481598e+01
-1.878103135315457095e+01
-2.002355068801708526e+01
-2.990133722328485621e+00
-3.549715092805897143e+01
2.385609759912286965e+00
-2.267836569672113001e+01
4.575033299915686769e+01
-4.726887044917833514e+00
2.070327786775183299e+01
-2.879344960111541596e+01
6.420788884095005145e+00
1.197698569697780968e+01
-2.774014116642108974e+01
-1.279294105887493949e+01
3.363177123220453812e-01
-8.352931525628749299e+00
2.357376045807908493e+00
-2.049472878808655452e+01
3.057686650306650655e+00
2.632390764921795778e+01
-1.217843913488353458e+01
-1.400092137907133072e+01
-9.023972769509128966e+00
-2.685116904604711507e+01
-7.000908927069815491e+00
1.186967385823055032e+01
-1.663039259279738147e+01
1.499167448282090476e+01
2.184519751122321196e+01
-4.771193190026767894e+00
1.722781767773242478e+01
1.316417484862329346e+01
-5.431481145129792409e+00
-1.098937208836252744e+01
5.164547849396786461e+00
1.349028850278251745e+01
2.307855256982656300e+01
2.908502976360777925e+00
-6.527876876077388424e+00
2.051997416493886561e+01
-1.812775081016694045e+01
-4.485818970904378311e+00
-1.201405027076765997e+00
-1.889143639027975397e+01
-3.214910438280531224e+01
-1.056604547155331986e+01
4.637467296851013998e+00
-2.688651274153480930e+00
2.645908157900339930e+01
2.002528645665965712e+01
2.525058990970940886e-01
1.001510408924099593e+01
-7.258920129640985763e+00
1.178296390408447003e+01
-1.647579982648745656e+01
4.133808669540427871e+01
1.715809063607568774e+01
1.837634997852968466e+00
2.213949042334374795e+01
1.716184733112837080e+01
-1.304237214546350820e+01
-3.666454056551779139e+00
-5.252779450716613496e+01
2.975973415550095424e+00
-3.281486312183893972e+01
2.256924931710878113e+01
2.953540597456446193e+01
-6.468843307693975753e+00
-2.599590094640075577e+01
-7.399110847679422065e+00
-6.990038950278739449e+00
2.803978966961204300e+00
-1.160327297816136571e+01
-4.766637568284322946e+00
7.812742134321891463e+00
-2.239378083156810639e+00
4.926689512492096412e+01
1.413567424926215388e+01
2.855181537129023184e+01
3.505932649468292084e+01
-9.380733645343756422e+00
-1.738309373440096905e+01
2.040417731180878391e+01
5.013730113015994583e+00
-6.627857151807916125e+00
2.502159979743556661e+01
5.256936113304957914e+00
-1.529758606602886672e+01
-6.917903420238700640e+00
1.707490093944178255e+01
-4.561461234787412167e+00
1.314409746175878979e+01
1.148353867889100322e+01
2.493543128120342800e+01
1.857278393343491629e+01
-2.122862537955652584e+01
-1.236209018485043742e+01
1.747159085321427696e+01
4.508928854092048577e-01
1.781821300563301591e+01
-1.046315277101671981e+01
-8.229549739788282636e+00
-2.868266251558639723e+01
1.675493749062156112e+01
1.702824971492586315e+01
-1.951183178356039960e+01
-1.786472916435444347e+01
4.494410263377344728e-01
-1.648287166291644112e+01
2.205873983256787341e+01
6.659386416960960675e-02
-1.414086759317181929e+01
-5.708733010888663584e-01
1.899195569410389695e+00
-1.300718794976870285e+01
-6.294298111402621743e+00
5.806895091677315435e+00
-3.983168113407925537e-01
-1.017429616735781117e+01
9.072315421323633444e+00
2.639478299992824972e+01
2.313502991429768940e+01
-2.284284845175835343e+01
-2.612263190322450246e-01
-2.191110814035524434e+00
-1.782905076664873967e+00
-3.393402821920908252e+01
2.637780162800232375e+01
-1.977324303932718408e+01
-1.381656037548422589e+01
1.577319716801319593e+01
1.955259288602359291e+01
-2.566596899518492236e+01
-3.059574687587214825e+01
2.056255928210294126e+00
-2.872214553773008205e+01
-4.900089194076437393e-01
-3.294439514274650094e+00
-2.604349443124235108e+01
3.604816717938017945e+01
-1.240577334929039388e+01
-1.039663562640672723e+01
8.290072225241283732e+00
2.186133854454518399e+01
-2.667738555776752207e+01
-1.969576268370361660e+01
2.570932143808067671e+00
-3.842986649938719079e+00
1.684824857874996695e+01
-1.560666044992051482e+01
5.118168738284546215e+00
-2.568739339609723560e-01
-6.219178823812780088e+00
-9.771189070875568206e+00
-2.768227101953274527e+01
5.156252758201980146e-01
-2.373139503500868486e+01
-6.292354770693139976e+00
-3.188803155748328066e+01
1.285414750097920589e+01
-2.108446720209142100e+01
1.058562454407883813e+01
2.508906357534247888e+01
-3.157648429394252076e+01
1.200804493794146666e+01
1.808780899384759877e+01
2.263191290654407339e+01
-2.474631271973770197e+01
2.306011343134418468e+00
1.391507325393040873e+01
2.760650732118651263e+01
-7.171260785492332701e+00
-1.929186732100229307e+01
5.398372699481356563e+00
-3.191463458967430444e+00
-6.662083690073727915e+00
4.493537166418295925e+00
-5.716515389739050157e+00
-2.314949079236294693e+01
-5.556225641595550435e+00
-1.233383743206946015e+01
6.289618341099345145e+00
1.207192641485408668e-01
-8.459036299876311338e-01
-2.448528431467761735e+01
-1.084671928260455687e+01
-1.060365586154235906e+01
5.374816793753598443e-01
1.132052581659478108e+01
2.671604538275721552e+01
1.317984812882846768e+01
-8.947689833242538526e+00
3.049313582333375905e+01
2.907396305142803783e+00
-2.089664491920441236e+01
3.338976613862111265e+01
-1.050036853845380769e+01
3.603657131523749224e-02
3.137536632288264826e+01
1.304294671263354388e+01
-3.248443640473529825e+01
-2.575903465695535743e+00
5.785893195296283764e+00
2.079923198042561694e+01
-1.097036775399685737e+01
4.062892976406183188e+00
-4.035932438150367396e+00
-2.931823480287874872e+01
-3.298997201638056875e+00
-2.207450337493163062e+01
-2.802097808459958728e+01
-3.319883013105572989e+00
-2.192162923801461716e+00
-1.890308682599140866e+01
1.898765673891286809e+01
-2.465815862390972057e+01
2.609915001000529955e+01
8.130837937420093198e+00
-4.286049483236351421e+01
1.260649915706272139e+01
1.870625603749160604e+01
6.991545567736102695e-01
-4.050237680981590316e+00
1.002122968596566288e+01
1.545784943659277921e+01
2.241999360117956996e+01
1.588778739447698563e+01
-1.481943443522935766e+01
9.520425543705867355e+00
-1.113833335691227688e+01
-1.208741452163689267e+01
-1.385203432952454294e-01
-5.280013007107476675e+00
1.382679108011459057e+01
2.206624800030035871e+01
-8.273775558971463440e-01
-9.851679600791619862e+00
-1.391953725977486656e+01
-8.228905479163511671e+00
-2.814661717279571818e+01
-1.328957812412235029e+01
1.453641276673905480e+01
-3.258262996391665922e+01
2.508542254564297380e+01
-3.588171674218818197e+01
-3.271580001324641440e+00
-1.867876535553884310e+01
-1.049390170459483862e+01
6.394897245028198896e+00
-1.455832751921293600e+01
-1.422149472657533131e+01
3.029553894224995503e+01
-7.624270436940801865e+00
-5.134484139852470541e+00
-3.060836714746386278e+01
2.009336702612070269e+01
1.162961106078344997e+01
-9.152341780539595462e+00
1.444242109628072868e+00
1.147525002216969803e+01
-1.730496893407687864e+01
-5.188304272541523154e+00
-3.905982447370988986e+00
4.899503230331440307e+00
2.672041566259577650e+01
-4.745547833852314490e+00
8.273238436202867696e-01
2.868091705186786555e+01
-1.084686388085901854e+01
-2.207986285373421609e+01
1.914701132084126556e+01
-3.592823893552819214e+01
2.561308362572320529e+00
4.009587000311248062e+01
-2.367613858122663117e+01
-2.276781620109485704e+00
2.258429034666958657e+01
-2.244790767808115817e+01
2.558701814407304553e+01
1.250000367367281484e+00
-3.399864644112303580e+01
6.967581753068663453e-01
-1.000207073069152486e+01
-6.435683546434882274e+00
1.032854005253670771e+01
-4.489309456903902706e-01
-2.687464704331336662e+01
5.533737503227435184e+00
4.324172282677016810e+00
-1.187008359490302212e+01
-4.351345834428854253e+00
-1.994685738992508206e+01
6.168012997339862302e+00
3.116603103791233842e+00
-5.134463054265039905e-02
-2.392917927755004115e+00
4.191064587797140639e+00
3.592930765488293154e+00
1.444155149893025225e+01
-8.900840312772881902e+00
4.111193781654771229e+00
8.022584033644439283e-02
1.746059974817658755e+01
2.909087405618085320e+00
-3.172284915050545884e+00
1.844974687774478639e+01
-1.893702074537072733e+01
-1.044189096649354376e+01
-9.696260024710298686e-02
1.399511376824927877e-01
4.575215424763936944e+00
-1.215302280448455452e+00
1.154921489603860785e+01
-3.095770661722928097e+01
-3.236087919450305606e+01
2.292005827195879419e+00
4.042891731803292998e+01
-1.066418472159254449e+00
-1.292217899535116565e+01
4.198188054112819145e+00
1.475461924998901431e+01
2.581653855334312198e+01
-1.844859180725840320e+00
-2.318649679103160555e+00
3.014369400474129890e+01
2.917607030123449618e+01
3.874973679550075900e+01
