7.014299884954359854e+00
5.752061075973763593e+00
-5.723226051136303116e-01
-5.215323941438197330e+00
-4.035815493645396934e+00
1.270196894882124283e+01
3.561923819770679067e+00
2.108378756521704034e+00
4.225022665232677888e+00
-9.493388313996953265e-02
-8.290236749224671797e+00
-7.919543854504212277e+00
-1.230654392173976264e-01
-3.335277956348351225e+00
1.618368094331543716e+01
5.474658806934894706e+00
2.981337738494259870e+00
6.386240585909161993e+00
-1.263191906929580277e+00
6.932255719521300819e+00
2.494580826549841035e+00
1.346785340715372037e+00
-6.734041186571575466e-01
-2.200395690465197784e-01
4.176516897166406395e+00
-9.454261198267008837e+00
-4.233856098200563522e+00
-7.551964741023184047e+00
-5.681601686899293568e+00
-6.041635078318584817e+00
-4.604848594187935795e+00
-1.233969874570147951e+00
4.422722396679595214e+00
1.358157881225145758e+01
1.055513591636563930e+01
-2.158882468138397570e+00
5.417757126910469623e+00
1.426211945416331117e+00
-2.104242638644242547e+00
5.435987675986917012e+00
-1.033827089528749887e+01
-4.616067966014050228e-01
-4.787293540826785820e-01
8.652740581696871658e+00
-1.435790970954446166e+01
-3.057648204270405401e+00
1.531519358587318536e+01
5.938754941643676233e+00
-3.854196041321154009e+00
-8.227969337701344088e-01
1.387875059905842612e+01
-2.563125144169777325e+00
1.327808393285017097e+00
-1.347508853449898147e+01
1.474080873919314172e+01
6.861767191854295511e+00
-3.503321868636410930e+00
5.682139864447432132e+00
-4.006797242595740549e+00
5.181399708081452005e+00
1.134898042667546036e+01
6.910952993631837238e+00
1.143111390237995018e+00
-8.968851185904249235e+00
-3.600999262207340124e+00
-3.636237556521741521e+00
9.999618902666920661e+00
3.093940217954083138e+00
-1.960491383586802971e+00
5.517950997737269603e+00
1.073222193807475122e+01
-8.412179457324042708e-01
4.629853230034298051e+00
1.343333970772494279e+00
1.004072965330818334e+01
-6.312187900950929631e+00
-1.664741381934515374e+00
-1.018122955810935082e+01
-3.698067645834315353e-01
-3.332340748711276390e+00
-3.058847754559713028e+00
5.144819742736216561e+00
-7.446716289802446376e-01
-5.263742763094469979e-02
3.734867963354333575e+00
-1.028380779915984178e+01
2.376346741419470998e+00
-1.818586839130071686e+00
4.967701063271253936e+00
1.823695383602789732e+01
5.746440274826355221e+00
5.777346379524696651e+00
1.393436012258447487e+00
6.966374705732635064e+00
3.666729043801340016e+00
-4.810989967554936797e+00
3.605417157040061937e+00
4.398303802921624595e+00
-4.124365420450527786e+00
5.504652403948397499e+00
2.038380782438994343e-01
-2.414217924936392201e+00
5.596651564024792691e-01
-7.326981338822740053e-01
-6.008900787869262849e+00
1.186533402500260337e+01
1.957489835498990249e+00
-9.369846098793881417e-01
-9.524959422333328263e+00
5.693645020480551544e+00
1.124374448102517832e+01
3.637105092350164437e+00
-1.584955128432086724e+01
3.921612168761508421e+00
-7.712121612177079477e+00
1.421482073754545183e+01
8.625750834779100984e+00
2.083956151377711619e-01
-8.734398953547769295e+00
6.559954395883035083e+00
-1.857471326118691257e+00
-6.292078691500905485e+00
-4.300437906536604515e+00
6.564896081872328537e+00
1.004552070927208618e+01
9.453015470548720600e+00
-8.220172735668949127e-01
1.235971678098140103e+01
2.770267136703210120e+00
-5.186220018623380668e+00
-7.652157768220919642e+00
3.973973746593137957e+00
-2.996978733790144123e+00
8.670562297677815167e+00
-8.673706312660285356e-01
-3.783709744964812050e+00
1.367506410184248899e+00
-4.472567938987940250e-01
-2.888703327998491055e+00
-1.167163556069514829e+00
5.126278905990541368e+00
-5.465547035160234657e+00
9.907926186446431860e-01
5.135167083206767735e+00
9.444811661026670802e-01
-3.322466670054963878e+00
-9.699324161600470617e+00
-3.072888580957590321e+00
4.242729010901890696e+00
2.677987331776075397e+00
-1.309404364319241765e+01
5.871871127601488993e-01
-7.518508940065979473e+00
7.102043951763477025e+00
2.203404189407755176e+00
5.502927276624263619e+00
-4.078401804905720240e+00
1.227571836997318977e+00
-6.258043408872847380e+00
-5.044553959851934444e+00
-2.759661361174986283e+00
-2.281169824307938132e+00
4.937478703404178049e+00
2.566716675720494223e+00
-4.101812671623279449e-01
-1.400343147025890689e+00
-1.338002185049728965e+01
-1.508464484931098326e+01
3.849844211552039486e+00
-7.203847229088218285e-01
8.175513293827913586e+00
-1.599214647152754631e+00
1.206173626573454349e+01
6.657229803587858541e-01
1.898412590711542336e+00
5.120665272749681307e+00
-6.229717515430100327e+00
-8.188935176714946529e-01
4.317050218699495900e+00
-7.178926234034888054e+00
-5.161385284551018415e+00
-3.807188507688173296e+00
-6.769801776531611637e+00
-4.313468937374892676e+00
4.621716003032594777e+00
-1.130612234750265443e+01
-2.472908123392412172e-01
-7.694250778241148225e+00
1.319854552872974729e+01
-4.533850140687290420e+00
5.351106513263117925e+00
1.652371174239480922e+01
-1.086777623591556052e-01
-2.124821434138626675e+00
4.273511148372591606e+00
-2.656074578613472958e+00
2.095062389291356464e+00
5.386081083010072490e-01
-5.449250082043295862e+00
-7.146860046811060130e+00
-3.701985819024878666e+00
3.352541468423622995e+00
3.504646041068677498e+00
-4.332249876438625691e+00
1.039688420365916066e+01
-2.175856385847577457e+00
2.658443639457197971e+00
-4.839041583251487033e+00
7.474851148642444265e+00
-1.728829064014743722e+01
-1.531802849047541670e+01
-1.410025656312299347e+01
8.671530642809180733e+00
-5.486626275845072342e-01
-2.606417549867609207e+00
-6.699519029367383638e+00
-5.279161867660118190e+00
-1.359837001817662028e+01
4.842350921370297101e+00
1.083999264686129749e+01
-2.322163111656547763e+00
6.654503591681063313e+00
1.140065622479699448e+00
-1.175356938073018886e+00
-3.591290673015793189e+00
-7.942561674040739206e+00
-3.915855460450530678e+00
-6.415826310060140258e+00
-1.440756172722520656e+00
-7.004300999290697938e+00
4.488611505786998634e+00
1.527608941153706379e+00
-5.931596199166499161e+00
-7.652952805582700080e+00
-9.867653826587929444e+00
-3.944964565928272382e+00
-5.315547036139362191e+00
8.993718398209818332e+00
6.584789143650227050e-01
4.331284077340786354e+00
2.834834966099183173e+00
-1.095173818093159213e+01
7.559167112302334068e-01
-9.070348587688018327e+00
8.132339258656744008e+00
-5.949213276323065180e+00
-2.953195640453485815e+00
1.060882361598471713e+00
6.737171282804481631e-01
-1.628024450998170725e+00
2.311438031014887429e+00
-3.400189182565807933e+00
2.353485837541999803e+00
1.778413403181290775e+01
-1.276491334540216549e+01
1.728373545961786384e+00
-1.516745497581506186e+01
-1.316428998959482755e+01
-9.704216371600258739e+00
-2.033046850391374782e+00
-6.489395393373304621e+00
8.163936657190443924e+00
-2.366784187472773304e+00
-4.164860113772292038e+00
-7.591520857489489238e+00
7.699837600143226268e+00
8.937723874134835711e+00
-8.829430454831362240e+00
-6.854528939002404453e-01
-2.624328274213212353e+00
8.511891751130024275e+00
-1.786489494566008318e+01
-7.748527325030380553e+00
-5.004380301325626945e+00
6.547907006343155700e+00
-1.573310540243131550e+00
1.099329782788832688e+01
4.240832681952944938e+00
-1.600984422253765693e+00
-1.130479160785752279e+00
-9.183181880094906546e+00
-1.056347955674830885e+01
1.086374188994885692e+01
-4.231154925435763658e+00
3.248786392239839227e+00
1.930535173953656258e+00
2.187862034996059357e+00
6.648767281419901920e+00
8.130202461977779294e+00
-2.882123068077700623e+01
1.000549081735036339e+01
4.823338169055747748e+00
-4.518355598660015460e+00
-6.432272563944407828e+00
-5.502218704015493955e+00
4.645980587128549111e+00
1.562105995365252742e+00
-6.625141698164896731e+00
-4.867428723364280785e+00
3.769452164666522886e+00
-3.738720343888639164e+00
1.140031256793469838e+00
-1.473474058261604824e+01
2.532281791986960684e+00
-8.275565332724568179e+00
-2.230218938713636412e+00
1.390857003336174902e+00
-1.464192537048721299e+01
-6.162649719895985534e+00
-7.905349717936045906e+00
5.042211863433461616e+00
3.579301276797425935e+00
-2.118711533628095278e+00
6.184785300272131359e+00
9.821096968610575573e+00
4.076038359603314509e-01
-9.217631730391167011e-01
4.203949433289644766e+00
-2.214900072461874814e+01
3.772363314376240284e-01
-2.843844413927724801e+00
-4.922556805793482759e+00
6.208380690731559071e+00
-2.415012486645775169e+00
9.924339701803226887e+00
-6.266923307224251616e+00
-1.042453025595050420e+01
-7.241837307703420379e+00
1.071188738594626066e+01
-7.165032678732188742e+00
4.739577743756064887e-01
7.194890253659991686e+00
-5.375005035007939469e+00
-8.478382983146660834e+00
-2.534904063267803043e+00
6.882514974697622634e+00
5.774528634568545371e+00
1.707196415634898878e+00
-6.068319412842960503e+00
8.218196933897507606e+00
4.258160820929583146e+00
2.458506137723852625e+00
1.100008949563994776e+01
-1.103334635724281654e+01
7.810903191579303240e+00
-3.124868730384003257e+00
-1.303003124042787597e+01
1.587258281568467266e+00
-1.332695091169019186e+01
6.247133521367409514e+00
6.607405664959487446e+00
1.713498682762333658e+01
3.564615853301413395e+00
6.736875468601328798e+00
-6.337269429924970998e-01
3.417546561593555854e+00
6.220556150230696080e-01
-1.241290900232326955e+01
7.065015339529201910e+00
-6.427405247414561540e-01
7.411614996624844132e+00
-4.084329810033381136e+00
-2.446478615639292364e+00
-3.783429266971502614e+00
8.664229075043465400e+00
-8.679934214675048665e+00
4.092363043141887147e+00
-1.611113622218570640e+01
2.600153726820768174e+00
5.759476325644651951e+00
-1.132716785897353473e+00
-1.684252241757746127e+00
-4.304543152858088639e+00
-7.473452581402584727e+00
-7.273481294811393383e+00
6.319637298466091124e+00
5.882278266934164002e+00
4.673887498224249093e+00
7.386091195092398642e+00
-1.588907120257132322e+00
8.165622209161776945e-01
1.251913267649186245e+01
2.234533519555484737e+00
-6.314328384064167743e+00
-9.804942251570281542e+00
-5.043151123503415434e+00
-2.979272208895102025e+00
1.837424931420239771e+00
1.939175030821524093e+00
-1.033869402604230459e+01
-6.851080667467446261e+00
-1.311951028889903270e+01
-3.401443890379818313e+00
-7.554783721514198191e+00
-3.396966440145933852e+00
-3.856209990974645674e+00
1.424357580288281611e+01
5.294430953415504959e+00
-2.880000692240744176e+00
3.539368673401924514e+00
-5.339573143458450133e+00
9.333246026063996226e+00
1.827074590590404668e+00
4.458865969389752770e+00
1.177058167745995476e+00
4.957232270723040735e+00
-2.558973967552610773e+01
3.319555547824311947e+00
1.031038996933100194e+01
5.027854532805731136e-02
-4.374816023129665332e+00
-5.774141485084202330e+00
-5.270883825300841430e+00
1.209353692748011611e+01
1.282762063665668784e+01
2.084694887646192818e+00
1.181463233832378057e+00
-2.739321514010614855e+00
4.361208605084459400e+00
1.699723356636686500e+00
-3.603762230339041750e+00
-1.788308553494517028e+01
1.911477827655956307e+00
1.065230098604335041e+01
-5.231978838497743922e+00
-1.021276179213054469e+01
1.201330243779971063e+01
1.479636510351337719e+01
-5.717153573137537137e+00
-6.885408770494819919e+00
3.289871788372193961e+00
-3.820315767164357279e+00
7.506423894015274101e+00
1.852175742076876963e+00
-3.552922646973617482e+00
1.394205609305080973e+00
-1.303237354569373352e+01
3.788241064322212193e+00
-8.247100311063148226e+00
-1.618990359657160383e+01
1.059184143872152761e-01
2.789399873219481574e+00
-6.337128956833337767e+00
-1.656154131436883281e+00
2.937965234982012674e+00
-8.338339355436552580e+00
-4.535686152521861914e+00
-1.864992344446384953e+00
2.046029175771562070e+00
1.728867296849890778e+01
1.265946155998877609e+00
6.867491755758265981e-01
-7.917870147639555212e-01
6.351181256562340671e+00
-2.518498680333304929e+00
-6.778579741723651519e-01
-8.588088731925427766e+00
1.432368877053635536e+01
1.010120640066890729e+01
5.326785840121521787e+00
1.187908597963809676e+01
3.869938837823806210e+00
9.917997315712195672e+00
1.267651826170891383e+01
6.710300370475771992e+00
-3.269508414241631300e+00
6.043124329145898699e+00
-1.049233792566386114e+01
4.249480628531916437e+00
2.785192742133861366e+00
-5.680772304137281736e+00
-1.093560764304519140e+01
-1.713937012380767122e+00
-8.317101533283619119e+00
-1.604373792645377961e+01
5.393276102889973167e+00
-4.472649113455260395e-01
1.133705904757734473e+00
-8.929852068328644421e+00
-5.159683471875533556e+00
-4.628043584284883494e+00
-1.226525799598999322e+00
-2.184076632228410197e+00
-2.100939437311475544e+01
9.559344320118922766e+00
-6.075603125648480152e+00
8.448648534960950585e+00
1.472655703892339574e+01
-1.856461790989734961e+00
-7.510932460689875079e+00
-1.538077266169073987e+01
1.274393173468115670e+01
9.136923932313145258e+00
-1.696862360580683737e-01
3.687631235935122209e+00
-2.489856218509832075e+01
1.174036579886159615e+00
4.903883184607175316e+00
7.174274113843651435e+00
-1.071064007171409216e+01
-3.391321924424892664e+00
-2.802324531333939994e+00
5.187145535729351664e+00
1.001826910968921780e+01
8.568177001814641924e-01
9.515095404734509543e+00
2.388521144792274953e+00
-1.381071225115618617e+01
-9.038912017548371702e-01
1.468436052568232597e+01
-1.120045334687554073e+00
7.219597402451046086e+00
-3.222865203817465218e+00
-2.413936555678016571e+00
-2.925915612692878032e+00
1.761530339217021179e+00
-1.490651044199338582e+00
1.862863554481974715e+00
1.276864973505245260e+01
-1.729385385583999346e+00
3.296078279001410927e+00
6.543332528944814541e+00
2.154331643379515437e+00
9.628189964100995368e+00
-1.630987621856502479e+00
9.423471802323652113e+00
1.132840086016757120e+01
8.124968451023280025e+00
2.822970568874317188e+00
4.237987279750753622e+00
1.003056574621106201e+01
-1.106752504984841456e+00
-5.328731879419165152e-01
-7.533958488356919503e+00
5.844653287513897233e+00
-1.349702566882869492e+00
-9.706602755025247831e+00
1.863892236470404917e+00
2.223523109054354574e+00
4.070940571874622216e-01
-1.774344687315170810e-01
4.589011429175767209e-01
-5.418493017973503356e+00
-2.635340145928045885e+00
1.113786057511898520e+01
-7.397865232458824991e+00
-7.416865850795980819e+00
-5.010667146020507445e+00
-1.168754346295465751e+01
-3.033527164401002452e+00
-1.502594588803026321e+00
-7.914657588113316322e+00
1.106263248865431947e+01
8.641058643783264159e+00
-2.957382201194733273e+00
-1.673232650286962553e+00
2.272179094564405588e+00
-8.141995861741069263e-01
-1.100534463199375068e+01
4.669118462371959488e+00
6.152989413888890979e+00
-5.853985302378306166e+00
1.400960741879085170e+01
-5.266491702590427870e+00
7.673136755562733669e+00
3.776268991660037599e+00
-1.581128072473569190e+01
-1.039491848061223678e+01
7.902272521900298941e+00
3.671159741242224328e+00
1.902223272951671929e-01
-8.908750150528781830e+00
3.814945182625258280e+00
-9.427714633469841843e+00
3.927735989044259135e+00
3.878884436117503220e+00
7.967961548096514690e+00
7.284264778505003868e+00
-4.242437371779752553e+00
1.162130241044775047e+01
1.096414733935156249e+01
-7.468570791399411490e+00
-8.336048926368409440e+00
-3.221534081741986189e+00
6.529771030461289705e+00
-6.810209504396128821e+00
6.942317434965250555e-02
-3.355586807108435821e+00
5.359065816097334789e+00
4.347257108683156623e+00
5.743717885808570234e-01
4.360639121034356691e+00
4.447369591721027859e+00
3.679516093511435493e+00
-3.849750062061203515e+00
-7.112415770258575520e+00
5.248660990000943549e+00
1.258637080444264100e+01
4.473305736495953866e+00
7.616703864617863751e+00
-3.962634000056933115e+00
-1.316224476254736864e+01
5.446934465342557097e+00
4.905525021585764200e+00
-7.044466162189551017e-01
-8.032202161077893976e+00
1.135616979318514375e+01
1.966537912688027356e+00
-4.376479810758082678e+00
-8.768198669996284167e+00
2.669438961224653628e+00
6.970171086966692187e+00
-1.057956423767281606e+01
-5.534711756601252475e+00
-6.709308342935816682e+00
4.295985989025065122e-01
-3.160745781629987317e+00
2.895968445325386442e-01
1.074694791129444127e+01
-1.254887384519478388e+01
-2.169780968186317605e+00
-2.690977527297569782e+00
1.787957359460634832e+00
6.650311222434236669e+00
7.155864320087782282e+00
9.181350881034077815e+00
-6.912074537033742416e+00
5.149532580740152632e+00
-4.503346123917097987e-01
2.047929590936611088e+00
1.936161935431208647e+01
4.183905589342455933e-01
-1.560573518477689170e+01
-2.861571921997202672e+00
-1.145090255965118331e+01
3.792806365041846650e+00
-3.277289371532825513e+00
1.146727785211127681e+01
8.245471110630141709e+00
3.262463099628677976e-01
2.950051017261428488e+00
-2.386833774421264209e-01
-3.164896355314231080e+00
-1.097026447503109381e+01
1.792141720796277982e+00
9.607355296208625717e+00
9.959907750306973284e+00
-6.617156835937679560e+00
1.431201016821293193e+00
-3.114452151110902456e+00
-3.039227270116463764e+00
4.295035904148110539e+00
-4.365966438247077974e+00
-5.411993940731727015e+00
-3.844816310665088110e+00
-2.341335725899361897e+00
2.477216781210234142e+00
-7.353584349709602286e+00
9.586840425249947728e+00
-7.459972970574970219e+00
-3.620848261136734081e+00
-9.029341323680256437e+00
1.228390172928896718e+01
1.261696702747913124e+00
7.582168223868716694e+00
8.985128424630193678e+00
3.234615703272646137e+00
-2.604758213643031617e+00
-1.425496398604029835e+01
-3.846968739471632759e+00
-9.803537476781740700e-01
-1.841668485468263894e+00
2.849764124742661053e+00
-3.846758161891495220e+00
9.289264664245356684e+00
-5.025475021094345962e+00
5.155402265403834505e+00
4.251948581560816010e+00
-8.236612197436556926e+00
3.634900524843780900e+00
4.632190627886599188e+00
8.943064156639199069e+00
1.845213311447531979e+00
-8.177506735426773865e-01
1.039716773214306889e+00
-3.183940442140300142e+00
-5.647629138907111823e+00
6.796869990077442081e-01
-2.107604761564441098e+00
-4.036497552079894469e+00
3.107534571403575363e+00
9.907126459513921901e+00
1.802978485705501344e+00
8.378890481763544784e+00
2.028935435237236629e+00
5.156717220462158302e+00
-1.059752209388873823e+00
1.381993600939883393e+01
5.735488314399836973e+00
-1.108616314773850497e+01
3.133872176568237577e-01
-1.035740125758426444e+01
7.419767913745372923e+00
3.007669390501694906e+00
3.710679375926173140e+00
-6.402697634014632655e+00
1.297817737554984774e+01
4.741403675778288473e+00
-1.331391276241260524e+00
-1.268426095360007944e+00
-8.805421106226930306e+00
8.843979298325393756e+00
1.019991397530848332e+01
8.014706095979081013e+00
-1.246945902475384926e+01
-6.889082688212430639e-02
-1.232608452652535380e+00
6.826902590431712881e+00
1.411421754567699161e+01
1.533454140861260973e+00
1.061147845117389288e+01
-4.716447765217106181e+00
-4.240338344110972102e+00
2.947794903063269523e+00
-3.876673868755833308e+00
-2.725103036146999003e+00
1.427582370153246183e+00
-3.308302243563701950e+00
-8.700405631254135130e+00
-1.379397518825808078e+01
-6.798597880569655416e+00
1.295863109891545184e-01
-1.457738749238114728e+01
1.595954222141342527e+01
1.357761641008273568e+00
-3.531285488156126195e-01
4.382119646566133397e+00
2.571158928881328798e+00
7.753779581882562777e-01
-2.410638977269995209e+00
1.277858109165993561e+01
5.078479816481136222e-01
6.286170262786229479e+00
-1.047367514406243316e+01
1.084496797332284146e+01
1.846137928340247647e-01
-6.478478311078264440e+00
-2.988012456667118677e+00
-2.958691792832783385e+00
-1.166652392898306090e+01
-1.091910715736865356e+01
-1.488894864745710400e+01
4.622960607529846833e+00
-4.401205841724910250e+00
-1.980390833852276655e+00
1.373384369033674446e+00
-9.860940181904835455e+00
-4.899133555508561777e+00
1.021964458539402543e+01
1.679700829967194053e+01
3.011639594037295531e+00
3.056331317404125780e+00
-2.595436468776333161e+00
5.739811695089779287e-01
-9.434386223078611522e+00
6.591242360349858220e-01
4.951482970001575001e-02
-1.338637639847017669e+00
-6.263353214904858746e+00
5.798435130370748425e+00
-6.437857931194615801e+00
-8.574419733103777475e+00
-2.657808789649403813e+00
9.655760516986561015e+00
-9.541836565857103380e+00
-2.717049615881032665e+00
3.322118733332467322e+00
3.221230107578731960e+00
6.683027991418671654e+00
-4.868185508509959014e+00
8.063053251859235715e+00
-1.374373151103270452e+01
2.347896173247623341e+00
5.024101490302113060e-01
3.727240623758627969e+00
-6.782415590087700341e-01
5.771531961571347402e+00
-3.843377878689101301e+00
-6.223856924069693264e+00
-2.450973904166310113e+00
-3.284950983385372059e+00
-5.940822514441199687e+00
-5.386835721018305101e+00
-9.613805276989971560e+00
-5.959423465237800865e-01
2.517768240050899387e+00
7.001335793299289456e+00
-3.737728766288581639e+00
1.722341586407267089e+00
-7.565473523438790870e+00
3.044898368288837531e+00
5.852082243553104135e+00
4.068201593212204870e+00
-4.124439723596087681e+00
-3.920047879430876847e+00
-8.304977511536632662e+00
2.700644986036060402e-01
-4.525170948074406230e-01
6.057403177096465363e-01
-4.697739150693500676e+00
-8.674236965756474405e+00
1.798272940563997668e+00
-2.283899411347763753e+00
-8.926483669144712474e-01
5.945719675128134263e+00
1.878958620044446359e-01
8.305891570928574552e+00
4.876980161188394725e+00
9.685736895972141269e+00
1.408922062640079531e+01
-3.299605481020633668e+00
5.958382702003666154e+00
1.281368110584776687e+01
4.176965064705915331e+00
-1.526915077442042801e+01
9.080702487219888042e+00
-4.486509014382320970e+00
9.408040079533613875e-02
1.683247297851924884e+01
-6.215845766177302778e+00
1.283593454883630613e+01
6.521053609130134987e+00
-8.930195987470234797e+00
3.847525206497455663e+00
-5.204295750424560829e+00
7.402970716820802544e+00
1.090744104491323796e+01
-1.652939210011096227e+00
-1.849626813336620046e+01
-1.128607722923160495e+01
1.123811166726942012e+01
-9.504520647667398237e+00
1.945991797112369071e+01
8.208882908407304058e+00
-5.938954937736606876e-01
2.052669352706741446e+00
6.169294837354711847e-01
-4.282524505914205193e+00
-7.872576070357140132e+00
-1.461568769180386340e+01
9.667932801604237625e+00
-5.938022415762503670e+00
-8.711893193780175793e+00
-3.948358263854490957e+00
2.406940075658587475e+00
3.305791931891956636e+00
-5.614822173851425902e+00
6.278355184041825687e+00
-3.390644746759906347e+00
-1.430570787997153914e+01
-1.287007220451245892e+01
3.551075823324350456e+00
-1.536490056583188490e+01
6.850968993110249983e+00
7.062442852541948923e+00
-3.531071863437747815e+00
-4.203165412508457877e+00
-9.896082223380778808e-01
1.432297763723607176e+01
-4.211623164872836611e+00
-2.689094196057604247e+00
7.701503374370304300e-01
-7.834838718898067711e+00
-1.756492153393987898e+00
1.373271559947032650e+01
1.531320725523367088e+01
-5.221676668077959604e+00
1.404795160403154597e+01
1.756000836421952371e+00
9.588284996449843334e+00
-1.528092507711898973e+00
-4.806040323761851418e+00
-8.282380704065863686e-01
-3.813322523199927261e+00
-9.947321793947971891e-01
1.067194567533517713e+01
2.199967441994188366e+00
-4.414433601417512065e+00
-2.800646099777862830e+00
-9.619662316206952113e+00
4.521673361273332858e+00
3.376185789543010074e+00
1.072288547407862280e+00
1.835626859138330502e+01
4.324857102797276198e+00
-3.293723744685745025e+00
3.311823655561815460e+00
3.302264124860252892e+00
-8.204071414263662376e+00
-4.693129951886882978e+00
-5.055582999861585325e-01
-7.425634011302169490e+00
-3.451939522458737475e+00
-2.923243933735240052e-01
6.575851384817590350e-01
-4.263378545455957180e+00
1.715873415985358363e+01
3.566201228132341305e-01
1.183859248147759757e+01
-3.690180049254619732e+00
-6.479092307872500456e-01
-8.890765550175938614e+00
-1.461495712741131214e+00
-6.708386539471453247e+00
7.393194100889574294e+00
3.166706154319717914e+00
-2.341007313758072694e+00
-8.416488857446273286e+00
-3.256406498702657970e+00
-1.244783259374258044e+01
5.514120784161315569e+00
3.751182228403403762e+00
-2.495079672922963621e+00
1.716775485109729260e+01
2.375892761087251337e+00
7.158731483426599596e+00
1.923325048613102606e+00
-1.277347973764001310e+01
-9.326978070059190884e+00
1.181515112806940548e+00
1.507574057799048362e+01
8.831615869551523446e+00
1.385244339328634000e-02
-2.649852120045568693e+00
-9.278881144905696488e+00
-5.301523417702347363e-01
-1.582405804705551233e+01
3.900617381082013280e-01
6.165856561721287044e+00
5.451958694598107336e+00
-3.329437897541867031e+00
9.759515909556659707e-02
-6.288063144247077574e+00
6.146020687373820124e+00
-6.436223804084056255e+00
-5.982301252481788012e+00
-5.879635496674465500e+00
-1.847488607014053485e+01
-4.427177811473510083e+00
3.016292637716383673e+00
-4.259029921191343604e+00
-5.423508941977429387e+00
-1.113608700663022866e+01
1.775097155046348574e+00
6.234851520196407648e+00
2.351163339872324620e+00
3.758809159305451786e-01
-6.447424446913897711e+00
7.086920848081455837e+00
-4.317066984920692185e+00
2.294850583293551516e+00
-6.811857891438433121e-01
9.580988141025848392e+00
6.220258554733690382e+00
1.172289892670113520e+00
-1.325184999336718406e+01
-4.037904557214690549e+00
-4.556498584352389081e+00
-6.691089475317419044e+00
-1.167291546661030743e+01
-1.102844817644504793e+01
4.966436574229869727e+00
1.619437479438571614e+01
1.722389550532004776e+01
1.745255078478260780e+00
-3.151196496409058412e+00
1.032409048850137800e+01
4.498436187140699261e+00
-6.661891740472637657e+00
1.747913234849430353e+01
2.629646185809799697e+00
1.597829075047003444e+00
2.001520840121639999e-02
-1.471733962202022905e+00
-6.324359072394688752e+00
7.364903768239528858e+00
-1.200457994458151489e+00
4.984882900826629326e-01
-1.153361917083778332e+00
-4.726404077803296744e+00
-6.136446469783711777e+00
-5.934762634700511796e+00
-5.132491282018897039e+00
7.948390961420349399e+00
-8.699330887117660893e+00
-6.513745108784150695e+00
-4.831643715745117973e+00
4.408958717237184466e+00
4.621216536806821651e+00
8.599820548387139496e+00
3.812572547124529976e+00
-3.628001648551959502e+00
1.405292379984905748e+00
-7.500914141544073210e+00
-5.396284311704957481e-02
-8.659818650194559098e+00
6.108144655808443346e+00
9.207129262046159113e+00
1.008023126447117512e+01
-4.039670821034832215e+00
-2.830191810896836024e+00
-1.064125124405054024e+01
-5.226943764331591247e+00
-3.916808160105330838e+00
-2.255319181080224666e+00
7.415364935123262669e+00
6.244594350937888727e+00
3.947401173173912259e+00
-1.684008592693274409e+00
4.905270684718137097e+00
-8.466739759378221208e+00
3.867170109124079769e+00
1.059952785809356701e+00
6.147151550767691930e+00
-1.406565416803326940e+01
6.170822980619185216e+00
3.395823723877621880e+00
2.181452631032820833e+01
-6.985470130362310126e-01
8.140735885014365181e+00
-2.128572742561043185e+01
2.077028868359035663e+00
5.495964630395569372e+00
-1.145046869065303596e+01
1.025005206044499850e+00
4.304961224769878747e+00
1.316688934777463516e+01
6.659180323354011222e+00
9.620235451923070613e+00
-2.556067754107062662e+00
-5.133877311936360321e+00
-1.073505671694091035e+01
-1.796160075401837197e+00
-8.749492448747155038e+00
-1.213282294383684246e+01
-5.639337564537954428e+00
3.265602352303058176e+00
6.159263713892834780e+00
7.364112006457053106e-01
