1.495051069766545027e+01
1.287150887981544400e+01
1.350771434450811936e+00
-2.214054836060713427e+01
1.019522863454605499e+01
-8.832078744062394904e+00
-1.680325196696989920e+01
-6.189986688221527089e+00
-3.452823462081924699e+00
-2.012311316320174015e+01
-3.235342020355280734e+00
-1.274978930937771437e+01
3.696989662560873136e+00
7.215527290697925977e+00
4.976434921578034576e+00
2.442778385981728917e+01
-1.719924440856567260e+00
8.483330003373723116e+00
3.003489343101613862e+00
1.076089335350103227e+01
4.586823365458157498e-01
3.019751737346285658e+00
-1.281976110901169141e+00
-1.901477047203764759e+00
-1.771236056369469569e+00
-1.579342910478399586e+00
7.828034020869193199e+00
1.334467044082133569e+01
-5.779212752950775744e+00
-1.182437400176074149e+01
-7.706390352013058331e-01
1.473131728719798694e+00
-1.506829353486175549e+01
-4.615368668517592532e+00
-1.691166006663841870e+00
3.338083485993698751e+00
5.577331493862153877e+00
-4.842849601988008956e+00
-3.097604368485892934e+00
1.492582751804513386e+01
-1.649740046072275979e+00
7.176678003617182888e+00
8.417803238717270764e-01
-2.988164384931812023e+00
2.579801378469697148e+00
-1.223434027207182773e+01
5.087535602921034794e+00
-2.253231289736123966e-02
1.168411669610300940e+01
-4.409608088542087856e+00
1.495245758571772399e+01
1.092756269140303971e+01
-2.544218621062906305e+00
1.022781907527826029e+01
-4.104877259698660019e+00
1.046353132417097775e+01
2.247722188785209685e+00
-1.300152806737428435e+01
-3.103409716121373840e+00
-6.030991619565496675e-01
6.281565705119909637e+00
4.906872825027372542e+00
9.172496482657113148e+00
1.050637019145432660e+01
-4.749945173074377358e+00
1.516771667332560369e+01
-7.643571529863752545e+00
-3.364200250681555815e+00
5.956933663793050115e+00
-2.424182063891403871e+01
1.500621890299206340e-01
-1.884212587485159629e+00
-8.840894640796097548e+00
-7.609003935207416802e+00
2.595295086654655137e+01
-4.668496517810021729e+00
3.591914174602379717e-01
-8.124828054987155213e+00
6.109772658802537393e+00
-1.171753381749267930e+01
4.236790427923446956e+00
-8.274201751078210876e+00
-8.056405740874323484e+00
1.210433112215144646e+01
-1.887289524025260334e+01
-2.374475897316016493e+00
2.317737393162108361e+01
1.226370910921988155e+01
-9.581217290806478104e+00
6.039608136289066564e+00
3.170236651094436198e+00
-8.925954424347890992e+00
-7.381312722991915543e+00
-3.212910492151907604e+00
9.126575736481253642e+00
-6.688572273024077752e+00
8.903005837334799111e+00
-9.476789736089910932e+00
-6.476684451929099140e+00
-2.084590896268649018e+00
-1.328093685970647897e+01
1.019542270912762483e+01
-1.526399246292086609e+01
-4.567909211274866266e+00
6.161543094004066745e+00
9.639386524554849345e+00
-1.201362631247255663e+01
-1.375175488510744781e+00
-1.350410217730790308e+01
6.232763171841737559e+00
1.188062335853470763e+01
-4.973173463068136790e+00
-7.158146608023034929e+00
-1.564762111810576251e+01
-3.482538082155835379e+00
-7.233212511583976045e+00
-1.291401795133717201e+01
-7.234562821779001451e-01
-2.721798947209556729e+00
-5.739035821289586892e+00
-9.635398856510049015e+00
-3.709160394813702855e+00
-4.932676215470555015e+00
-1.570590305253420205e+01
2.554630984328174037e+01
-8.814525632736703642e+00
1.201739251623396498e+01
-7.118737631060834126e+00
-3.830482959990835212e+00
-3.480325517876643460e+00
-7.062623509432357061e+00
1.212919747270797544e+01
9.461576419600302046e+00
-1.104120686924673045e+01
7.481287657983914485e+00
1.327724146064810107e+01
-7.072193567555149052e+00
1.637381468433722898e+00
8.331522566847251454e+00
6.438418886123812968e+00
-1.673855113986128984e+01
3.352721774546646660e+00
2.798977513159423669e+00
-6.459193510959101658e+00
-4.477756159876787656e+00
1.754134886971361551e+00
6.735070150385901400e+00
-2.025463998370680940e+01
1.100319258043614923e+01
-1.268163550624249325e+01
1.260458852316543421e+00
-9.838824793136780045e+00
1.649874738676170338e+01
-3.038797733447566429e+00
1.554530949819971042e+01
-1.434839118407432057e+00
-5.092130024993698711e+00
9.499214899713175342e+00
-1.507896168046372942e+01
-1.982186513865403299e+01
-1.567853911027633984e+01
-1.298686004659841053e+01
-1.778339747642774782e+01
-3.407575509834283256e+00
6.017426388596205378e-01
1.985693881627669199e+01
-1.538180952398225720e+00
-9.849354076338741493e+00
-8.119772267916834929e-01
-4.235185078995723273e+00
5.017268446632247247e+00
1.468392064756981874e+01
4.998571861272413930e-01
-1.978718050165725106e+00
-2.329017358105034852e+00
7.334263790661883498e+00
9.914753362237380685e+00
8.172597036800288706e+00
4.855484199519516153e+00
-7.273599614611935493e+00
2.110500155922772070e+00
3.591008209010670971e+00
8.059595737129425785e+00
1.851545343755732276e+01
-1.618633040103714560e+00
-3.659232796266562282e+00
-2.911809372890616476e+00
-3.495998501838437633e+00
-1.659025133343691616e+00
-5.868839827074445736e-01
8.267751895843245435e+00
-1.393623624729132704e+00
1.225296228055090086e+00
9.207296509854769440e+00
1.836779855417746798e+00
1.227264942559678573e+01
2.913163721597458622e+00
1.534539572012375430e+01
-9.268846388773157585e+00
-7.272049830700590967e+00
1.317009353034748820e+01
-6.336604923206157203e-01
1.426374819070274036e+01
-2.230884561500267704e+00
-1.449853313262523535e+00
-6.612030016565421109e-01
-8.620473982232757848e+00
8.241793772856246036e+00
-3.122899264684319220e+00
9.759353166515928990e+00
4.484827858705879855e+00
-8.073033827353780723e+00
-8.838460303650732541e+00
9.497854569135050440e+00
7.327974541141247578e+00
-5.119583532232208967e+00
1.764567563748613566e+00
4.562392419224423179e+00
2.152136922182798173e+01
6.009022787415674749e+00
-1.096583979027552225e+01
1.032185314911495944e+01
-9.221522034644900501e+00
-1.042231702904445179e+01
2.644385453887938997e+00
1.883897772973648799e+01
-1.900196515952230669e+01
-9.470830659099970461e+00
-1.572315287473653456e+01
2.709631898096745317e+00
-2.321001786070950867e-01
-2.381792180688940552e-01
9.006730443480032378e+00
1.468604881925792682e+01
9.964699268719874325e-01
1.075742775591593414e+01
7.641293276181039928e+00
-1.109542663107754290e+00
-2.671127007818878685e-01
1.136176982429023141e+01
-5.694808853444665253e+00
1.924571373262027763e+00
9.574271334903517783e+00
-1.218642800528732195e+00
-9.564019604186636769e+00
3.970711095787728517e+00
1.077405161553454604e+01
-5.141030469356935306e+00
3.939697271728839212e+00
1.237731429373084246e+01
-8.056817758590868905e+00
-3.556379426295468438e+00
4.134265063300770926e+00
-4.088859357792632210e+00
-1.281494430358923786e+01
7.058215881532834857e+00
-1.568632336201983080e+01
-3.091237778366046740e+00
-2.380954615300473698e+00
-9.774841683744204701e+00
9.606755326156720898e+00
1.172992430835359912e+01
1.770554823033836822e+00
1.122854839619308365e+01
-1.070559129744402149e+01
7.618276133581165510e+00
1.124628557715719879e+01
-4.346038023804055683e+00
-6.822239821718290465e+00
2.871526431372043442e-01
3.021920888477183542e+00
-9.624890890179042202e+00
9.967993229603647976e+00
4.577340647571210397e+00
-9.834752466945142046e+00
2.812691782034444810e+00
2.241632823204203362e+01
3.377493366957566412e+00
2.244797374724443184e+00
-1.656173773531790960e+00
2.066647342344214167e+01
-4.371545427351533064e+00
-1.560751840588912698e+00
-7.463430747631237594e+00
-7.263821735679562686e+00
-7.523627888134754027e-02
4.131181356233097013e+00
-1.192757933879119037e+01
-2.112260247112524425e+01
-4.375292263545913052e+00
-3.417332738828497085e+00
1.158385970466033399e+01
4.387075770410458375e+00
3.387231733843509396e+00
-9.473648956303531987e-01
-1.151714188891331148e+01
-4.605603025016336005e+00
-6.110167706911652452e+00
7.192137675844591627e+00
5.091269631835676712e+00
8.679845417304377975e+00
-7.223609478481921364e+00
6.987693673034233832e+00
-2.767505723242373428e+00
-1.387971671711622257e+01
2.921770930510680930e-02
5.228847193987816055e+00
1.169536766145752260e+01
8.516487069740172444e+00
1.134995902559770187e+01
-2.094097802455975099e+00
-1.819231998508067827e+00
9.378960076304469595e+00
-5.493523847348852129e+00
4.615133628943977051e+00
1.187361249137047281e+01
-8.417972296403718246e+00
-1.165260361470851791e+01
-3.854359088126866784e+00
-4.505136918159892145e-01
1.748423243702741203e+01
1.849223650677535602e+01
3.857461791967807141e+00
-8.559524445029762063e+00
-1.094653936980612485e+01
-7.538934681170464280e+00
1.449356184280024706e+01
-3.870889590392367019e+00
1.207451020509190176e+00
-1.659089491316574794e+01
-1.607904460508060573e+00
-5.246513329140660709e+00
-1.439580273694093471e+01
-4.234013146858918830e+00
-1.667161559608841825e+00
4.897330402364628910e+00
-5.013897566212342838e+00
1.954758233018687008e+01
-2.128610266342140633e+01
6.486616273376747621e+00
-3.767847422387534895e+00
3.920415251596912842e+00
-8.652685815441419237e+00
1.610003825999747917e+01
3.564136291791709432e+00
6.523078926128764721e+00
-1.032714805479325726e+01
3.446178269044590348e+00
1.799753416012727669e+01
4.609539381920880530e+00
9.501687661657888029e+00
-7.082773887324074202e-01
3.716178432849943203e+00
-9.204402825082144801e+00
-1.605943015216009462e+00
-4.355663638476222843e+00
-2.440445207100064451e+01
1.697536986793291458e+00
-1.257834662049183727e+01
7.956334378725564704e-01
1.026889213593198846e+01
-1.303558124360048431e+01
-5.711618354500865635e+00
3.276100471754368471e+00
-4.820961756561993106e+00
-8.371459369506407455e+00
8.360152862275429531e-01
1.345083648941128018e+01
6.702485153177871524e+00
-1.212327272148199420e+01
-1.498031284558226872e+01
1.378266317397963192e+01
-6.629121681230275343e+00
5.146972108004844060e+00
-4.493222775582302653e+00
4.556114353570269948e+00
-2.032662736724839547e+00
-7.317549765963700104e+00
-5.810854975469688100e+00
7.700204968853011422e+00
-2.819784893686725802e+00
-1.112168253815799090e+01
9.812526778979236752e+00
-1.318038610302007285e+01
1.274671004285154829e+01
-1.143962630409332526e+01
4.217516384776962113e+00
9.854459462040647821e+00
3.613423373586273080e+00
-3.259871900701769132e+00
7.359749964319479254e+00
-1.360940054495707940e+01
-9.953167908655933260e+00
1.549267455412303374e+00
2.346905772882486918e+00
-1.298405121582066357e+01
1.803116067836966485e-01
1.323990454123632787e+01
-9.080870924856233373e+00
-4.356009168387865671e+00
-1.927189015400603278e+00
-2.219429020353811666e+01
-2.217296916630590253e+00
-9.882112934144961613e+00
3.723129247808123488e+00
1.051479574585435017e+01
4.954840604217134903e+00
7.098724161567971258e+00
-3.114037527194891020e+00
-4.444653600280406458e+00
3.659595571340214626e+00
-1.740109831381445105e+01
1.294757532202132566e+01
4.912478995903899026e+00
2.116185150728874476e+00
6.294302021303389338e+00
4.521853083752098712e+00
-9.501266146294648607e+00
-1.203519453611269441e+01
1.913408862754933382e-01
-1.604077957410185107e+01
1.749130582977452519e+01
-1.006577273138979045e+01
-1.253668769621007684e+01
-5.779044386678944267e-02
4.848181778588412705e+00
-4.568195457340920029e+00
-3.532846347855377545e+00
1.089020016867475427e+01
-3.519375386758187396e+00
-2.597019436227664180e+00
-3.003272289422554309e+00
-1.986199222046382218e+01
8.211992522103070513e+00
-5.304706620289096897e+00
6.343342994640283727e+00
1.513408388051133002e+01
-1.273360516669114162e+01
-1.906414039911350500e+00
4.269729211996533103e+00
7.355983893598446954e+00
3.990203678892406902e+00
-1.737840537864533275e+01
-2.648716518435412226e+00
6.987333854689404156e+00
1.748489384203585928e+01
1.173739577334287532e+01
8.155866421779661479e+00
-1.505753488398255158e+01
1.125385179054845963e+01
-1.231092863234597701e+01
-2.053183213297790743e+01
3.261436917513351297e+00
-9.262699844812281924e+00
-4.543312285170596709e+00
9.492227642312226266e+00
7.045709831445275739e+00
-3.396946639240867150e+00
1.699789355019892412e+01
-5.688436609628784169e-01
1.526460388512199806e+01
1.449052955373086071e+01
-1.080695926757793934e+01
-1.587753976560458469e+01
-4.839841916730194704e+00
2.034869786110160561e+00
-9.645510415399259685e+00
1.379228812765267875e+00
-4.990204163461312348e+00
9.284649457274019024e-01
9.515719240759736408e+00
-2.991084140791061774e+00
2.542300903416197499e+01
1.347301441658161814e+01
1.389991026326093504e+01
-8.345697992906655927e+00
1.750723774368352181e+01
1.117852602105871895e+00
3.254608389123621492e+00
4.413617923135094046e+00
1.652789232707974731e+00
-3.776248440183397115e+00
-7.818582166067465700e+00
4.182522431007535069e+00
-5.105791802857541306e+00
1.499799596959181969e+01
8.988942329801528075e+00
7.677801139570666678e+00
-7.134177202979139487e+00
-5.620892956309646138e+00
4.235801520495154904e+00
1.018120160907485783e+01
-9.160278479467775625e+00
5.446973707561941325e+00
1.708760857080673823e+00
1.454822368787582398e+01
9.278347052064171763e+00
-1.083121432336733525e+00
6.427249344955375143e+00
7.000755902901901528e+00
4.213857640503098523e+00
1.531785055806601292e+01
-6.077390844151009386e-01
-4.062303110685422602e+00
-7.494013397021790368e+00
-7.175898995116984480e+00
-9.246636383194596576e+00
-4.958139778088104799e-01
1.090775882837434452e+01
-1.421314402142401612e+01
1.680122295857152181e+01
-9.557104397534288864e+00
-1.452637361762132429e-02
-7.113961155865058394e-01
3.730549709647995371e+00
-9.824429836350081047e+00
1.028537460908790280e+01
-4.873976866608543013e+00
1.063216769733165590e+00
2.897183043216843057e+00
-3.802033043101356036e+00
1.877305516243141170e+01
-7.486349754912188459e+00
-1.214791791130946308e+01
-5.627020958961972852e+00
-2.002656658343239826e+01
4.865152948263560262e+00
-5.358192509700585027e-02
1.033220454013751066e+01
9.006579643336380947e-01
6.706863664212519005e+00
5.368839285354793489e+00
5.828455736267896370e+00
-2.725379220394149371e+00
1.050058535929081494e+01
1.787119896150562326e+01
2.044498514959337765e+00
-1.124730252330162728e+01
-8.481488544043232380e+00
-2.832424643245308626e+00
-5.464768902928993199e+00
6.523009129757553204e+00
2.203185411987050557e+01
5.453046153178538802e+00
1.898246419389333539e+01
-6.632805161852575182e+00
1.736176873512035979e+00
2.069580289254462357e-01
2.054278622809773136e+00
1.026774890143043351e+00
-1.463744919922202126e+00
-1.116359155881111498e+01
1.060792855437067495e+01
3.799830840981901492e+00
-2.363911208470572123e-01
-1.368219537841845357e+00
-4.715888982667915563e+00
6.744838850950412024e+00
-1.843043065971174599e+01
9.714732999208096631e-01
-8.936973766713629530e+00
1.154045999837468628e+01
-1.110916401129300546e+01
-4.284886331352917743e+00
5.288889285860316480e-01
1.333918048606719431e+01
2.189986032519818160e+00
1.576434698335392515e+00
-8.812985523696958978e+00
3.940920261905560995e+00
2.604060072631034117e+00
-1.617715950587120943e+01
-3.738994163014124350e+00
-3.846423822602164311e+00
2.228066498505635096e+00
-1.872113774312411394e+01
-3.199335010883206376e+00
7.516324732753421500e+00
1.323928730401440745e+01
1.598162537892732260e+01
5.566285166657973349e+00
-1.503782930113539429e+01
-5.606144057766201172e+00
1.310238490934811573e+01
-2.183163365490370378e-01
1.723415663002826648e+01
1.251313135712545943e+01
-3.628571057918602349e+00
3.270634942450381555e+00
-7.033215983719522946e+00
4.652743651321927132e+00
-1.478411263561818956e+00
1.906717321956118649e+00
-5.243132356773048564e+00
-1.091040555588913286e+01
-1.090370825663845800e+00
-1.462402662904250583e+01
-4.397063907076868006e+00
-1.044546069504769292e+01
-1.444867773499466823e+00
6.584177970170219218e+00
-2.127523162216176544e+01
-1.363718914067984223e+01
4.390453415813167837e+00
1.282864592403798465e+00
1.534080647863342506e+01
-7.587509462987494402e+00
9.186376687197316926e+00
1.143051819849373629e+01
8.419568503275058902e-01
-1.621700994068701496e+00
-6.378210582106094151e+00
5.200422968234603260e+00
7.635232377219990596e+00
6.617878507182654246e+00
1.090786004617434557e+01
-2.360774260653419887e+00
-6.172057355028396586e+00
2.976022562673776850e-01
-6.258770577258435663e-01
-7.839107954599064065e+00
-1.206059255243707007e+01
-7.158096114087163286e+00
1.280155362537886354e+01
1.156256589174055449e+01
6.317608747117698265e+00
5.531521092425728980e+00
8.769036730418591219e+00
-1.258149988067264324e+01
-8.455405041236430108e+00
-1.779411732199434937e+00
3.928256376355452772e+00
9.625490492174818558e-01
-7.318265588285223222e-01
-1.380789791706570124e+00
-9.136571652371454633e+00
2.406983236892210609e+00
5.318066507545804456e+00
-1.140418579410377298e+01
-7.837618153753039829e-01
-4.233562150240318123e-01
-9.576446698282733649e+00
-7.901665575063037572e+00
8.771270443253449400e+00
-3.782433869836092200e+00
5.043455713078229152e+00
1.064899801409788260e+01
-2.420034206749075878e+00
1.275286326842635809e+01
1.427043906207548574e+01
-6.225969873509282770e+00
6.406043550282672250e+00
-1.838219199951451799e+01
-1.618124384976455232e+01
-1.408025865712384572e+01
3.569793649012607872e+00
1.897798118673263534e+00
-2.482896758684325356e+00
-9.654749162066547541e+00
-1.152510318138368817e+01
1.613368276877805840e+01
6.575595359796995609e+00
6.351637527225240110e-01
-1.096489236465191297e+01
-1.403968128050033037e+01
4.798625950664675344e+00
-6.417949688673761699e+00
-1.343690108116782511e+01
3.748120570018426134e-01
1.451052434235980471e+01
-7.422016023892822334e-01
-1.869676956875879981e+00
-3.574344829389694222e+00
-5.640444506130268820e+00
-6.708847832535678180e+00
-5.243734929011412582e+00
-7.122642146310983691e+00
-8.703879175136542301e+00
1.030695160943489785e+00
1.511691709725182076e+00
-4.731496462510417444e+00
-1.398619795630435902e+01
-2.108873001688028381e+00
-2.947210051121944474e+01
3.594011426192067038e+00
-1.738606896132120028e+01
3.581375415889302083e+00
-4.523676558359541744e+00
1.959048268367627443e+01
-2.913651900863353461e+00
-4.947874784867163811e+00
7.838942722067406166e+00
5.448006817559987169e+00
4.469777245594659831e+00
5.277839554702595137e+00
1.294589712587672636e+01
1.245808453240873170e+01
-4.725972019446619043e+00
3.110024462333336626e+00
-3.402743206276984900e+00
8.703766566413058570e+00
3.716449212752553688e+00
-8.291066320483464480e+00
6.533859418863842805e+00
-8.063419128632824950e+00
-2.201743238664743085e+00
5.165230678598399017e+00
-1.417806938586518406e+00
1.687263869863206267e+01
-5.018861087479816518e+00
6.092550785414502457e+00
6.795078095557768094e+00
8.526184067382542864e+00
7.114453825921991381e+00
-2.398021894742012883e+00
-1.185246234616972849e+01
-1.556784853366698584e+01
9.663038496914575504e+00
1.293347430680841015e+01
1.167606775009466347e+01
6.364484415936935591e+00
-1.112647000188010260e+01
1.398814126665847368e+01
-4.945400478743707140e+00
1.977605371093540754e+01
-1.124013631391785495e+01
2.344353001260302882e+00
-4.895166206139457410e-01
1.829465828539907335e+01
-1.065727353989172599e+01
-1.032009583778974005e+01
2.367542478152734020e+01
3.293683056143458465e+00
-1.092358304333411212e+01
-4.945857109684749453e+00
-8.536146195516463919e+00
-3.088367173159323187e+00
7.206822322912501022e+00
5.252403299057933239e+00
-1.087474263610722680e+01
1.031768128146909902e+01
5.532495044178357801e+00
4.062331374276853424e+00
5.511111224271733278e+00
-7.091412205337248587e+00
-2.817917903909310517e+00
-5.490315383962094842e+00
1.825443878322641922e+01
-1.339596722676387408e+01
1.223465314885728539e+01
5.329641508442776399e+00
1.517188727351372446e+00
-8.582920313980861859e-01
-6.970892990749457674e+00
5.474339290012020243e+00
-6.543126843488794364e+00
8.964292339469861481e-01
2.528799813555651088e-01
-7.773549953198605422e+00
3.484677202512353578e+00
-4.427133438531742904e+00
-3.615440905396158477e+00
9.514884006359354274e+00
-8.702883561019387315e+00
-1.702885036930644524e+00
4.905813169667726514e-01
-8.209055911007876460e+00
1.974180305318250817e+01
-2.014892777715753702e+00
1.684451479104519089e+00
-5.809230232745071776e-01
1.490950578317378117e+01
-1.481380652344669357e+01
9.448493437620241409e+00
-1.339745689588007593e+01
1.129689925570640874e+01
1.867536715877043108e+01
5.257094862574391847e-01
8.403899278648450988e+00
5.866127981965976623e+00
1.620096111994907417e+01
1.646946168386471143e+01
9.527451756942665995e+00
9.235131601441896265e+00
-4.925803198737019883e+00
6.917047419003046649e+00
1.083402965572919818e+01
1.144882857299710510e+00
-1.269489297982570974e+01
1.488794640549012271e+01
-2.668465660518407390e+00
-1.244006008387885309e+01
1.722569397555257176e+00
1.020576097840173091e+01
8.471615059101416989e+00
2.355828125963210340e+01
2.654221680723725996e+01
4.725627071757519282e+00
2.539741135469262190e+01
1.126614373508000710e+01
6.787595420148494263e+00
1.256179294265352553e+01
9.516832833277069525e+00
-2.629435508809465460e+01
-8.919868459579415543e+00
9.125230656229630366e-01
8.662741845882959701e-02
-7.022420118934322719e-01
-5.197521201215856479e+00
2.690803525648978733e-01
-1.108495135549291177e+01
2.752658548321604837e-01
-1.798053199054864493e+01
6.528124539979136998e+00
-5.518968671613889043e+00
9.156216035927961627e+00
-6.912518124794382324e+00
-4.982326267466338443e+00
-6.128438596034208707e+00
4.094520199660227178e+00
-7.504774537397066680e+00
1.858223197684495620e+00
5.914874170174164725e+00
-1.789276564816568538e+01
2.492814195356255524e+01
-2.386622507002193672e+01
1.161928326774509301e+01
-7.294496487251489469e+00
-1.058891080708348831e+01
-2.969951995552827739e+00
-2.296095830154464057e+00
4.609669590194373612e+00
-1.606092990822421740e+01
1.212120832722643904e+01
-1.477539868057153427e+01
3.412271356088747432e+00
-5.313405634350170104e+00
-1.590602816134176534e+00
-1.362676160519034241e+01
8.221176304445167560e+00
2.526574473530963094e-01
-8.543222162520214269e+00
3.292735238014590671e+00
-7.151593461965017884e-01
4.217873275629035135e+00
-1.590442791820910351e+01
8.706105861785655264e+00
4.792243172465556533e+00
2.545415051819822860e+00
-1.689984624103078037e+00
-2.384266718594360768e+01
-4.669556597883709692e+00
2.297524990253629440e+00
6.256137848730313422e+00
8.085722394481729580e+00
-5.021204184277732629e+00
-2.039619040145882778e+01
-7.907764715983011783e+00
9.810758581391021416e-02
6.527689887547808212e+00
1.245524426138190499e+01
1.592889456826219785e+01
1.315501446329265534e+01
9.606363113841334567e+00
-8.933169680520240519e+00
-1.401589367647087192e+00
1.879569430472123104e+00
6.282708878607198066e+00
2.541097137310349918e+00
5.082788296078205370e+00
6.939170872682753899e-01
-8.709621585126532395e+00
4.275863114137281151e+00
1.195720006468367203e+01
-4.559444330827706615e+00
-3.792475178326594198e-01
-3.258994698303042448e+00
-1.478396072150532348e+01
1.452272847369765696e+00
7.303013778871667583e+00
-4.330824640531119041e-01
1.991248386433451589e+00
1.326178171708367870e+01
-4.566774465020432494e+00
-5.437586204264901468e+00
6.969320371124312352e+00
4.232165985956469756e-01
-8.069823734444330654e+00
-4.380978216191458330e+00
-7.887579705278608522e+00
-3.871201539742543218e+00
5.712596746249914759e+00
-1.115099303301969336e+01
6.356398874108009522e+00
-6.056993976361310317e+00
1.427582908922431848e+01
9.860280954908972717e+00
7.596799168450313999e+00
1.502629930992682716e-01
-4.639811964253239829e+00
-1.589653293381289467e+00
-4.917041130857320752e+00
-1.101824209477519467e+01
7.113399348675510936e+00
-3.133535043889588589e+00
-5.853811453288776612e+00
-4.631733337511874105e+00
-1.182641167020687512e+01
-7.229685117221190893e+00
1.893461450556588321e+00
-1.792193001971336130e+01
7.183266609895565757e+00
-1.149234488234815288e+01
-4.889777665832100162e+00
-2.979801821448782917e+00
-1.260146001035005092e+01
3.146912989355903356e+00
3.504590267429271933e+00
1.751432343760642851e+01
1.710044509918159372e+00
-4.139633839961698314e+00
4.073839191836502671e+00
8.620678726036835604e-01
-1.634031462136386992e+01
-5.328778224838822908e+00
-1.551716630788491713e+01
-5.306810617983028777e+00
1.206408941103239840e+01
1.694712159774691917e+00
-8.685170722731612614e+00
-1.424812219832422144e+01
-1.124599314038255393e+01
1.474802451332558384e+00
-9.557995137588468637e+00
-1.598967672665118744e+00
-6.206743115690512846e-01
-4.127630376768189002e+00
7.391256904249361881e+00
4.856728648366466672e+00
-1.692233001336425602e+01
1.732862797136799582e+00
-9.557303144261048544e+00
1.506492572617035730e+00
-1.425882485576138947e+01
9.960106979823146744e+00
1.982439427700196077e+01
6.664580380341368127e+00
-1.156139327541505146e+01
-3.515618534760958536e+00
3.431124513307779011e+00
8.919786513529624372e+00
-8.044748618182072875e+00
2.120554011448098208e+01
-1.500077136258544108e+01
3.426358190838276307e+00
1.196490347064744775e+01
3.846896028917433430e+00
1.669332883683183510e+01
1.013913014903451248e+01
-1.080432314628879098e+01
-1.236784051077324698e+01
1.659019959560867008e+00
-1.474253595026630492e+01
4.546064344653178324e+00
-9.500317753504159413e+00
1.892448661933899379e+00
-5.998532006536713368e+00
4.698224774427087524e+00
-1.086345914487314168e+01
-7.966811526096480023e-01
-3.580429994097005242e+00
1.552195072582639490e+01
3.046557927085878248e+00
7.906069138139086849e-01
-5.093770865196424857e+00
-1.072878256128348973e+01
-7.733667397033253899e+00
-1.545620387986882704e+01
-1.213188751992421377e+00
-1.237543960069920512e+00
-1.279241882322889445e+01
2.133205627702858376e+00
-3.511178260021937447e+00
2.195065075713973002e+01
-7.507344760983108989e-01
1.128452001924051373e+01
9.807905965206858312e+00
-7.997179430645124043e+00
-1.270420146230218172e+01
4.672170297423503982e+00
-5.662561487738614119e+00
-7.425813546043502633e+00
-1.159473041026262763e+01
2.021055534827593547e+01
5.342062238607364399e+00
8.698854392733097463e-01
1.347429408546712004e-01
4.178104240593112917e-01
1.337497504153237493e+01
1.004112163011857994e+01
2.251804874299568660e+00
2.528119417724520979e+00
-1.748997421069352498e+01
-1.491455386398327643e-01
-5.818364370157061316e+00
1.455961720848624097e+01
2.240757998920460636e+01
1.513573651404292342e+01
4.356913516247956863e+00
-1.541307253597570970e+01
1.086104321811313334e+01
8.538834780539017455e-01
1.066364239104670908e+01
-9.706196792065982848e+00
4.786932023971957939e+00
1.725170983476639464e+01
1.413073760865290218e+01
-1.149284802420038609e+01
1.791006755465888833e+00
9.034554606733477655e+00
-1.364124315228667328e+01
3.900577992081857737e+00
-1.648091838756243632e+01
8.439348312767910087e+00
-8.966934264328060067e+00
3.816212348892559447e+00
-9.995799853002914404e+00
6.462971687352604633e+00
-9.680702943803623839e+00
1.167098875822802029e+01
1.035808958287426229e+01
-4.844103539224325239e+00
-1.441142228748526577e+01
5.516988308995801837e+00
1.586692218602631677e+01
-7.678693231156012544e+00
-1.049837588022144352e+01
1.572862856903702244e+01
-7.064843147737692064e+00
-4.053021258036151764e+00
1.604524785493780570e+01
-4.827783807675890770e+00
-1.181369497399987090e+00
-2.255508378127032199e+00
9.319005267718790009e+00
-1.019403636628172549e+01
4.865411854288722360e+00
-1.328359248572215101e+01
1.237865920240584172e+00
