-5.992549711174424942e+01
5.279758264524306099e+01
-3.375009757712858516e+01
-1.989434669510541909e+01
2.612349430178183596e+01
-4.178319482148295094e+01
1.145552308695012567e+00
-8.338730117162935329e+00
-1.932690893732711146e+01
1.057846158003823867e+00
-2.002101122124642174e+01
1.957212459153249640e+01
8.394080173803103451e-01
2.715542407143765402e+01
8.941507242501407049e+00
-3.771368556736783262e+01
-1.243765273908643998e+01
9.115658025759419303e+00
5.207180034090934129e+01
4.928772384596563683e+01
5.278390558174091751e+01
-2.197768952626296723e+01
-2.366471225691398317e+01
-3.674126075393095903e+01
-2.032913133665771355e+01
-1.510579484493957070e+00
-1.951095226381593406e+01
7.680936737310552154e+00
7.949923280961998628e+00
3.330718540197180744e+01
5.521623468807693769e+01
-6.180133014039815720e+01
3.918129243594349731e+01
-2.472394900529546291e+01
-5.976832351775392027e+01
-5.660747454802451273e+01
-2.294144948643545590e+01
6.552119008990111126e+01
-1.453826766721197572e+01
6.796058419655676808e+00
2.789171627950220156e+01
3.652478111551432094e-01
-3.386204078301079790e+01
2.025560228183119449e+01
-1.068609888852388323e+01
7.718983620439209403e+01
-5.941322830384230969e+01
4.008075656181905799e+01
3.610810570487465299e+01
-5.712498444896196048e+01
1.890551884357214263e+01
-2.811702141988757120e+01
-9.136026939297036620e+01
-6.510729959375069598e+00
-6.983081323920874439e+00
-6.833354605852107966e+01
6.202237803902953317e+01
5.488179946933197328e+01
4.095108316477674038e+01
4.512580603477609742e+01
-6.167700848479653786e+01
9.012443046589990736e-01
-3.185059348528526613e+01
-1.222456570944967247e+01
5.928737018185927354e+01
1.888344960657158067e+00
1.554057544229190402e-01
-5.691826060309344015e+00
-1.071673562137787084e+00
-5.727890334491180013e+00
-5.697186732791485042e+01
1.298150905380632203e+01
-2.451982787179275292e+01
3.112236083563573619e+00
-5.468104413967235189e+01
-1.669814744961166753e+01
-3.710411906625746781e+01
3.395515813030593932e+01
-1.313107235099231751e+01
4.036094699295730948e+01
-5.540724195564410337e+01
-6.898652902979491408e+00
2.104110930197209228e+01
-5.233833295317208467e+01
-5.072157356089515190e+01
-9.821788771013184771e+01
8.675910472875250434e+01
-1.575274398570008394e+00
-1.694819310036212556e+01
3.031919208568205093e+01
4.566012576266919609e+01
-6.131348545747881129e-01
-2.563391201341324432e+01
-1.669737945103692311e+01
2.214341935479452417e+01
2.719909152031357635e+00
-4.963433689783538227e+01
-3.501323331217203361e+01
4.225309091894602886e+01
5.446408842651966609e+01
3.648227383872428398e+00
2.436750649501042432e+01
5.236777143203515550e+01
-1.351009105982005032e+01
-1.322405899237306670e+01
-5.500745080361785710e+01
4.998088654023460720e+01
3.103311958863990938e+01
-3.099390387767249777e+01
-3.399541107756895286e+01
2.162685211115765949e+00
-1.146677397410460131e+01
5.358551221131139641e+01
1.105731405645400933e+01
4.225372767041040589e+00
-2.323095982378042379e+01
2.873514910233162212e+01
-4.887457702780534596e+00
1.401174570282468324e+01
4.323115641999311975e+01
-3.540070898379082820e+01
-1.242973353033304562e+01
-1.338198126972694446e+01
1.470275751748361870e+01
-4.165373818924039995e+01
-7.537679297517827059e+00
-3.305241758034585331e+01
-1.667402089896521034e+01
5.976466565313659629e+01
2.361044710026569859e+01
1.801741987017971525e+01
4.196247013064302678e+01
2.272732607282802064e+01
-2.686414362493825259e+00
5.282868896313660656e+01
-1.170329188425792744e+01
1.259487918307099186e+01
-3.018563373401299543e+01
-1.307577883273813768e+01
-7.986021768047948388e-01
1.143898551601030356e+01
-1.554014375402345394e+01
-3.332932466353481260e+01
-1.077405078225435098e+01
-3.963180338350210974e+01
-7.593760513569223747e+01
-1.922606794098064231e+00
-5.377433988469903881e+01
6.128278387520599502e+00
2.559917861418269069e+01
-1.938865088908868373e+01
-2.226121693579905170e+01
-4.387071668526670010e+01
-3.221426678374052610e+00
-5.196125339646288310e+00
-1.293251422734927836e+01
-2.141518274520639409e+01
9.600915299787089907e+00
3.506618070942584353e+01
-4.781927381561478541e+01
-2.106895533905425921e+01
-4.868595028302150496e+01
-1.639926848000893855e+01
2.210256024808683861e+01
6.044462789876750719e+01
-5.381327998435184057e+00
6.423439775256105122e+01
7.241336191613612083e-01
-2.178026157046826583e+01
1.475044411380444664e+01
6.761681415973427534e+01
5.255940587874225400e+01
-1.886535228965457023e+01
2.299172321615933257e+01
-1.358282985508914997e+01
-2.734751586696327763e+01
-7.083817898783539846e+00
3.266184490098619619e+01
1.421543768038466027e+01
5.961025311270649496e+01
4.150009263951319838e+01
-6.536422373298238497e+00
-6.167014375783862690e+00
-2.244730452385958230e+01
5.638012484477341957e+01
-2.875997638623268671e+01
4.813796307736460989e+01
-3.272396226916496342e+00
-2.594325086854362894e+01
3.293673319041714365e+01
1.840421675489963249e+01
-3.227316943490849610e+01
2.703629606353716852e+00
-2.427920448749119053e+00
-4.925354428167746335e+01
2.345251593498458220e+01
3.980136264060770035e+00
-1.659314598874449320e+00
5.036150302521443223e+01
-2.707262245245210153e+01
-7.139524367352233014e+01
1.349233418251932193e+01
-1.829667304637707304e+01
1.055704206634204834e+00
-1.746743123385707364e+01
-3.552810150951052748e+01
-2.085520068871297283e+01
-9.366814784310626862e+00
-1.946742075238935943e+00
-4.746662881428306946e+01
2.217215192811420099e+00
4.137517646668489135e+01
-2.016010254150437930e+01
1.046849846971641718e+01
1.540807718437869411e+01
9.052699013537100825e+00
-4.499847309636495396e+01
3.447008621695551511e+01
4.754732509359285331e+01
-6.576517955721873365e-01
1.843363777761588906e+01
-4.222153362456264603e+01
-1.351901525256830716e+01
3.166521595165247760e+01
-5.034065786059220926e+01
-6.466413477689130218e+01
4.369373867883784612e+01
3.047390287489360006e+01
7.335662407670448637e+00
1.200455597844194422e+01
4.815884633077732246e+01
9.302820817782375684e+01
1.285567026217874265e+01
-2.143010440681786122e+01
-1.446908009640432269e+01
-5.873518135922637384e+01
6.608933144852343844e+01
-2.760414490243476138e+01
-2.328564576210317938e+01
-5.843736112724472065e+01
7.820540353371805509e+01
3.718381134333026239e+01
-9.923159475527047135e+00
-3.337434296643963449e+01
-6.413098134635967007e+00
-4.073839852452086774e+01
2.531538581176904756e+01
-1.592638960387933444e+01
-4.857496798781369307e+01
2.564903109637990042e+01
-6.953824679105375139e+01
1.017390258729576757e+01
3.645614876908255297e+01
-3.162542599204351390e+01
7.677244326665780605e+00
-2.937502865035589750e+01
3.403660082733379255e+01
4.190417935307511499e+01
-3.340363606458086387e+00
1.002693179593503015e+00
4.108806456756427394e+01
-1.488026022357024303e+01
6.762831809282648976e+01
-1.333783889256834954e+01
1.233090157947583521e+01
-2.927430474496306445e+01
1.495647715422179758e+01
1.332909406993351986e+01
3.826366898077764489e+01
-2.344511866468074146e+01
-5.167775224946285562e+01
-1.586707117884405882e+00
-3.553292805116154085e+01
4.239811318075946467e+00
-9.993302487370236520e+00
-5.538432591221614132e+01
-3.611814792360286930e+01
-1.984250769699579209e+01
-3.383263407432521852e+00
-3.982518739162719612e+01
1.816620967773316409e+01
-4.074771514324170951e+00
2.489126514254881783e+01
-2.730324731457952403e+00
4.479490463381113585e+01
6.645001497963596293e+00
-2.907647702926459132e+01
-2.170435828981844040e+01
-4.856752454556689713e+01
-1.045727165460946395e+01
-8.965571426392280330e+00
2.495117474893394061e+01
1.173182861383760667e+01
-3.519091990952396287e+01
-9.835818005634932248e+00
2.270835093676211613e+01
-5.264312907442586464e+01
3.970180347581060687e+01
-1.337078935452252537e+01
3.039734375398070654e+01
-6.020485264105050049e+01
3.233927643645032646e+01
2.038146884818218751e+01
3.884242102708498900e-01
1.213097950623228272e+01
-5.146276555770390004e+00
2.233416360006289025e+01
3.088643737797928779e+01
-9.627401830002334515e-01
-2.885296775081117104e+01
2.786037653819684223e+01
-4.132222704673109348e+01
-6.574340342414319860e-01
5.110330492412434644e+00
3.112890576231470874e+01
1.931628014284947170e+01
-4.200688614213110839e+01
-6.382940976523563137e+01
6.077857035879181069e+01
-3.033690142077441365e+01
3.222047641222668179e+00
-8.007994323879966458e+00
-1.890719168949110696e+01
7.081069942405736128e+01
-9.715783522635192071e+00
-3.663133186362812665e+01
4.926788137744875939e+01
2.377763234460843833e+01
-2.362672087734231141e+01
1.071305767147752519e+01
-1.125826964048534506e+01
1.799994893319553091e+00
-4.165445512358994762e+01
-8.552296076424765658e+01
6.580193837563348325e+01
-1.983919342627809357e+01
2.982844150212503820e+01
6.091231498462850169e+01
1.875833113335819036e+01
-1.407285537112289830e+01
7.208829544812452639e+01
1.199287111926203231e+01
2.133891885553158563e+00
-6.800987337013350498e+01
-3.180219973933624544e+01
-3.301444987634276629e+01
-4.170675678148376875e+01
-1.130582357556330386e+01
3.827770636484399347e+01
-8.152620492184064460e+01
4.319770590591853221e+01
-9.970996180414914534e+00
-1.521059840975877986e+00
-9.259988612888454540e+00
-7.193967206847818652e+00
-5.043347565510325126e+01
-2.800328050557565973e+01
4.283827261179036583e+01
-1.137038768705081360e+01
-2.441992665671836704e+00
-1.362584606938832721e+01
2.567767177853500016e+01
1.465791892138598662e+01
-1.089928667604501129e+02
-1.490248117023361907e+01
9.109185893615681096e+01
6.447112042605299109e+01
4.840097322808081515e+01
-1.663159081020182839e+01
7.241155443191443908e+01
1.260542110217567036e+01
3.816944204779571237e+01
-3.163668219876462473e+01
3.219042670256961003e+01
-3.657014028044667953e+01
-3.159508458259347563e+01
-5.122757180207641881e+01
3.946058868855641322e+01
-1.680058663793658980e+01
-4.350676566043031102e+01
-1.139380632612216715e+01
5.263773460682836003e+01
1.369891973852785227e+01
-7.852386498497937461e-01
1.845015410092111452e+01
-4.802993346544664632e+01
1.576939478075582812e+01
-5.227800066056555295e+01
-4.107201987439131230e+00
-2.300188162843272099e+00
-4.934686272765147663e+01
9.138151929866030088e+00
1.116214524385964602e+01
-2.975223683286233722e+01
-4.415836823390760202e+01
5.553495253736374337e+01
2.549954120603283414e+01
2.714918340629681737e+01
-6.992723562519071123e+00
6.880146946067658575e+01
4.108611014475628309e+01
7.042235009661652612e+01
2.051574108562799026e+01
2.525910856324876974e+01
-3.504286966366225187e+01
5.014050112434126305e+01
4.634862373263615609e+00
7.268702756458249326e+01
-2.543440390437819332e+01
2.800579051068984526e+00
2.200700201686379742e+01
-5.260263575175141426e+01
2.594977671685760967e+01
7.864872591313901751e+01
4.178565665677365537e+00
6.280767480723697105e+01
-3.480142877579951488e+01
1.214382275141829837e+00
1.319141650204216987e+01
-2.567247171458816313e-01
-5.966285306202890126e+01
2.845574592966984540e+01
2.349645197199398794e+00
-2.444501968436103212e+01
-1.394486027939613848e+01
1.813201490390167336e+01
-4.830955550843859525e-01
-1.504540178316259258e+01
-8.887424295798099649e+01
2.235251373877499059e+00
2.740500091547689721e+01
2.194875884922725007e+01
-7.076216139621934076e+01
-1.591612847050283186e+01
1.595527995910854280e+01
3.679897755492484634e+01
-5.549433999889109970e+01
-1.480530511096641533e+01
-3.644944576267474901e+01
-6.512574012373886490e+01
-2.593296592495313746e+01
-3.224241495570861371e+00
-1.377749896232514537e+01
-3.776473749471808361e+00
-8.950741845536645869e+00
-2.118820239382613124e+01
-3.354901555131976920e+01
2.386360234428445892e+01
-8.771885260350566682e+01
7.793767017532960040e+01
3.791110999952912675e+00
-5.387320754947237589e+01
-2.312679790136662206e+01
-5.825728641905887351e-01
3.794487478344708897e+00
1.815486536115811589e+01
-2.703487766340605170e+00
7.512142087566274995e+01
1.382309022597948189e+00
1.335326205348124518e+01
2.632189883981617129e+01
-4.388550061700041027e+00
5.833611483271971565e+01
-4.263872757526471879e+00
-1.942983705182433951e+01
-4.350467494923807976e+01
3.293435487804578798e+01
2.042973335175698679e+01
6.002285581046328389e+01
-1.061843214446640538e+01
-6.015234821862364356e+00
-2.994220108823446225e+01
2.069328471433743388e+01
5.937966796278811188e+01
-2.720709483458669098e+01
5.559988018369030449e+00
3.325965228210366575e+01
1.362244318272458266e+01
5.958269378141331174e+00
7.070947222041906954e+00
2.687234574139814214e+01
-1.309077489319138543e+01
4.510908224243588904e+01
-4.891764774642347646e+01
-2.906745459997016567e+01
2.082706966355428690e+01
-5.188718364847118458e+00
-3.615555087747703311e+01
3.573765763891356073e+01
-1.286234648394415103e+01
1.866548649833153917e+01
1.367170882855132774e+01
-9.210004373218289686e+01
2.696868849521004563e+01
-1.618394414099420686e+01
-3.868654370110948548e+01
5.536914375400844079e+01
1.728847302616332726e+01
3.320888124132827102e+01
3.769402025098288789e+01
-8.891494246191648188e+00
1.025659670071082630e+01
5.871045672010779981e+00
-4.816740618897548121e-01
9.038683599040529870e+00
-4.967019785984948044e+01
3.015403857082111827e+01
-7.292381163568107638e+01
-3.195284478138597350e+01
-4.593017951101931828e+01
-4.730534132012907733e+00
-4.545032121103169942e+01
5.578815456616861468e+01
-3.680210785379940397e+00
-2.871413388218408258e+01
3.845297728461219577e+01
1.664134544040672736e+01
5.663644010361937831e+01
-4.725916571125777210e+01
-6.139016910202294675e+00
3.274396838141770161e+01
-6.524408548493715898e+01
4.465199115643262218e+01
-9.045704636081723038e+00
5.860506969263419563e+01
6.243578240473932084e+01
2.189191387747226969e+01
-2.988776476063587761e+00
-9.915142689178384927e+00
1.920079654811381076e+01
1.690266262787219986e+01
3.013074221022885268e+01
4.343389463239101644e+01
3.193477362351058346e+01
-1.593447616209980211e+01
3.184332518806876777e+01
3.826418738221548921e+01
-2.427553303886764979e+01
-1.722226000543552615e+01
8.085619674243773147e+00
-6.292840695172757393e+01
2.026819785202434332e+01
-1.492004137487799120e+01
2.129015944806999983e+01
-1.156845669228712481e+01
-5.574367498778232743e+01
-8.123889682962217762e+01
3.215859796128277992e+01
-6.739796500022106507e+00
8.712928966343368442e-01
-3.127438255867805239e+01
-1.097208951756284279e+01
-1.690454538072729207e+01
-2.487504502357866443e+01
1.706995937237917005e+01
-6.715806595319673988e+01
6.789847047320596118e+01
-4.965966845340326330e+01
9.227600939096058497e+00
1.122754613597335194e+01
-6.325002170053254957e+01
1.124027067077117437e+01
4.048641854031311738e+01
-2.143160329794867636e+01
5.257402160015339376e+01
-3.173308821783161093e+01
-6.177386743233009980e+01
-4.147462022003463744e+01
-5.980650369090169960e+01
1.015901194443760325e+01
-2.492133284059198317e+00
1.211349439432725106e+01
1.101984534056011933e+00
7.341719230809078844e+00
-3.892533706264154603e+01
-6.092205533880193258e+01
1.631014568291481126e+01
1.141356451944161954e+01
-2.462343350354406546e+00
-8.714010913177376949e+01
-3.029485818785067863e+01
7.504782864415192023e+01
-2.087187988505015213e+01
-2.471739129044949124e+01
-2.679422923138556101e+01
-4.205006996244152617e+01
-2.748690322395563612e+01
3.189062700251663074e+01
-2.975550001466483607e+01
5.941118760116077979e+00
-3.375719179166627981e+01
2.743984724402183062e+01
-1.266919999835531918e+01
2.696322997535906296e+01
-3.070801653630622496e+01
7.108279719356688986e+01
2.406061273410879409e+01
-8.634046756399082767e+01
1.890662973129405344e+01
3.751677519166192809e+01
5.501892202089529782e+00
-4.040337177557909443e-01
-3.824263613434350617e+01
-2.880122823230590612e+01
2.274735254616220104e+01
3.835446647124917519e+01
1.731401776217963473e+01
-3.079656921749986509e+01
1.520990073822901323e+01
1.481320058874025669e+01
-8.882052727057406116e+00
-8.598241362522480813e+01
-1.934232253737559581e+00
-8.521454791041306320e-01
1.559014910547250388e+01
-2.567887475667049557e+00
-1.879138419740517207e+01
2.550729391008115687e+00
-5.857531652142829870e+01
-1.349371678522504503e+01
1.766225336547916669e+01
2.767293071453651621e+01
-9.269444750183053827e+01
-2.354914898356608788e+01
9.836611075349535938e+00
1.218637235551851816e+01
-1.528476137383226963e+01
-6.806614590965770262e+00
-8.683667434593776591e+01
-3.639302923779133181e+01
-2.892745011569163793e+01
3.150315959007818467e+00
2.489872010909608591e+01
-5.808347969092572782e+00
6.799709091569330788e+00
-2.904468342528228941e+00
-4.473945638757844989e+01
-3.878931295273959989e+01
1.077022538288435882e+01
3.477947471217395048e+01
1.490655442371807204e+01
-1.549644609350027302e+01
5.305507966227638406e+01
4.047807561093715378e+01
-1.297701594764178168e+01
-2.942316886447679192e+00
3.655932996087275910e+01
6.551497455859230001e+01
-1.286177245803978586e+01
8.992038634185999513e+01
-4.200083183485445915e+01
-2.250427916384159488e+01
2.248754848888046354e+01
4.505605586493646797e+01
1.047030098194710046e+00
-5.382848213094177048e+00
1.370240596871262539e+01
8.271472385778733383e+01
-2.520843431948140179e+01
-4.090744009155130811e+01
2.020760152559806855e+01
2.768663178733629771e+00
-8.670270162214992027e+00
5.727215529169752983e+01
-2.177909313734334873e+01
1.729144795409300173e+01
2.267380144472939563e+01
2.374468354510186074e+01
-4.413988482564216831e+00
-1.276711897770613291e+01
-2.379273772507553986e+01
5.358641864171157287e+00
-5.054443586703135338e+01
6.104090469704785704e+01
3.421627705387955842e+01
-1.571871004555108264e+01
9.088547596123461858e+00
-2.347125804168371843e+01
-4.921394083185472113e+01
-2.272963515447884575e+01
3.550011416502468364e+01
3.728467893022923363e+00
1.716968637445443946e+01
3.658507463535539017e+00
-4.374214126201248121e+01
2.817424062241742799e+00
-6.750452977675934774e-01
-2.933582017504437900e+01
2.234866915494235329e+01
-1.488238838091537986e+01
-2.341514016058741632e+01
-1.398679119699051832e+01
1.659498134382229750e+01
1.496458381671809690e+01
-2.156417571672417566e+01
-5.997222391660087482e+01
-1.816045332937908441e+01
5.152654787337700526e+01
1.880540329156458412e+01
-2.957348547390152049e+01
-1.007221264735768784e+01
-3.201840695778697921e+01
7.794445312729735953e+00
-3.371464268473673087e+00
4.101134271458742120e+01
-2.166156309767988830e+01
1.234799587738390692e+01
5.144776512395946355e+01
2.957653055312355406e+01
-2.646852823320342196e+01
1.095292850752202396e+00
-3.188143421842024239e+01
3.507814983680549226e+00
2.351750658627865320e+01
-1.881618148547378766e+01
1.482463569625841338e+01
-2.529373076514736951e+01
-3.322834654610252869e+01
-6.764736731805027148e+01
2.942843275026083116e+00
-2.168118294637333410e+00
5.505928261816153935e+01
1.344070863099901203e+00
1.535768769412343104e+01
-5.272213146900001846e+01
-3.893549380993575681e+01
2.751056814210734558e+01
6.692110276395663959e+01
-2.331132438832189990e+01
2.428498930264669653e+01
1.060882334266492322e+01
-3.042468394619474736e+01
2.291492991431677240e+01
-1.087838555620282648e+02
-1.347539684953168404e+01
-3.059145364536776412e+01
8.989786626548733395e+00
6.956561401707742220e+01
4.648862033018870932e+01
-3.213256572715479109e+01
-4.064703618090989679e+00
-2.123360903818030110e+01
4.155653000812060327e+01
-1.209194523392065612e+01
4.362127044418740240e+01
-5.678338146298149702e+00
1.942258967377498280e+01
-1.890420450960266407e+01
-4.521542140467040127e+01
1.396133421699457777e+01
5.048211603581898288e+01
9.368531141664600881e+00
-2.047206259305859888e+01
-4.309194226502321357e+01
-4.175723016922136210e+00
8.829090475299523177e+00
-5.311279202237381725e+01
-5.068972464324162530e+01
-9.013224697344533354e+00
4.177763924331087964e+01
-8.402576485580338783e+01
-3.314559916388758865e+01
2.710103083774000154e+01
-4.998641601976176929e+01
-2.422096079481512731e+01
2.953632596270568200e+01
-4.246292571208488908e+00
-2.062807045892847668e+01
-2.475087897136948811e+01
3.252734459333716899e+01
-1.383177141302095903e+00
7.094004255136383108e+00
1.951408020385621356e+01
2.810791482169751987e+01
-4.697398814402015788e+00
-1.315979630380805609e+01
6.391202612798769778e+00
1.783362576062577176e+01
4.452310150081288498e+01
5.812819872135480637e+01
3.844169142243436710e+01
-3.637572007251078787e+01
-3.929570519175111087e+01
-9.434965106066951535e+01
5.197385250310428972e+00
-3.821295459226857361e+01
3.419019369669787523e+01
3.182635358801062964e+01
5.090121335637556399e+01
4.896696391155166594e+01
2.063374191705631944e+01
5.440823368008864946e+01
-3.060675323906508893e+01
3.786284464950919926e+01
-6.454798316331486774e+01
2.469114785961792080e+01
8.680110850566181924e+00
-5.816231988106551398e+00
3.716689268472433838e+01
-1.414744600085613691e+01
-1.877507051622206191e+01
-3.616894205325733136e+00
-1.936616747948646022e+01
7.232499256630520179e-01
8.071697690150847482e-01
-2.643658731847814991e+01
8.347669905179714078e+01
3.616125392910396386e+01
7.511387627291031777e+01
4.598652064177596799e+01
-1.393713900999795108e+01
-1.345092632385148690e+01
1.913598638277635100e+00
8.904680232965585418e+00
-2.041288608423430162e+01
-8.531223046362732987e+00
-1.613401968503012185e+01
2.069371420470420020e+01
-9.132660645383127829e+00
4.323475162258080218e+01
4.628522420238692092e+01
-9.714318308252616774e+00
4.364729500212428803e+01
8.983588548148455644e+00
1.724440595606663962e+01
-3.616519473668169127e+01
-3.213387901654813561e+01
-1.385127689805659479e+01
7.514828007562938339e+00
-3.731284256940700317e+01
3.863032919692831468e-01
-6.173035290348590109e+01
1.424081124859625369e+01
-4.652102070895302433e+01
-2.452001906827593203e+01
2.164624459588191385e+00
3.858448428394791563e+01
-2.657748818774174282e+01
3.364977785854370040e+01
5.072175928121603761e+01
5.197140752272638764e+01
-5.239461627535350630e+01
1.044388736496457781e+01
5.434860488194978956e+01
4.286097441684911757e+01
-1.751634881721629355e+01
-1.761586929977759786e-01
2.230893419130673294e+01
-9.278468800870213329e+01
5.588317294582591899e+01
-2.221862921586735951e+01
1.130483230875523404e+01
-5.447933360474225140e+01
-1.275544809372946897e+00
-3.327285532664738810e+01
-6.315342175358041743e+01
1.168421594900016292e+00
-6.422199932194097016e+01
6.313299235312002544e+00
1.233363333702093101e+01
6.139487815076675048e+01
6.687620429747924256e+00
3.227704672160533050e+01
3.304859398784255831e+01
-2.580255082064953953e+01
-1.412247315412368565e+01
8.226994107213833729e+00
5.835008387620957393e+01
3.175521221073703870e+01
1.716750771049589375e+01
6.679074372700213758e+01
-1.140705063940704456e+01
4.289266940422986352e+01
-5.127276009410444146e+01
4.021949796896392115e+01
2.035508768248752176e+01
5.277085717944232091e-01
-3.428355033391182616e+01
-1.443828601321401095e+01
-9.343253021285818249e+00
2.723977749159353579e+01
3.680356984564730283e+01
-2.020732599787739758e+01
2.598315130150986363e+01
5.879044547855202474e+00
3.849059300822540308e+01
-1.021853190620468155e+01
4.831008654770611344e+01
7.305452617059897591e+01
1.749285495518844868e+01
-2.115659439797920527e+01
2.607648255611951527e+01
-9.183215413343475131e-01
2.817907542910731422e+01
6.802027967488041327e+01
4.529399004028281439e+01
-4.786449100577950588e+01
-2.158781081559820336e+01
-2.202765710456197290e+00
8.135690454942148264e+00
2.292393891670652906e+01
1.632490994748512847e+01
2.513479214846805831e+01
-4.237696215866183280e+00
-2.854688002078081510e+01
-1.663202457619641805e+01
4.457324502007728562e+00
1.264384432925750623e+01
9.150607729563866144e+01
4.178642990066599339e+01
-3.555614602634397414e+01
-1.742303592712283589e+01
1.114164376502730924e+01
-8.113234342186387948e+00
-5.840723428348422885e+01
3.215799318405658802e+00
-9.911584089900492245e+01
-1.240994432123449620e+01
4.887983876778544357e+01
1.872289793981584438e+01
-2.659529168571040358e+01
-2.368301676676329492e+01
4.807143700989665547e+01
-2.355993673118506493e+01
-1.516225309868330307e+01
-3.116025920295644625e+01
-6.080603397468006932e+01
-8.260209133802586479e+00
-1.785752130458896758e+01
-2.396322569359822552e+01
-5.027151090643440057e+01
-3.824062075143418582e+01
-1.142255567049603293e+01
5.394181391049335161e+01
-1.967145909878199106e+01
-3.872426631885834070e+01
-1.889549673930848073e+01
-3.348746592937720834e+01
3.464708378682254164e+01
-1.417009239456391967e+01
-1.237460593687581856e+01
5.731954909843631896e+01
2.853148229509021405e+01
3.468201728314453725e+00
1.451588213656671655e+01
-4.371398845881452644e+01
-1.618215731722949968e+01
-1.043607423871890383e+01
8.286404756324938603e+01
-1.751752576965086305e+01
-5.462546766488587480e+01
5.327316351293984553e+01
1.990428881393973981e+01
-4.070468383740598028e+01
6.956804436301979422e+01
-4.673197516458761669e+01
3.767510923929676636e+01
2.011275844121137624e+01
4.303433661834009882e+01
2.101457904498711571e+01
-2.699140749691992358e+00
-2.494624576759925461e+01
-1.963873067815296380e+01
4.294049209064856854e+01
-8.440965852903123334e+01
-9.117366591118447161e+00
2.630351302927437374e+01
5.482193855185655451e+01
9.119390481983757013e+00
3.279801416330221997e+01
-2.657400391422602759e+00
-6.360294643606340514e+01
-9.699016941326902952e+00
-1.204437490281157430e+00
6.142748676435574140e+01
-3.038295297549321816e+00
6.125558401310001244e+01
-2.584655773462717576e+01
-2.346488853754542347e+01
2.742986567127135089e+01
-3.456349572033020934e+01
5.417649054226149019e+01
2.734725301011374299e+01
3.743608457752448437e+00
3.353533453525419361e+01
6.097993779106075607e+01
7.836210912048566968e+01
1.786233247899604137e+00
-8.597444371968114751e+01
4.872930328548524592e+00
-3.653872828115024163e+01
-5.734990308057346198e+01
-2.048896628489462657e+01
-1.323284291197685292e+01
5.021757827868462698e+01
3.367468159748333534e+01
-6.969756131632532714e+00
3.613504045780164375e+01
2.992795101687724468e+01
-2.164653542972724054e+01
3.782028595632114332e+01
3.711554811426842093e+01
3.825183189636425141e+01
-1.068785929980798777e+01
-2.193176973575311806e+01
-5.827542990306565684e+01
6.951443969960493519e+01
5.693497956037161245e-01
5.899462243032854047e+01
4.058813327150126327e+01
-6.542828430733986522e+01
1.162935439497386092e+01
4.261818479593802778e+01
-3.690416841859753383e+00
-9.477494238808173321e+00
-8.025373946661314051e+01
1.010186860714053658e+01
-5.930639847154907329e+01
-9.968288942713741108e+01
-8.295228107564165398e+00
-2.993775432991589369e+01
-4.202665310289965106e+01
-1.714482421417441671e+01
6.874884856332338368e-01
3.267913777271606079e+01
1.869874408276526623e+00
-2.330381993273442376e+01
2.097632368553039139e+00
1.247211611484058302e+01
1.255738774909538691e+01
4.561278299885128007e+00
-2.762818422193413426e+01
-1.073488705501540963e+01
-2.289082215027429701e+00
2.216785608013294961e+01
2.586418912638707823e+01
-3.309042557422576891e+01
-1.772617410839637131e+01
5.054939227193922591e+01
-3.425255664561235847e+01
-4.090053206300046895e+01
2.706350909147323680e-01
1.716996157092127717e+01
2.588060516547562173e+01
1.230056747781799587e+01
-2.546231403635809798e+01
-1.235837741111732235e+01
-5.957270821832945984e+01
-4.512408549640858979e+01
