-1.496076287420712347e+01
-3.431274178032649225e+00
5.916360210895677341e+01
-5.221472615880442980e+00
-1.515910907575209521e+01
-7.167346752390491815e+01
4.391595746039457993e+01
-1.073613179693736441e+01
1.341470008206372411e+00
6.016912469125066387e+00
1.874227147364608825e+01
8.435512171867376452e+00
7.179729407249258344e+00
4.147285235503611744e+01
-2.883492164402558799e+01
3.602637313313235268e+01
9.957520913206484181e+01
-3.529718847386988756e+01
-1.800582136222067975e+00
-2.721320392608039640e+01
4.226944682411771481e+01
3.402562076372012712e+01
4.654994948694162815e+01
4.220285100813713797e+01
-5.009946246224973976e+01
-4.377668746689040091e+01
-3.257858275577054741e+01
6.516486664214559710e+01
3.775711870440596840e+01
1.953619849436276823e+01
-6.302516511602977545e+00
-2.837101864290405473e+01
1.840630797435461474e+01
-3.254634871552704034e+00
1.838561816427688678e+00
-1.448922638035228871e+01
3.505358405832469515e+01
-2.779403291618903182e+01
1.563115592174272095e+01
1.335467669594175888e+01
2.064086216748593472e+01
1.685313278019361150e+01
-1.180540369338703854e+01
-1.584150167747695015e+01
1.200318772976236303e+01
4.087460377067393580e+01
1.810848597047880659e+01
5.269622712572248702e+01
2.032417590981606281e+01
1.457146842771895656e+01
-1.102124469057269209e+02
-3.118648008609511635e+01
-2.692926940154664806e+01
7.260074120037830880e+01
2.059240212291799921e+01
-7.126233599502784788e-01
2.542325606497833235e+01
-9.380034063622860074e+00
-1.524221119113171241e+01
-3.271646176278199647e+01
-1.933666714434909295e+01
3.405586796673012628e+01
1.373150817272845003e+01
1.406084348000618078e+01
5.823495944383815726e+01
6.207423624444200483e-01
1.364595860559754215e+01
-7.664795927707508838e+01
1.668804330454393181e+01
1.928905503854689485e+01
-2.039156085895120896e+01
-1.271548710953963557e+01
-1.377202198787793286e+01
1.142266070845642467e+01
-2.110921820063325782e+01
7.212731987398397848e+01
-1.045224770002970160e+01
-2.719863317656631452e+01
-1.380746840458606250e+01
-2.072821142516716719e+01
-5.157163581714200973e+00
5.568915702639951348e+01
-6.478034603772681521e+01
-3.314691097209650650e+01
-4.438203261568074964e+01
4.140883781196022184e+00
-3.248665523250823384e+01
-8.416418226858738194e+01
3.632636432966727824e+01
1.639742342454376001e+00
-5.952751729795329183e+00
1.894687537699233104e+01
1.534692514642287620e+01
2.681754907329206183e+00
7.988260746676613167e+01
-1.602831093456920897e+01
1.717439950023543105e+01
-1.945899165319099211e+01
2.375996182851720917e+01
8.733619676715868252e+00
2.556030100651969761e+01
5.216661409855834108e+01
-1.618716825197277132e+01
-1.423643846701977189e+01
2.041072405111200894e+01
-1.841007935423054631e-01
1.146207676240424078e+01
-7.140056017629367702e+00
-2.693671120045318190e+01
-5.329836566136309273e+01
1.903812710403022379e+01
1.587442334217888806e+01
-2.190381324603715640e+01
3.372836934770882422e+00
-6.114786443747909317e+01
-4.435059225211674949e-01
1.697927238187717691e+01
2.250852640937696769e+00
-1.430408084110830380e+01
-5.683930423679473876e+01
-3.079403791775725097e+01
6.188852564079331131e+01
3.564715612195334948e+00
-4.005258248356168593e+01
-8.277533365773393825e+00
-2.018814814345978448e+01
-1.649923504423867815e+00
-3.565146680486876818e+01
-4.136927744309482335e+01
-3.502103603123910602e+01
7.645695395871843658e+00
2.001470391441261754e+01
-5.606076982830329181e-01
1.276871813144426682e+01
-5.035152336301984377e+01
-6.153325927267266238e+00
-1.652397784052755014e+01
-1.058003374017331666e+01
4.947937139240070081e+01
-6.857961044812768137e+01
7.506324047776760722e+01
3.037566581986148506e+01
-1.400955287050866005e+01
3.769482357502889514e+00
1.217069419377066986e+01
5.427630376380646737e+01
-6.629626059532711224e+01
5.994878176423929261e+01
-2.592684457272392251e+01
-3.854726223341196523e+00
2.582088659117694363e+01
3.609914853959286063e+01
-3.593356997043534307e+01
1.756623505502977878e+01
7.516923980019632268e+01
-2.913747643471286608e+01
7.433409332974410866e+00
3.531615416702460664e+01
4.682740332108083692e+01
-4.216247344878563119e+00
8.340702056367621964e+00
-1.206745412726879785e+01
7.680828205509033069e+01
-1.661020616370648639e+01
4.519402231988179608e+01
-3.400665447137013331e+01
6.072505329591235324e+01
-8.386064871118762198e+00
-1.958717827601390837e+01
-2.995516710474090161e+01
-1.843715914763266994e+01
5.022995451842201220e+01
-1.847754753287988194e+01
1.532728220770809280e+01
3.178492157535948692e+01
5.677291532782662387e+01
-3.568825515085963929e+01
6.453973438875875601e+00
1.361718673070573260e+01
2.235469694344138603e+01
-2.649918386609472876e+01
7.893862173258313852e+00
-1.938529364439930447e+01
-2.476378375081618444e+01
-4.797463512274148911e+01
-2.131929485973348193e+01
1.030350879038713785e+01
3.125540453611110792e+01
1.852441367738360967e+01
-5.039956579035938944e+01
1.904846331873781651e+01
4.384886159362645230e+01
-1.848949941052185864e+01
-2.205845180164604713e+01
-6.143861680297356465e+00
-4.289554177998755158e+00
-8.709373937475487537e+01
-5.167710711037593052e-01
1.743440526651539590e-01
-8.591154268827587259e+00
1.327311945421506501e+01
1.700193242901295321e+01
2.287301554979397622e+01
-5.912849442722526661e+00
6.971532410185828610e+01
4.908632985541948379e+00
-2.686729818198921294e+01
-3.841820738880136332e+01
2.384881346641801869e+01
-3.480417843583853710e+01
-3.898796173879019733e+01
-1.806207625285507490e+01
-1.831651841836502115e+01
3.870483742150670281e+01
-1.653071985882244377e+01
-3.898731591381805472e+00
-5.948655306147802690e+01
-6.682058861659567128e+01
3.569665128608423288e+01
3.746920374898129680e+00
-2.728205085349080239e+00
-7.291554657687157714e+01
-1.932703906293582108e+01
2.322122680821479435e+01
-7.897518024321530383e+00
1.041565926808696929e+01
3.687878087271946015e+01
-3.736598128850970113e+01
1.503177522962331025e+01
-4.089553610696649599e+01
-7.618970570387922692e+00
4.636298852233888823e+00
1.940540928198511850e+01
3.233996296836833295e+01
-8.845246304389005942e+00
9.230564447161194508e+00
-3.691226867064221207e+00
9.794894852814810093e+00
2.023003691284194883e+00
2.479155535220636963e+01
-8.840773332345349900e+00
-1.243662179792353273e+00
-1.654998129041458910e+01
5.723979708031761149e+00
-6.574379639711781742e+00
-2.424910224477499199e+01
-1.682981728226302565e+01
2.415194238379367064e+01
3.766817157588304354e+01
9.432569363458009448e+00
3.861933777633974785e+01
4.993729123643599621e+01
4.706457401459543632e+01
2.967346782268130667e+01
-2.848729279659621128e+01
-3.310650666548292520e+01
-1.225061540169747865e+01
5.697905652206054583e+01
1.137060169050872815e+01
-7.453534094855591263e+00
2.273264243682336172e+01
1.347972018418895601e+01
-2.558596128181567764e+01
5.580704135240510766e+01
-3.187543759536035282e+01
3.914159021029124830e+01
-1.109686081576286476e+01
-3.143147612522824730e+01
8.271239491341013661e+00
-1.943129542548750521e+01
1.217160774696724346e+01
-3.852395898873399460e+01
1.605717628460014268e+01
3.126542167968923636e+01
-4.521470569535117079e+01
3.626143330192452652e+01
4.524057174585813357e+01
4.398376868391791561e+01
7.153975708107783937e+00
-3.722448696442214811e+01
-1.262248316924444502e+01
3.808161445305859161e+01
-2.759274685776803437e+01
1.364380984345016934e+01
2.092623539698182378e-01
5.695586803932010334e+00
-2.388946959039298434e+01
-7.179182460827399304e+00
-2.458994007407909166e+01
1.189824187905922592e+00
3.784897359561942665e+01
1.011717068640196970e+01
1.267607096817872225e+01
3.968219243740031743e+01
8.445768309588498113e+00
-1.627991162745443177e+01
6.094511193890928880e+00
2.604808705372016675e+01
-1.622903201318071353e+01
1.065778681805967665e+01
-5.536227153233707554e+01
-4.380028311540521635e+00
-6.990151003639721239e+01
-3.341158738971691378e+01
2.136688291214892566e+00
2.667067490449844058e+01
-1.124508032061552854e+01
3.929277298721468359e+00
8.034957516116959297e+00
-5.137952270724746917e+00
9.711064630429721234e+00
4.909937289022265361e+01
-3.227822861166330881e+01
-3.480915858741553137e+01
3.535736775175867308e+01
-1.863818905433507062e-02
-1.758059002657893544e+01
-3.950334958940698726e+01
3.150965004660265123e+01
-7.636347033771356152e+00
-1.980798010716415192e+01
5.235575220854528311e+01
1.991100133638100189e+01
-1.381330198218398309e+00
1.999323029874481605e+01
3.948997247538646604e+01
-2.888515935734636741e+01
-3.272618788273638302e+01
-3.853600630388208259e+01
1.139821145205188913e+01
-7.383854015774335267e+01
4.403684895483917217e+01
-7.266418055046698576e+00
-2.862683971180050579e-01
5.637094589672627620e+01
4.521291590765506463e+00
1.173571024675087138e+01
2.428764982656839067e+01
5.731523482873555508e+01
9.604758394884783002e+00
-4.299829015781455155e+01
-3.563878077191945692e+01
1.704872629039785537e+00
-4.839049646444216535e+01
-2.618300023756964023e+01
1.599816795917179135e+01
-4.286392103928920250e+01
1.837617013162704538e+00
-2.668273314814453734e+00
4.382831358500429708e+00
4.706458874589112718e+00
1.022517833306030965e+01
3.496952318465386611e+01
-3.463727989549217057e+01
6.754148978468137443e+01
-3.819159345568712638e+01
9.181163262536601621e+01
6.384851265912335094e+00
3.211233208535065842e+01
1.478016284235583555e+01
-1.134798355323514762e+01
5.391267229512342851e+01
-1.439343872528637469e+01
2.303759593978576703e+01
-4.345927840494192651e+01
-6.600693070172260946e+01
4.883423190798366420e+01
-1.580569019012310150e+01
1.844823213641071291e+01
8.456472913389552204e-01
-4.411214177412216486e+01
-2.107099818441781736e+01
9.852542351821936606e+00
1.468736541253563921e+01
-2.623447392874979300e+01
4.905850314599101480e+00
-2.974297260917779440e+01
3.064014379872575233e+01
1.194439078754408712e+01
-1.955257209908664606e+01
-7.489060383390367726e+00
3.105943223621992288e+01
3.680861400112087267e+01
-2.184712814475428644e+01
-3.106962838294206364e+01
-1.792783809726108046e+01
-2.351089946556174581e+01
2.139102717882968818e+01
-4.873874372455021842e+01
-6.574978050076462743e+00
-3.924284850082866427e+01
-7.286559558730130171e-01
-1.222041984752636168e+01
3.421859875114628835e+01
1.720154779233861575e+01
-4.123627229073020573e+01
-4.513774858868715434e+00
-2.340119793412569482e+00
-3.921316815443907444e+01
1.592880116341534347e+01
9.590601651997548771e+00
-2.493674489028540719e+01
3.577591188402665523e+01
2.266907954364600641e+01
-5.890723359471946807e+00
-6.052080976016953606e+00
-2.905842456855783240e+01
4.062167553341890169e+01
-3.081722053525128047e+01
-1.191494412829403515e+01
1.772334457918535833e+01
-2.116720792855862499e+01
1.417652387015216142e+01
7.899048757664809628e+00
1.475372154212363540e+01
-2.712189206976141520e+01
7.238622133956764060e+01
2.753684610610208594e+01
4.384756567226015811e+00
2.332467974807125444e+01
-8.177892569994442340e+01
5.996756015274363527e+00
3.882557325088156830e+01
-7.267191500228795675e+00
2.168235893337214648e+01
2.205733683486790753e+01
1.778974029383078914e+01
1.731541587213695621e+01
-2.194373122260182640e+01
-1.667634612310900266e+01
6.268651720378422887e+00
-2.912544149648895342e+01
-1.364823163784977567e+01
-1.625133746776084465e+00
8.887216715539526746e+00
3.325606783581110193e+01
2.879886788720493485e+01
-2.489436521846896788e+00
-2.893892192226126880e+01
-5.075025380395879893e+01
5.068204220672822835e+00
-4.783608152360586985e+01
2.497121662776294926e+01
-2.670547441524079346e+01
1.071536663395360378e+01
1.366743016819784451e+01
1.873162112244517274e+01
7.458403883603798690e+00
-1.497093192992604926e+01
-4.151967724531529313e+01
-7.989921551065577887e+00
-4.560875118223924218e+00
4.787710473409883605e+01
-2.882663686646043999e+01
-6.567783328936188525e+01
5.660797661168139427e+01
6.596344632196515079e+01
8.675370389391375170e+01
2.825657978673013204e+01
-2.756488779602370798e+01
-1.093763578406863601e+01
-1.220223793887602604e+01
-2.645280658146243624e+01
2.252642833173155168e+01
3.892131612375553829e+01
-1.031570858416953484e+01
6.971848553595326514e+00
-1.112618658673649641e+01
-3.723598015761239566e+01
1.464998172226190576e+01
-2.179074692081972486e+01
5.198297704895948357e+01
9.954674614523822740e+00
-9.735859105318461104e+00
-2.586946668571554397e+01
1.054753030410405401e+01
-1.534586135215947778e+01
-8.057364793605984232e+00
2.390448922155663780e+01
-8.973034673303821762e+00
4.002111133210524940e+01
1.591861019714555781e+01
-1.848453791466500817e+01
-4.079207042004287587e+01
8.291651641844622134e+01
2.072236692645690326e+01
-4.212206496345615392e+00
-2.548138519057146389e+00
-4.758185353569041354e+01
-2.815061280035215319e+01
1.948539436292782412e+01
-4.719304479647821893e+01
-1.554949779402198806e-01
5.888241052779770257e+01
-2.698971228366697517e+01
-2.751927369386624278e+01
5.226486479342113967e+01
-2.241962701068791830e+01
-1.791738244597424057e+01
-8.133311361622331503e+01
1.269316412974082908e+01
4.633072267993263438e+01
1.752403268873770514e+00
2.127288829355005184e+00
9.064632034687614137e-01
-5.618820665314564167e+01
2.448186453812790120e+01
1.000460281628220471e+01
3.137526191226146111e+01
1.657325585025589021e+01
-3.775989527450566641e+01
-1.548306250340593060e+01
-1.174741930669040713e+01
4.641447097080961370e+00
-1.059477689319636262e+01
2.517908960079870440e+01
5.226120568735554173e+01
-2.030576047715441135e+01
2.604410617202916711e+01
-2.222156406619638958e+01
1.506084462495412346e+01
-2.802420393083911776e+01
-3.912308467808953338e+01
-1.068551439371206158e+01
2.917813589186533108e+01
-1.431644813464678556e+01
-3.129737294529921243e+01
6.860594281756112878e+01
1.206559098082643189e+01
3.565647724320876932e+01
3.573320360099729953e+01
-1.133945132299299097e+01
1.877842231156083841e+01
1.032695815822831520e+01
-3.940567611995412278e+01
-3.463079194356871682e+01
-2.795024627077877355e+00
-3.191995853396028338e+01
-2.834645512265052236e+00
-3.231291119322494154e+01
3.657575857187006818e+01
2.918023371346220785e+01
5.402953843294392300e+01
-2.955729138526937305e+01
-3.095649949191714256e+01
6.767467236153554211e+01
-2.869474886217967935e+01
-1.294095410409743430e+01
-7.588994780164745713e+00
4.195035702834407232e+01
-7.146517294075209747e+00
9.525371451594421002e-01
2.972643206349635392e+01
-8.015108034512749668e+00
-2.642486748598079771e+01
1.544289105332330081e+01
3.458166897359004111e+01
-4.321065109634123758e+01
6.123447196347145294e+00
-1.639414472466856765e+01
-9.875329407149227023e+00
-2.574401828136678461e+01
-1.135606274397130022e+01
1.157732401544632062e+01
4.612423834228734165e+01
3.572836996417976962e+01
-2.802502456214216231e+00
-3.538905348879456625e+00
3.949914015983146953e-01
-8.386033651788137533e+00
3.841894348143956694e+00
-5.297022997338332040e+00
5.404026551404928824e+00
-3.035677157531506865e+01
4.388171949906941194e+01
4.424542941186041389e+01
1.998690801420074337e+01
7.805685583454339849e+01
3.329223622879006683e+01
4.481667074542012585e+01
1.956889323794878877e+01
3.766557414612230303e+01
-1.978632476885916702e+01
4.286786321189908477e+01
-3.732274477281054459e+01
2.475424557266847181e+00
-5.993986928886675258e+01
-1.038238934522192292e+00
3.788632517781416453e+01
1.084881329008795703e+01
1.163561199598203899e+01
1.762879192327864786e+01
1.305051211264946076e+01
-2.754936237623117989e+01
2.186833088552565840e+01
-7.303615314132203196e+01
-2.306461697177375214e+01
2.447166078283308366e+01
-1.217122137092779610e+01
1.036050612741248145e+01
-4.597351684384157977e+01
-1.679370704514059298e+01
4.333899683035903339e-01
1.154417334255226812e+01
3.730845832484711622e+01
2.885963257040361896e+01
-1.914687135601642964e+01
-1.392482574223203784e+01
-2.086590543251338659e+01
-2.284245900055469569e+00
-3.024352648460889270e+01
-3.922234044258337349e+01
4.023674986019162958e+01
9.182155699519785941e+00
5.051018928886811210e+01
-5.527461577435089879e+01
-3.745767637427888985e+01
-5.707944371633907110e+00
-3.482502264269595571e+01
-2.250736525892245865e+01
-1.839837707760141683e+01
-1.306415546919164683e+01
3.381890142238549402e+01
2.331210369714986541e+01
-1.525564526717280600e+01
-2.303154404137180222e+01
-1.751028161921508897e+01
6.755341868070338762e+01
2.437424417256853459e+01
4.580852967885302718e+01
2.170693790068875728e+01
-3.027982737984810058e+01
4.308593084357196901e+00
-6.860861891698851878e+01
6.769538861143101549e+00
-1.813565314304523213e+01
3.568332776757268476e+01
2.864956893926126114e+01
1.060668357491888258e+01
-5.571488914832439576e+00
-6.944626412106603475e+00
-2.371273777289563967e+01
-2.717926677522438439e+01
-5.511992121657517885e+01
3.710859369577808309e+01
-1.108989656478762598e+01
-4.403964926200515606e+01
-4.381561388420543324e+00
-3.647702029204473284e+00
9.230680681241534558e+01
2.978203229064761004e+01
2.408407112127498095e+01
-3.085242367559337850e+01
-3.458432905240702127e+00
6.485223621396707827e+00
2.845594629673063380e+01
-2.959137744519844659e+01
-9.359011538355508364e+00
1.728516407190367588e+01
-1.513572843196214990e+00
7.648251837590605007e+00
-5.384929315484448153e+01
4.977185844072856469e+01
8.434622849718383719e+00
-2.242968415387123571e+01
7.337475327628054877e+00
-1.325830166500655594e+01
-2.728909839631130296e+01
1.908401019702480639e+01
3.657238122806397485e+01
-2.625990761340236190e+01
-9.288591041733839404e+01
-5.430805631702298797e+00
-3.587459889118538570e+01
-1.191567263674309451e+01
-4.090796167303643216e+01
9.273889898633871809e+00
1.014205631343529213e+01
4.542945573465807740e+00
-1.691056521891436759e+01
-5.535918927229574393e+01
-1.880412839020916138e+01
-1.514475032274804001e+01
9.860664559761403325e+00
2.841948720250212901e+01
1.264667737015447635e+01
-5.863857841099090251e+01
1.375494551073297878e+01
-7.122602706893244040e-01
-2.615283683481305133e+01
-5.535310880962087765e+01
2.278261397265974963e+01
4.421203948451459098e+01
-3.896883695635054323e+01
6.060324135790709832e+00
-1.584204167605513192e+01
3.171892673168225585e+01
4.272115996013811667e+01
1.854314505023520354e+01
4.610211715373668540e+01
-1.519880128739771408e+01
8.346270308871302746e+01
-2.100743078630166849e+01
2.460477421623315308e+01
5.789170218077921426e-02
2.864372606566440282e+01
-3.531026017698088992e+01
-2.430424895180933476e+01
-4.392545253399421057e+01
-1.225304225298951621e+01
4.367995126743528544e+01
-8.526189710709406455e+00
-4.111732587540993222e+01
5.623783491581993133e+01
-6.716205104800808456e+00
-4.309486947576750282e+01
1.303528201736680714e+01
5.924122177658379229e+01
1.095303042080809597e+01
-2.398133011738278952e+01
1.232386817980968630e+01
-4.029138489132144940e+01
4.990066621814494141e+01
-5.946205552826375396e+01
4.484539794980788940e+01
1.444883447637107565e+01
-4.451703913621871322e+01
-7.211334600974731757e+01
-2.402315620956612463e+01
-7.795472085626557579e+00
-3.431550771812501210e+01
7.051552209440205843e+01
-6.219691325395777071e+00
4.267634390550643531e+01
4.955027851280199513e+01
5.611702834472161072e+01
-1.558767019241966345e+01
7.657604444308426572e+00
-3.899359675357343491e+01
2.239340694138740062e+01
4.266002963522340430e+00
-1.542253769089249937e+00
4.752855668116398391e+01
-8.412596335184053586e+00
-1.560419955623354937e+01
1.834432525171109063e+01
3.035130094488528840e+01
-2.894756555193587033e+01
-5.815597329336286236e+01
-3.812256588062003715e+01
3.703087740470643752e+01
-2.926760607793256952e+01
4.076990043742326542e+00
-2.359921215870659505e-01
1.452814411491058388e+00
-1.738973179770193500e-01
-1.173500276448024948e+01
-3.901485169388980268e+00
2.410953424204882012e+00
3.052600221620592080e+01
-2.063336731636486832e+01
-1.213825039426430408e+01
2.100747327822990229e+01
3.631101258949520627e+01
-1.415898084545090008e+01
-4.970032625894063472e+01
-1.583866338786017636e+01
2.600286599880318761e+01
1.892372344547649021e+01
-7.384192930438845792e+01
5.073357283367278647e+00
2.615581223187511029e+01
1.340870402196782329e+01
-2.620675049682167668e+01
-1.100149476847156826e+01
7.480705572883692867e+00
-4.761446850807942610e+00
-2.130757237803322823e+01
-4.373678769656438448e+01
-2.422048803280080875e+00
6.709653557000194724e-01
-7.780142265160367288e+01
1.504571871901579705e+01
-6.096861857317772859e+01
-1.305871546194929778e+01
-5.963721969978496240e+00
1.136371568560576328e+01
-4.029738573194400431e+01
1.145062063458579260e+01
-4.085395176669267769e+00
-5.467246770865371985e+01
-1.808899538515278493e+01
-1.586916301905951565e+00
-6.271468673729003740e+01
2.694023021320390399e+01
-5.662809145217980955e+01
1.281322698683719397e+00
-3.046692669693340960e+01
2.066776029404454817e+00
2.346586359277295486e+01
2.276101590692831067e+01
-1.358802235148854720e+01
-9.689228423049588201e+00
3.153267964777928967e+01
3.386689860229606808e+01
6.745144077533145932e+00
-4.520789683584578889e+00
-4.084115262473049057e+01
3.014556740952371250e+00
-3.172299707203019636e+01
-1.532379585690190282e+00
-7.814363243232008926e+01
-3.554333300991920908e+01
-5.338091132337948608e+01
-2.820137271770880005e+01
1.297526220562886401e+01
-2.448391600224185538e+01
-3.253307887101210660e+00
-4.721804333351719407e+01
-1.681044616732657104e+01
-5.265205842120717961e+00
1.077950351295665499e+01
-1.351864665260670861e+01
-7.367327346939713095e+01
-2.530442094947665765e+01
1.236768862562860960e+01
4.450836521736087548e+01
-7.721197197045267302e+00
5.324302366597081004e+01
-1.036135936860462614e+01
2.500907535784992675e+01
-7.171155336729826502e+01
2.179294669460514555e+01
-2.893327734086470571e+01
-2.179844572611964182e-01
2.145129536004371840e+00
-3.257819279847391414e+01
-1.614305372132357164e+01
-2.379792126636438354e+01
3.380111478992957608e+00
-1.025946258966353852e+01
-5.888627144697970550e+01
3.941951172850507135e+01
1.379912784742498921e+01
-8.785369563321608899e-01
4.434279047639791571e+01
-8.857215585247836032e+00
3.263274895630652850e+01
1.029101736593572802e+01
3.113206953340312921e+01
5.419925087880272052e+00
-9.499730531524955168e+00
-3.403283282861238490e+01
2.291563584689642852e+01
-1.909057594984901129e+01
1.397231466805691191e+01
5.132556440565279843e+01
-2.906619117591561974e+01
-1.958751969406829829e+01
-2.755178837247719770e+01
-4.858990361935032354e+01
1.647525189256641909e+01
1.568951906832772636e+01
4.377054729148247958e+01
7.341214930078952250e+01
-2.912353779645397012e+01
1.913550041083693998e+01
-5.304819161557887242e+01
1.688839377307737166e+01
3.270730287848917328e+01
2.224711850128244350e+01
1.925111942905678575e+01
1.819986145486202034e+01
5.184778840676161593e+01
8.191891908466770289e+00
-3.839318091842807945e+01
7.951376914385917871e+00
1.352447763272537706e+01
8.974806583267243454e+00
6.425348491049964750e+00
5.131751747520704043e+01
3.463334620444372547e+01
1.700768442848330508e+00
-1.955893960404347709e+01
-3.294673144778565432e-01
-2.598329799902312232e+01
2.628096146902023644e+00
2.395072517139825408e+01
2.219090666062725958e+01
-2.007872355544911258e+01
4.134504814811270634e+00
-2.924898652441811109e+01
-6.275938295718614057e+00
2.532561745533215003e+01
-2.816907083361217445e+01
3.079217538934776854e+01
1.821974756657742489e+01
-6.143504959757952122e+01
-2.425939472771030836e+00
1.221849879810531903e+01
-3.041374967680886954e+01
-6.131877690609489662e+01
1.042164000520116218e+01
-1.806834168176466449e+01
-2.491858254433400788e+01
1.064294876072980678e+01
-2.288016646599087878e+01
-9.844551593742011164e+00
4.085698624912213006e+01
1.276902312205061030e+01
9.003525869430692552e+00
-2.466153750181933901e+01
-8.020528576514983854e+00
3.180424641189051727e+01
5.161805434497161826e+01
-3.054098157034407279e+01
-7.994405686043497994e+00
1.079687228651997799e+01
2.504143133304281577e+01
-2.482384904274421444e+01
-1.196868391482516181e+01
-3.279094029884562111e+00
7.473560835600532304e-01
2.284175462355008790e+01
3.831793439692811631e+01
2.740065789776795668e+01
3.439056772065265477e+01
-5.273958963521844012e+00
-1.638595280506704910e+01
4.641021319381887444e+00
-2.933323768097362105e+01
-7.013060127574670677e-01
5.847004726318663614e+01
-2.387289500354538774e+01
-3.924323236556039873e+00
-1.512656146435713111e+01
1.045513088158316783e+01
-1.793271885031100510e+01
6.882822588700692634e+00
9.383770982995939036e+00
2.838579686342804553e+00
-2.491178176423152024e+01
-3.889664097856282865e+01
-3.409739595579235782e+01
2.770462409739594900e+00
1.003242370036535824e+01
-9.841444824872532138e+00
1.688957384678177931e+01
4.037375764883932305e+01
1.569984844655876266e+01
8.764364720255338526e+00
-3.637862224665408206e+01
-4.602666930177009164e+01
-3.310632827402417178e+01
1.522092811924762401e+01
3.922659747088219717e+01
3.590211555651020348e+01
-6.260960430480589878e+01
2.223321869358946401e+01
-2.746544211564541982e+01
1.107077637240070089e+01
3.075498978536402106e+01
-8.206051556020222293e+00
2.253671902986647524e+01
2.114389075327241585e+01
1.648387641289033034e+00
-1.198292274738611107e+00
1.510154446686267171e+01
1.351235577786387410e+01
-2.269485112336194277e+01
-7.596051244237370881e+00
-5.266338391979377320e+01
3.250496793199012302e+00
-3.581725544194723909e+01
1.508839300069001155e+01
-5.278635737083289570e+01
-6.114019495658656922e+01
-1.745952769296598106e+01
-4.942626527522397595e+01
-7.688508093971223900e+01
-5.455178051170655351e+01
-1.409836637889921196e+00
3.472489280056618099e+01
3.520971365414793297e+01
-1.118771398977761145e+01
-4.852717379452349178e+01
1.638287144129088801e+01
-1.562343474900800899e+01
-6.785290378699853520e+00
3.089396822664932429e+01
-2.288233748027580461e+01
2.108127457554802930e+01
3.002179201115888674e+01
1.665379211963735884e+01
-3.719199177828272695e+01
2.657926321831305216e+01
-4.396770599997065432e+01
2.588785427047565690e+01
-8.341475409148131348e+00
4.075783555787013235e+00
2.669405844800625260e+01
2.849176285817816989e+01
3.129624548784715632e+00
6.153082822782704397e+01
-1.544703198108017261e+01
4.652232398061428853e+00
-2.986815000450888391e+01
-1.196096255527960395e+01
-3.090839639484799406e+01
3.963298779399094940e+01
-5.000831950664935022e+01
-1.430308275903606052e+01
2.231453743195590089e+00
1.095701227270720892e+02
-8.348022393157680909e+00
9.486507755728790237e-01
1.708006365171088703e+01
-1.613971366566138244e+01
1.673425596887315692e+01
1.520330425227637861e+01
1.489536961446627750e+01
1.636957774329657056e+01
2.974298394407622226e+01
2.995675693075428025e-01
7.091560955784616205e+00
-2.865691616489745996e+01
6.075083464046223725e+01
3.806448783142109704e+01
5.641661127673204135e+01
-4.754111660163884778e+01
-6.252956609680425260e+01
-4.539826772907419894e+01
4.585361486096936545e+01
2.288801284128861724e+01
6.803650682291468854e+01
7.571227566801981368e+01
-4.289142364241007499e+01
-3.558735030106318931e+01
-5.659582308314120525e+01
-1.872101848990121553e+01
-1.201861272920066526e+01
4.192618990495482478e+01
-2.343197347493121185e+01
5.692412685722496946e+01
-1.312769150059185108e+01
1.125284509246890252e+01
-1.620020467158690636e+01
-3.090419080013172604e+01
6.152061767370633305e+01
