-4.348883036665467827e+00
2.366855578953173023e+01
-4.336916685865483068e+00
4.765850107882784670e+01
1.607272870231486461e+00
2.020664625895449973e+01
-1.794961515254488660e+00
-2.722833532594421158e+01
-6.249693528708994528e+00
5.668858985865278299e+01
4.773645473201415257e+01
7.928796967491615000e+00
-4.971400815264789941e+00
-1.287562672431627320e+01
-3.282726606232711219e+01
-4.310255986556418151e+01
2.200684090619768440e+01
-4.266515779614437776e+01
-3.729695517423426754e+00
-5.930701067804537985e+00
4.364537190331774497e+01
-2.732714706662135740e+01
-2.684002117410308230e+01
3.677647882722119022e+01
6.834893122873132221e+00
2.967023857388568686e+01
-7.346989003724547551e+00
-2.208407990918917108e+01
8.277773153020939745e+00
-1.758807085771154277e+01
-2.231566488708636697e+01
2.821410405057333293e+01
2.178523157373644281e+01
-2.164150007226708361e+00
2.617530651306840994e+01
-2.585555480597403921e+00
8.911075309103747344e+00
-1.231023772217572265e+01
1.582392248673096091e+01
1.440292383866882275e+01
9.566420392955189200e+00
-1.187791921060186695e+01
-9.386019046090002149e+00
-7.604895488892235988e+00
-2.864435360616131909e+00
1.724361692376695032e+01
4.021493798889846971e+01
-1.957718224573250865e+01
1.914957856065074893e+01
-1.267127927277182309e+01
4.397840049391321315e+01
6.440063683256416205e-01
-2.190079643559905875e+01
5.887563362332629779e+00
-8.148769280648901159e+00
-3.572369076667480670e+01
2.274813905164110395e+01
-6.740691559232056207e+00
-1.482305315697689174e+01
1.168663645451140454e+01
5.065477055658398342e+01
1.553316834742324914e+01
1.373162152298657013e+00
2.736153793748020036e+00
4.592940671875558678e+01
-5.000950668641467978e+00
-4.068064202303416010e+01
7.274630968107977935e+01
-5.676536247653942269e+00
-3.301233014441265112e+01
-5.004729241215682300e+00
1.719057280411172428e+01
2.648282474560541289e+01
3.759479384132891511e+01
-7.121906954086113295e+00
-1.868130798940280357e+01
2.103647204880267463e+00
5.065351566416515183e+00
-1.764075426359889676e+01
-3.502641146038969566e+01
1.773672709966727012e+01
-4.796255122970139340e+00
-4.604817126985464171e+01
1.757267493415239201e+01
-2.250376461801661776e+01
6.681233218924194084e+00
6.825734238891787431e-01
-3.630303982711670763e+00
1.523905167205212230e+01
-1.015751308735602443e+01
-8.764870031436347020e+00
-2.101194326410876201e+01
-4.115721058742839489e+01
-2.457624605477599644e+01
2.468820340445921246e+01
7.445146007720850001e+00
1.262266332027915716e+01
2.159868537496863894e+01
6.640472968701372380e+00
-6.872318597604722967e+00
-3.958473371881524372e+01
-1.981275676590997037e+01
2.747783890726636713e+01
-1.573240796038741252e+01
-6.196507141718022638e+00
-6.407375361259235547e+01
2.497729194025389177e+00
-3.642772492802619411e+01
-2.877142732832389527e+01
-2.485765186860207621e+01
-5.383568127138603110e+00
-2.112086455413620811e+01
-3.595275000016950884e+01
-1.030669869274786166e+01
4.846447534649281685e+00
-1.011795290599348718e+01
1.987774536953079618e+01
1.971445557507087187e+01
-1.325054081833826913e+01
-2.879029577040223842e+01
5.439719507520681674e+00
5.691694481867401834e+01
-1.547635649801433466e+01
-3.524634704974447885e+01
3.970368460109604758e+00
1.154596819462113899e+01
4.195277168904531173e+00
-3.785865168329141994e+01
-2.055025139359754149e+01
-1.028096062998610094e+01
8.309917815900671911e+00
-7.942532704675204336e+00
9.232935591129082908e+00
-2.065466259905365831e+01
1.699120710235047227e+01
4.062380693774122165e+01
1.023079490605569219e+01
-9.046333200499953264e+00
1.720792060231046960e+01
-2.065975738507638049e+00
-9.888400987875481718e+00
7.703089261015325206e+00
3.021726851686430138e+01
1.779133045577850325e+01
-1.286333845741812354e+01
-8.232503698966816330e+00
1.537071494925804416e+01
6.842852582308812437e+00
-9.776292678430193561e+00
1.682905386803967573e+01
-4.779378448865126217e+01
-2.195078416039745406e+01
-1.696506876489449667e+01
-7.902897132076192044e-01
-7.961866603898019434e+01
7.890844589469045545e+00
-2.803777839077720913e+01
3.632667623941635071e+01
-6.521706953942518226e+01
-3.438428682454183161e+01
-1.673002131814134685e+01
-1.765568180998508296e+01
9.670866678003637418e+00
2.262431607768348840e+01
3.179658436862653925e+00
7.069758998852500476e+00
-2.438265316875707711e+01
-1.398016905862927395e+01
-1.971825750867678195e+01
-5.289497844876671451e+01
-2.656944695788861566e+01
-4.606208628395618732e+00
6.693583575180102940e+00
1.795659950517734194e+00
1.809505495471434244e+01
-6.479750553045249717e+01
2.366499970915242912e+01
2.722094642466763759e+01
8.034284966418674401e+00
-1.614276312210961351e+01
-7.934698608227112260e+00
5.546777791659018852e-03
5.524269942583303106e+01
5.704674324740064861e+01
2.145648608599306506e+00
-3.406525502632635494e+01
2.694188476925356568e+00
6.589819773733969654e+00
2.203086881823666943e+01
2.934849207416732497e+00
-1.079539652937353367e+01
-6.473921965581826754e+00
1.407391534132366218e+01
-4.758481521541327908e+01
3.490654580191127820e+01
3.575305360096368901e+01
2.736757848504031188e+01
-5.127974714322012773e+01
-2.280227848174602556e+01
-6.052236038463649770e+00
-1.207716708833339858e+01
-1.597103262740896312e+01
-4.081360645982299751e+00
-1.467360125697846129e+01
2.221248552109012309e+01
5.135174421990997828e+00
2.728939016594724709e-01
3.914451202223983728e+01
2.205639748741443285e+01
-1.569182086871636450e+01
1.735260590493683752e+00
-4.749553979048582342e+00
-9.260041127613616752e+00
5.184134217330981897e+01
9.885028655326044245e+00
2.847642173320986458e+00
3.665384139472062941e+01
-4.274460450455337401e-01
2.277703857393002451e+01
2.628972789820917200e+01
2.813062367894317362e+01
1.882481480624892711e+01
-2.196040960492705363e+00
1.639537651026846632e+01
-1.018300216067420472e+01
8.884330651763319153e+00
3.305418500161523809e+01
3.966011277815045588e+01
2.153830926240060961e+01
1.241782779540751491e+01
-1.054247969443191657e+01
-2.276438090649636337e+01
2.680220712131655247e+01
-1.938213504238848728e+01
-1.198000531357953413e+01
-3.663773214076587692e+01
-4.198182151061844891e+00
-3.661319450570897693e+00
-4.653410057178185610e+01
7.413776170001290211e+01
7.151983885445738487e+00
3.359860569264222363e+01
1.835700742696290533e+01
-1.345467762892812047e+01
2.863804607000167834e+01
8.155896044073077888e+00
-2.476844769482338648e+01
-1.064989262291052619e+01
-5.372009042357769104e+00
-3.189877031852925260e+00
-1.045546715606136345e+01
1.197632856044147509e+01
3.433778793508423632e+01
-1.697448624225028180e+00
-3.905001238311388789e+01
-3.186856353978260969e+01
7.733429708566460192e+01
4.955902729956101638e+01
-2.324906739014212320e+01
-1.085941735686937193e+00
-2.408894814828953557e+01
-7.440145200989650931e+00
-1.042903869768645819e+01
4.641292576288036287e+01
7.041204666542134838e+00
2.176793034088615286e+01
-1.668337539677735393e+01
-5.329537812510528383e+00
-2.016992098388997690e+01
-1.024855410434419056e+01
2.477224964635106375e+01
-2.050300584932550763e+01
3.849913412910586175e+01
-2.443383856487509931e+01
-7.349626917222852995e+00
-1.689431288237231144e+01
-7.958460961377453735e+00
-1.652907454505892915e+01
3.921535862571938935e+01
-3.288308284552803329e+00
-6.215853105025814784e+00
-3.248950307928323866e+01
1.416419007883602710e+01
-1.096097583136414499e+01
-1.484676042769548898e+00
-8.140150417105770586e+00
2.198177631435351032e+01
-3.142278417451018058e+01
-2.477715991363785264e+01
3.421120361613520622e+00
-1.300742459497683967e+01
-2.126834835533519552e+01
-1.353790643790356540e+01
-3.215344031502795019e+01
-1.702527145711108858e+00
-2.659576165022894045e+01
-8.168067591084074763e+00
3.122781050323111263e+00
1.902760364428334583e+01
-2.225594796287997212e+01
-3.307331502342349694e+01
1.643445158534665396e+01
-2.709605214944369678e+01
-8.658022430484514587e+00
-3.303406666927965318e+01
2.845359292169745924e+00
1.312532367081980311e+01
1.879251945947493496e+01
3.682150281673025205e+01
-1.646317046928460925e+01
3.804567517405234156e+01
-1.575894704659565804e+01
2.579181624869989520e+01
1.673199792240371631e+00
6.780204649780251280e+00
-2.991688946110217273e+01
2.525730903937529703e+01
1.424408260295095907e+01
4.265880757574822724e+01
-4.270173334720085201e+00
5.715037216518426888e+00
-1.610052503503096588e+00
-1.178910842794421932e+01
1.465033331319170884e+01
-1.531939803572440439e+01
7.137605951841653251e+00
3.508015565591523277e+00
-6.263057432334619534e+00
2.892582978109501113e+01
-1.296440499024776472e+01
9.608221592698331648e+00
1.109862994785820511e+01
-5.420806224973448550e+00
-1.336811086519682767e+01
2.389355783548064593e+01
2.667445704353060520e+01
-4.302452687634823292e+01
-1.506901774529511329e+01
-2.280252654423191316e+01
2.626269218963481578e+01
-5.878538143771174163e+01
1.885668858589020047e+01
6.511342389270070896e+01
1.090017864439818496e+01
1.822369309960824424e+01
-3.626821952947985039e+01
7.478829415705853023e+00
-1.849004467143249286e+01
-3.579917950410381877e+01
2.870395294375330408e+01
-5.804722191871322323e+00
2.940617101774696707e+01
-3.513865279658022445e+01
1.336660870574146287e+01
-7.167937818894307256e+00
-3.805776701361313030e+01
7.080795642247932342e-01
3.580424171977013970e+01
-1.549896923255519177e+01
-9.445682365580914563e+00
1.894862378637192313e+00
-3.637761423539436123e+01
3.527515068891207761e+01
-6.507472402769118425e+00
-1.225681045190566465e+01
2.964963661265550243e+01
4.303937186400897730e+00
-1.257188137592714483e+01
6.393763750002646873e+01
-1.395899169633815440e+00
-5.268284093409069868e+01
9.694274590600194585e+00
2.182928368770130945e+01
1.060148455819552105e+01
7.083503322717382034e+00
-2.227245892629145629e+01
-2.236355810592692350e+01
-7.227516640635720524e-01
-2.087553191934148344e+01
2.303748928034287857e+01
1.584280302853241906e+01
1.615773043866776604e+01
1.178432547583105716e+01
-9.002180482474035017e+00
1.511010224260707702e+01
4.354336242935140433e+01
8.371973578238488756e+00
5.973185017138484199e+01
1.533307364923060412e+01
7.130187537237409501e+00
-6.963912660781166331e-01
3.632611683788729096e+01
5.040485675608051608e+00
-6.657326328143871486e+00
-3.219802958371142410e+01
-1.556236924559933144e+01
-2.463813980375913815e+01
-1.121656969771321499e+01
-2.587823905905623079e+01
-1.762719757877228588e+01
1.384464924660522911e+01
-4.829038218623353806e-01
5.752973010931768272e+01
3.391884577883614327e+01
1.768719312100126473e+01
-3.231198212252748192e+01
-3.768390139140216633e+01
3.452805798125750414e+01
2.500259418860218297e+00
3.933382188959165582e+00
-6.846361803672228064e+01
-2.810615603545223706e+01
-4.964027872392886565e+01
-2.815079578668379057e+01
-3.387089520751888472e+01
9.700427412143323380e+00
-3.357511696414939451e+01
-5.396384583523212708e-01
-2.600290017665037468e+01
-3.749417000340233841e+01
2.444423893399192949e+01
-2.248778126823513190e+01
-1.620704238341666326e+01
1.877528459150091678e+01
4.445065943636203798e+01
-2.069147497858853058e+01
-1.216225179922179933e+01
-1.128696160852032548e+01
3.513187559599794696e+01
1.920135526941833248e+01
-3.564496682307798814e+00
1.872458791443406767e+01
-5.157772993005226425e+01
-1.738804922212673532e+01
-7.904632852732932591e+00
3.702807051116826642e+01
-2.590816284525061519e+01
-1.398109732789968618e+01
5.945091531693802978e+01
-2.367905428526140454e+01
-6.624771431726967030e+00
1.712227777387595395e+01
-2.703705381165072907e+01
1.645343910955221389e+01
-4.042630767347652210e+01
2.068264143868428384e+00
1.839229940739944169e+01
-1.397480417973041611e+01
6.723089875785754010e+00
-1.740070494555576630e+01
8.822826372249373605e+00
-8.220449904313152700e+00
-8.174263292667392378e+00
2.606078429413793174e+01
4.996642502558780308e+01
2.330240414588771358e+01
-4.963585353767116715e+01
1.134957585817363857e+01
1.311141013411913825e+01
-6.327320569746271772e+00
4.389998230725668193e+00
-2.388906378784094642e+01
1.075356390634332016e+01
-1.448733680198665397e+01
1.327906347659073383e+01
4.759782715920423612e+01
-3.803818966645251010e+01
4.402064536411793938e+01
4.343213955877195787e+01
-4.998256497580806723e+01
-2.780749296896049216e+01
9.388505489598790277e+00
3.636657407359340510e+01
-2.371000506638520378e+01
-5.127410807385681224e+00
-1.644203406201118511e+01
-4.451013211688034765e+00
-1.630041340787616377e+01
2.696961740951171294e+01
1.005243505826781103e+01
7.136701451644654526e+00
3.813046869138820938e+01
-6.987150577900911230e+01
4.373283266915613865e+00
2.025022540106951752e+01
1.310051713480674529e+01
1.173082175799600613e+01
-2.151146269840894831e+01
-4.988016664618329088e+01
-1.916617162775338556e+01
-1.738782096272300848e+00
1.547688244922712641e+01
-2.806778114778924049e+01
1.129189282957544060e+00
3.313832331966154499e+01
-2.010164576376101309e+01
2.771647825739122695e+01
-2.014260861878684139e+01
-4.448740022976949859e+01
-9.762988716006105960e+00
-8.397379760913405278e+01
4.958993247324551490e+00
-3.213364487168924910e+01
1.376416999034609567e+01
1.379703007176616048e+01
3.051280496237067652e+01
-4.807489695209310909e+00
-3.980514559567326138e+00
3.427337996575620593e+01
-7.367330741673645100e+00
1.854107008614219509e+01
-2.245966903874688470e+01
-4.822284400708013230e+00
7.432703715521252974e+00
2.955039895262882510e+01
-1.791919467017987211e-01
2.652915250770769617e+01
-1.233087117617911055e+01
-4.232881172289712168e+00
-2.447501757250057253e+01
1.430374550264542322e+01
-4.145548554403433172e+01
-2.930192219327776293e+00
-5.640763237232626626e-01
-3.896561771175166200e+01
2.781235700557246204e+01
6.735871584101910337e+00
1.068989370146267959e+01
2.623007462057326045e+00
3.240989133539368083e+01
-3.214696007229883179e+01
2.549200878256097624e+01
-1.761411784331596664e+01
1.365587340328511701e+00
-1.120266532808340987e+00
-1.384852360550440231e+01
2.335801271799491374e+00
2.139548960063264360e+01
-2.484860439931309273e+01
-2.832493433322990306e+00
3.009844500442886073e+01
3.124374750125577549e+01
-2.719268463019217563e+01
3.919096094378545558e+01
6.189471764596321890e+01
-1.795104440385287248e+01
-1.352381939446145864e+01
-1.422335976443604366e+01
4.649681638737878586e+01
-1.983873227415443807e+01
3.709584839842694493e+01
-2.264203041898740665e+01
1.461893676457505187e+01
1.825909910065474762e+01
2.419669241715949681e+01
-2.327543902751902039e+01
-5.091611076550903725e+00
1.812678699089477163e+01
3.090997912352206711e+01
7.603892076276957290e+00
2.627928511603585982e+00
-4.831579626663825167e+01
3.440838081459807540e+01
-1.073809515082239940e+01
-2.764837440617937681e+00
1.203644167172238078e+01
1.294764658475579822e+01
4.641591235243241442e+01
9.935488930395361962e-01
-2.438229313704954393e+01
5.393069279520700832e+01
2.074880565762695284e+01
2.864772667039902032e+01
-2.265045964443615745e+01
-2.058838984852389231e+01
-3.773022140272241387e+01
-5.394982361379184965e+01
3.893518964195039445e+01
-1.395961839891467449e+01
4.664368843770835049e+00
-3.747404678332105732e+01
-2.952907854527310860e+01
-8.197332471196732584e+00
2.403521140692607716e+01
-1.771087084330524064e+01
-6.121046565392916960e+01
-3.785274627642283463e+01
-6.166757436452758867e+00
2.460013325553165586e+01
-1.538998036878243880e+01
-3.066224297966503975e+00
-5.992325456612208612e+00
5.442887331984874066e+01
1.965338114708561434e+01
1.101807099961169278e+01
-2.831655063630546820e+01
-1.719534914742302334e+01
1.703445732499947951e+01
9.303932897670147639e+00
7.449367345858673772e+00
-1.870305043825174707e+01
-9.465877526995960523e+00
2.084289561420858661e+01
8.993084495717349469e+00
-2.859119867036593732e+01
4.816498583643620890e+01
7.157732450014411718e+00
1.253704873241960094e+01
5.884255435958021252e+01
-2.770409775969610777e+01
-4.144984143422312428e+01
-3.074780056278757101e+01
-2.191462223051723512e+01
-3.611479687326662713e+01
-2.722844538809046355e+01
7.249863925479997917e+00
-1.843459397123250909e+01
-7.819812063844322481e+00
-2.165109800130546347e+01
-8.228011802518672368e+00
4.942467686470322974e+00
2.157423607535307042e+01
2.800570741732845903e+01
2.665541242667842425e+01
-7.375720904144399981e+01
-1.082134104951545694e+01
2.286322817598835044e+01
-4.496929705539758970e+01
3.817838134463559463e+00
-3.395021264353415802e+01
-2.226318785386825994e+01
-1.372932448307888542e+01
-1.736391536683926518e+01
-3.342813984127497662e+01
-1.281714277454730144e+01
2.402881313172951749e+01
-1.773383331552420117e+01
-2.282948274751532480e+01
1.490868596261740286e+01
1.249373315258719153e+01
1.029525798642451972e+00
2.229477853536666032e+01
1.780391000812702984e+01
5.995218170979293149e+01
5.080172276544827525e+01
-6.146874022177837560e+01
8.370442654463492005e+00
1.327351086100330058e+01
-1.026273777073284243e+01
8.719403740563863581e-01
1.999867231165709569e+01
-2.268563175477885352e+01
4.131503522694411856e+01
1.511167540061105363e+01
-1.808547317360169515e+01
1.427715418521959823e+00
-4.272240206280080344e+01
3.307310788374848443e+01
-1.673559356883799643e+00
2.898080509977278396e+01
-2.036206186269197005e+01
-5.753738066385643890e+00
3.307670631994796651e+01
-7.182780872585139775e+01
1.074755337648072739e+01
-4.858692480893997612e+01
-3.681760039756384995e+00
-3.095588364340953191e+01
1.204905828567678228e+01
-1.573998901064788036e+01
3.637268543282256239e+00
-2.401884548430610167e+01
-1.721441352914350986e+01
-1.201804881232353495e+01
-1.293194051698479541e+01
3.304352610714475702e+01
-2.757318896221032745e+01
7.688872015780281899e+00
-2.697834766815708463e+01
4.550742466619397852e+00
-1.056322209230855869e+01
3.496890734047025262e+01
2.478732659953522699e+01
8.082125492670638067e+00
1.047354204661142063e+01
-3.659007482393221977e+01
-2.872792297468995315e+01
2.131562672677855375e+01
2.675855564310677082e+01
1.025241815852179528e+01
-2.667419986337736049e+01
4.278738815467274037e+01
5.867487882784568676e+00
-3.318730717492250903e+01
1.640246946028436348e+00
3.633544652473440095e+01
-3.036873167591745748e+00
-2.895530451895108470e+01
-5.209218730558552579e+01
-2.150765681138501861e+01
-5.250588800183751204e+01
3.050196706437301941e+01
-7.991032572726333605e+00
2.748280863107262206e+01
-1.470009678956920673e+01
-2.611179469000308373e+01
-1.805855105415439255e+01
2.170002634354771587e+01
-1.712037215029043224e+01
2.356525317056663482e+01
-2.909341396567796068e+01
1.294881329894669619e+01
-6.272867895658212234e+01
2.520112561665533590e+01
3.362913143154930395e+01
-2.934063994514772844e+01
-4.047689734233504311e+01
-1.921379108198978614e+01
-2.818204330357954035e+00
-2.282823264235722860e+01
-7.350851975574951780e+01
2.679213526333885209e+00
5.412257241881301972e+00
-1.323481995316952187e+01
-3.690507523369156218e+01
-1.998500538615587629e+01
-1.068913073598537800e+01
9.156751503883473475e-01
2.750331751503993871e+01
-2.482385461014684580e+01
1.286780339864304601e+01
-1.408005782149915497e+01
3.581808199723287789e+00
-3.896541722515658002e+00
-1.964479811216229521e+01
-1.193824871860807768e+01
7.523384409855091715e-01
-4.238890879211048457e+01
1.543446996770484780e+01
-1.714467722962294260e+01
4.907394903224644445e+00
-1.577140354940494982e+00
3.080267059084218673e+01
1.516827051417741323e+01
-7.566336840751035631e+00
1.362901217272733767e+01
-3.159172518729830870e+01
4.087774950416239506e+01
-1.011768324149550047e+01
7.411490586023903759e+00
3.574517154741138114e+01
1.690815073037640914e+01
2.400797191974441347e+01
-1.742854990763093070e+01
-1.423927819943362572e+01
-6.133088624073442574e+00
1.267156812454864401e+01
3.350940730099302378e+00
-1.042354806736435258e+01
1.185640350693352163e+00
-7.300202006280449574e+00
-3.396732970157986387e+01
2.047536524043263384e+01
1.296619831500039410e+01
2.866370177572897759e+01
1.678430471796428947e+01
-9.326448965191231011e+00
-7.298550214863640306e+00
2.579208583909401398e+01
-3.880163696769102444e+01
1.235123641871432021e+01
3.756662501083717132e+01
1.425412816121642301e+01
-1.929930446278999412e+01
-9.786796226594779213e+00
3.913542622883715794e+00
-1.991126508787606753e+01
1.372871588372840534e+01
-2.888593809632322262e+00
1.789051656252353339e+01
2.351882017605050379e+01
2.717330043510791882e+01
2.540767202471604591e+01
2.161424073619000552e+01
-1.633718250527731186e+01
-7.540860907759472376e+00
-8.818152188392794244e+00
4.678562269666415574e+01
-2.436646667687909584e+01
-8.045465072755546565e-01
-3.015071035215740736e+01
5.458261603042083010e+01
9.846617777385118231e+00
5.433670565210882586e+01
3.089053849455994083e+01
-4.508994827804416872e+01
-4.390563028752195507e+00
2.674254561128853425e+01
-1.855205218669082257e+01
1.789853300191704477e+01
-1.654910648579743437e+01
-9.290548566764915694e-01
1.103150323020768830e+01
-5.036200501168164578e+01
-2.158602584147665482e+00
-6.383085583354619175e+00
8.661542955581118974e+00
-1.320113401440252687e+01
-7.960829129548097072e-03
-1.709215696701816967e+01
1.031023375658918617e+01
4.657562677398966855e+01
-1.433283067413612333e+00
-2.205013674999617379e+01
-2.123759903344094724e+01
-4.139557752087515752e+00
7.413852880872720874e+00
1.621250559661519119e+01
-1.228000690933283146e+01
5.011730735657657476e+00
-3.886947785679361544e+01
1.078403268467894982e+01
1.125279637486098272e+00
3.622572364213925589e+00
2.790471285900157383e+01
-4.123424142175107932e+01
-7.330766093922163940e+00
-3.710298541121263671e+00
-9.753987127434236015e+00
-6.610933010177556923e+01
1.225032674491740003e+01
2.937926116009014166e+01
-1.378059273689097353e+01
-2.050466643200721606e+01
3.375025189521627311e+01
2.933393507304682757e+01
-4.708077527434030074e+00
-4.031893239009455243e+01
3.962074128920836102e-01
2.219814478754061682e+00
-1.913598004775963446e+01
1.840540009945094724e+01
-7.499326521702060688e+01
-4.079919971269772105e+01
6.559923286361676276e+01
-1.962237907934213155e+01
-1.171373371150939313e+01
-1.423691657617153616e+01
1.889654920637522295e+01
1.058306516344042336e+01
-1.890498196901392092e+01
7.188854648882033516e+00
2.377178307632567567e+01
3.389864917418995560e+01
1.174391224468947170e+00
-2.458880339892650824e+01
1.346394815214144636e+01
-2.177060177728820989e+01
9.509668823221288037e+00
-2.416561834245190443e+00
-3.310305798761136487e+01
-9.068596106299700921e+00
1.851837875490202379e+01
1.414004923352063869e+01
5.690756760592591945e+01
-1.379148440490513394e+01
9.962296946869866332e+00
6.457662728983468980e+01
-1.134679376106597815e+01
4.630419042576753519e+00
1.531862396021178263e+01
-1.641602504732795964e+01
-1.029204772507566723e+01
-5.200183156170768939e+01
-8.971137261846768851e+00
1.222355022646333644e+01
2.990430602307231922e+01
-3.887264266096976684e+01
-5.277709642434685655e+00
-5.097885040654309563e+01
-9.270114350628761102e+00
-4.431427265473897315e-01
1.938907973832680653e+00
1.091624554917592782e+01
5.311983080040726612e+00
5.155400833037592179e+01
-5.174389989401274903e+01
-4.002499420405529307e+00
-3.692817854604049188e+01
-2.456088015743663888e+01
1.827437573895181799e+01
-3.118676650109625026e+00
1.479328940352439581e+01
-5.987075527691833798e+01
-7.831791388069271775e+00
4.401976015404147624e-01
1.397007928581287040e+01
-3.620889622801208674e+01
4.218379694964843551e+00
-4.718348242448043806e+01
-2.148383298598022861e+01
-1.607755747297036208e+01
-2.723971376535811473e+01
-3.087668850077539417e+01
4.605232223491029941e+01
1.454055509575002247e+01
2.334259135636042615e+01
-1.861698264809124703e+00
-7.525443225239674128e+00
5.793131010251988400e-01
4.069917728005458812e+00
-2.294441171777134514e+01
-3.678469117918551490e+01
-2.046267044986858963e+01
-3.157169330733577972e+00
1.220884331047721894e+01
1.893813344182802183e+01
-4.418580200867626928e+01
4.723693318970367017e+01
-4.397639720299495281e+01
-1.275140340980722264e+01
-2.760451772693362926e+01
1.272490817633187277e+01
3.478450014353305875e+01
-1.184062755451303017e+00
-2.456446758762401572e+01
5.387133009222703350e+01
1.779334913956410702e+01
2.349513521911296365e+00
-1.246185188257791232e+01
-3.208364039559732817e+01
1.989804122571614897e+01
1.061187212534570357e+01
-3.658262011919036993e+00
4.484986513612584602e+00
-1.868389584206952847e+01
-2.031032049102759629e+01
1.456570619715351000e+01
-4.090675694220411884e+00
-3.372353039007891340e+01
3.066517074249878405e+01
7.909893898746402030e+00
-4.852287719996677851e+01
1.751511356623085902e+01
-2.702352976444604238e+01
1.357676661323450062e+01
6.786517873553867375e+00
1.568251096419374235e+01
2.526000603429903890e+01
1.354259633666308638e+01
-3.521181931905107376e+01
2.701009953318413181e+01
1.702354559176542637e+01
-6.408208966807976914e+00
1.360267649995951267e+01
5.174508073878597969e+01
-7.889040527622911192e+00
-3.046969845512908392e+01
-5.410807732561518257e+00
-4.694224198545273730e+00
3.245852461068988504e+01
2.714550236896967306e+01
-1.169516141541057941e+01
1.537449701215817832e+01
3.373286318998879807e+01
-7.274116177395727689e+00
-3.370628875012118186e+01
1.748065914359742834e+01
2.672318363155037346e+01
-2.240792183334867360e+01
-2.338775378537889083e+00
-1.422529996924565587e+01
1.250935504587674529e+01
-6.550104386330976070e+01
-5.807541719296311022e+00
-2.163812308203630153e+01
-7.809195799814400374e+00
-1.729123196595622147e+01
3.473626749045572382e+01
-9.459106219973911323e+00
-5.960814529263946326e+01
9.051659636241852880e+00
1.899835285185215028e+01
-3.135074455320990694e+01
2.463409772254173014e+00
3.385215950160380061e+01
-2.872136694821654501e+01
1.224205747442592340e+01
3.327451510718293548e+01
-7.791703346380382200e+00
-2.385219937128267631e+01
5.275849181161396118e+00
3.243538129965723726e+01
1.165728417219189517e+01
5.299032467315126382e+01
1.590585888438377893e+01
1.412270288212020120e+01
-3.537872564033738598e+01
1.228263451440265186e+01
-1.463207720871655582e+01
7.181002150578557064e+00
4.283252413150842042e-01
2.219312418488531335e+01
1.376947594439915434e+01
-9.037583325328196082e+00
-1.649143573090085368e+01
-1.128862199571099545e+01
-2.650220410907861179e+01
4.781560440476727081e+01
4.461956284246964444e+00
-6.756934544764604311e+01
2.247399544133566351e+00
1.958726520391898518e+01
-9.499092839898281682e+00
3.683804735075189463e+00
-1.597143470447653435e+01
2.412841560737977620e+00
1.861745833901631642e+01
3.292525654733655927e+01
-2.395705773205309441e+01
-4.077658461963939374e+01
-2.927384051718061286e+01
2.978734237195322621e+01
-1.167788448460264661e+01
-2.756416999947854762e+01
1.321783976943789973e+01
-9.302776754578385709e-01
-1.273219187547108788e+01
-1.103499457086874713e+01
-5.539389760158975662e+00
-5.345400096580512184e+01
1.139791114952725337e+01
5.770184251638993622e+00
2.421334719604006480e+01
-7.119806744476940175e+00
-1.801869897710817270e+01
1.952906797277764284e+01
6.481010781046884439e+00
-1.929502268972615298e+01
2.309577668871958878e+01
-1.172193578403588710e+01
-2.434641964311626161e+00
3.006776218411145152e+01
1.160015860017810496e+01
-5.657492444693048839e+01
-2.050380772442227340e+01
-6.714027588411176417e+00
5.339788916095926652e+00
3.125034151918671199e+01
