4.046104164392586711e+01
5.679709878257062172e+01
-3.730890018750147163e+01
-1.470838552150907041e+01
3.728903075531734146e+01
-1.292076652495855456e+02
-8.955136101429005180e+01
-5.686531720474020801e+01
8.145337639420274911e+01
7.762079090167820539e+01
1.055058801905155121e+02
-9.262274566111035057e+00
-1.175421624836704524e+02
2.170335219493965084e+01
-1.093076339161409152e+02
-3.694271860913182337e+01
-6.400474947444465101e+01
5.121428791145921622e+01
1.029502630075969449e+02
5.487844851404312152e+01
-2.204329456810598487e+01
4.762591340601257173e+01
-2.337506283093626536e+01
-2.844034929373755105e+01
3.438401363989333248e+01
-1.700196123259019316e+02
1.860178708690376936e+01
4.317902084044216338e+01
-1.063138670779128887e+02
9.525540754874786842e+01
-5.181294367179238947e+01
-1.116529635268700389e+02
-1.704051970125207447e+02
1.955350963782392526e+01
1.179950838999280194e+02
9.109376389083433168e+00
-2.087169172363361724e+02
-1.017935294621175046e+02
1.011508354455690153e+02
1.582600415244786234e+02
1.944060763182337581e+01
-7.392967769516144472e+01
-1.478160556921436353e+01
-4.671961876018071003e+00
-1.101552212394126400e+02
-1.901004685649595771e+01
2.133063437629360948e+01
-5.591081916776329308e+01
6.132508127992673508e+01
2.946839393721903377e+01
3.695039783525168531e+01
-6.677405851378553692e+00
-3.745625889932578190e+01
9.079067912120397210e+00
-2.219781979673983940e+01
-6.207514030830501639e+01
6.206569132749059747e+01
4.979689525576364417e+01
-6.473199113975296370e+01
5.212793110264871643e+01
-7.368344410573682524e+01
-4.835873050328961398e+01
3.252396225166446442e+01
-1.424297772661429065e+02
-8.482191422616369891e+01
7.166762217906089916e+01
-5.704166077009733016e+01
6.580858446745259016e+01
-1.797248808572513923e+01
8.673514472097110684e+01
8.846841903973023591e+01
-1.270622798666524389e+01
2.244510041203312412e+01
-3.143765789801403976e+00
-3.513719488817264391e+01
-1.872362464757824512e+02
-9.801248352904707417e+01
-4.470199639711132278e+01
6.450271846728030667e+00
8.842266188959679596e+01
-7.277624597603220025e+01
-8.087569647888697943e+01
2.439310220477742419e+01
-2.826001534138984894e+01
-1.000264176404540706e+02
-3.777663897093731293e+01
-6.535335556022670289e+01
1.143474522363854895e+01
-7.738786397155440966e+01
-3.865798783107726067e+00
-3.130630531571418462e+00
-6.019107290739723481e+01
-3.241260603980592947e+01
5.317157807716724705e+01
5.759507099520979523e+01
8.265868490394548473e+01
-3.358847359878177485e+01
-7.152097812119676234e+01
8.754532082298201345e+00
-2.436269613086585295e+00
2.265445034350716469e+01
-9.423450396573190346e+01
4.203747465625988156e+01
5.046737317090180142e+01
-1.102027864759482441e+02
4.125208288431388581e+01
-6.942631826029224840e+01
-3.494470064337108539e+01
5.122108120237340501e+01
-1.568620877376596923e+01
-2.104014433482299751e+01
-9.459052825783711427e+00
2.408165491625372923e+01
1.035775972933263063e+02
7.733596998097442565e+01
-3.175160860325091505e+01
-1.274409446223790354e+02
1.247054714448637647e+01
-3.931170051324932047e+01
-1.498862028905475796e+01
-7.964993687505881326e+01
-1.088655401723778340e+02
-4.414285062573587481e+01
2.861338937804361882e-01
-4.762493478074836872e+01
-1.311042327319152889e+02
-1.048289014280893383e+01
-1.407033531645589051e+02
6.946718866049215535e+01
-5.899505493978078619e+01
5.809693633710993765e+01
1.052396299926854262e+01
-8.076009826802737734e+01
-1.973748365280190598e+01
-3.316913378803814538e+01
3.928986823896078562e+01
2.746898913973264200e+01
8.428086753437268897e+01
-6.154336272860248158e+01
7.377412716436130324e+01
-4.339374181085633886e+00
-2.850185304965606647e+01
8.674075802320545847e+01
-5.563933463166978299e+01
9.849330166418458532e+01
4.351459256540571374e+01
5.806473286923731791e+01
5.727499270730059777e+01
-2.826555530930897220e+01
-7.672766048471484623e+01
2.194890177149207489e+01
-2.222238614141184954e+01
-7.881567276734456584e+01
-4.475304075863309805e+01
6.158888696076211033e+01
-9.010861055414039811e+01
8.938419577219302425e+01
-1.237431897905710798e+02
-1.466757608456411788e+02
6.457157125921671081e+01
-1.399329394650459690e+01
1.050273022839412675e+02
-1.206369436487022568e+02
-2.328554357944015507e+01
-9.727149412754125990e+01
3.799409480531425487e+01
3.121962527388539499e+01
6.641291705442762350e+01
-1.533247375522012845e+01
-7.088399820183294509e+00
-1.725319704043828395e+01
8.547343541922595023e+01
-4.141356481510081267e+01
6.699377405538997721e+01
4.057391656441139816e+01
-6.817797288165868963e+01
-4.831987839408034802e+01
1.344448562809444780e+01
-9.210766794365373755e+01
8.966086991660596084e+00
-1.916628216311857358e+01
1.595636955211150010e+01
1.796926323910074785e+01
9.215315256489425622e+01
3.138026595303144362e+01
-4.120947940285272892e+01
-9.845488109008861954e-01
9.803834491168434795e+01
5.433426713132701025e+01
-5.387126550927631996e+01
6.584084784029231230e+01
1.441372248957629552e+02
-4.766211184548967594e+01
6.189119089577562960e+00
4.232253373396027740e+01
-1.747307633002786531e+02
-6.933734090614403556e+01
3.565140747965264012e+01
-2.190870912686891359e+01
-7.548887625329615503e+01
-1.417977976490714696e+02
-4.391291336429688386e+00
-5.573654575219048013e+01
1.209348999667024493e+01
-5.917644977754061131e+01
6.128654023560483921e+01
-3.279563583173984398e+01
2.043660909199270126e+00
-1.261431542356993241e+01
9.750122714592326645e+01
5.226443530176771191e+01
6.986530501902665335e+00
-1.051669555104501228e+02
2.823803219514093499e+01
3.490446095374043978e+01
-1.140993400233380726e+02
3.535423190084995326e+01
4.251724690579172972e+01
2.013907448227981689e+01
1.072266599962080704e+02
-7.690881891370837309e+01
8.143291115722846030e+01
-2.112711511251229979e+01
9.503492407364700512e+01
7.607107196521440073e+01
1.144197410110148994e+01
-2.517262867629352918e+00
7.139575870472259389e+00
1.857581426290092352e+01
-1.032032619730181722e+01
-2.200693154514217724e+02
-6.559606874588520498e+01
-1.443163906453263223e+02
4.354287359915447553e+01
-1.931334178596067375e+01
-1.669926528573981557e+02
-6.035288867872968410e+01
-4.809782480848383557e+01
-8.539958827983785739e+01
9.802723059188477350e+01
-4.931588206897050242e+01
3.672781500583784720e+01
5.938226595637479477e+01
1.059642552202107595e+02
-2.473407168730701144e+01
-2.611754485658643432e+01
-2.912027273747683864e+01
1.584898412644924690e+02
-1.313974650790330543e+02
-1.986040408151080428e+01
-6.231712707852673816e+01
1.042278493058851154e+02
3.449978310781519619e-01
7.578583741674472662e+01
1.151879700629385184e+02
3.244247930721513740e+01
-2.888987256491264333e+01
-1.698360149917076001e+02
9.693310693665613087e+01
-2.044923622138159303e+01
5.385431377783312712e+01
1.815507830272682099e+01
4.420827637223338158e+00
5.125363457686773216e+01
-6.126447392722085539e+01
-5.459732652355287996e+01
-2.974899227211409070e+01
-6.659023099941219925e+01
5.697395901383035266e+01
8.368778635755060691e+01
1.493652562929664498e+02
-1.170400967407418165e+02
1.975393641734679875e+02
1.725460205823745241e+01
2.498221684571323919e+01
-2.726041715665834886e+01
-2.405864345176244967e+01
-5.142699863474326349e+01
5.817309505627930122e+01
7.014719979199682598e+01
-1.299683006577645017e+02
1.519098870857491512e+00
-7.352814861956096593e+01
-1.677327105993393275e+02
-1.680492796040487402e+00
-8.577447300218500459e+01
5.647090238101232984e+01
-3.655136624624174146e+01
7.387691488809925033e+01
-9.872307490862444013e+01
-6.635623385189399315e+00
6.017617334952534947e+01
1.567116484575569224e+01
-1.241894927206213595e+02
-1.233891540223408434e+01
2.320233524925918545e+01
3.032087839033970056e+01
-4.934388293830009786e+01
-6.159861860065024075e+01
5.566561875179430530e+01
2.714784754291515014e+02
5.918382118632435862e+01
-2.216873409682012408e+01
1.140903022146256376e+02
-1.129730059827089690e+02
2.086408289712755160e+00
-1.583435967909454121e+02
-1.089156393874533677e+02
-5.862016956221885522e+01
-6.483916692359343870e+01
-6.142175405727924087e+00
4.498949458616544916e+01
4.840103924191061679e+01
7.602723811943299381e+01
-2.020436553031389337e+01
8.277332162291578754e+01
4.461672044021184291e+01
4.279498025986656629e+00
7.511126800835005213e+01
-7.611539978772726478e+00
2.952358927962438884e+01
-1.011415272324844636e+02
2.974997747389385694e+01
5.383038374915544821e+00
-3.666421183279580021e+01
2.726937190927630184e+01
-4.085691869891821426e+01
-4.219073884638973482e+01
3.444276838434823240e+00
1.021599102458046815e+02
6.046131921465530468e+01
1.153638459458634884e+02
5.547870399781209727e+01
1.313725367592755688e+01
2.019227835264460325e+01
5.746984124461584287e+01
-8.309607444725325820e+01
5.881082613187953712e+01
-1.069748634945743504e+02
-7.894076815975820693e+01
7.824979448432615925e+01
-1.375368039775298712e+02
4.871707699500078093e+01
5.719431589167874108e+01
-1.588928874295310720e+02
-4.101473173036924891e+01
1.604051508640948853e+01
-4.173466664936811554e+01
1.108384704406729426e+01
-9.694679062897947119e+01
-1.340272485385287382e+01
-5.404984130718863611e+01
-2.566930077183257808e+01
-8.647148998170193579e+01
-3.529586923431512702e+01
-6.843278755633718902e+01
-4.935352944417692100e+01
2.681444650515757644e+01
2.616660702682023754e+01
-6.757689929739866841e+01
2.718776800952501560e+01
-5.373740676798307447e+01
-3.980607314521784446e+01
5.743126736098960805e+01
2.512158947333920267e+01
-3.801223483732776032e+01
-5.514853479040694850e+01
-1.785780936757322479e+02
1.012808655566776395e+01
-1.282024874246027366e+02
6.129916699447787920e+01
-7.477405710559112606e+01
8.945043435940070253e+01
3.213354691393977447e+01
5.759911653934574360e+01
2.036316744686478231e+01
5.839111753537306981e+01
6.810522062164380941e+01
9.177210821967477727e+01
-8.636868722889533956e+01
1.371287375178551144e+02
3.842908122844839625e+01
5.439900278815537149e+01
6.842777058482771224e+01
4.870994968142733228e+01
5.046287141103528739e+01
-8.155617644265898036e+01
1.162095012603040942e+02
1.099682356127740235e+02
1.382229560376805111e+01
5.653076875210076935e+01
3.945967833847011974e+01
5.662991483862453634e+01
-3.730945691639126238e+01
-2.669388107863204240e+01
-1.420981428397854884e+01
9.264402405472520741e+01
-5.947873358074408401e+01
1.421052777476015905e+01
-8.083371636852882602e+01
-1.900134872144827796e+02
-3.765095406383058929e+01
-5.022166380784707940e+01
-7.741917238887276653e+01
9.791583978080927864e+01
-1.059585232915155828e+01
-7.986989608977080479e+01
-9.357074578807326759e+01
9.262564369349591686e+01
9.395465291168866528e+00
-1.130715323423445398e+02
1.360452499310179633e+02
-2.835075871466595121e+00
-7.057177895866443862e+01
-1.436628839923052681e+02
-4.065720806845968838e+01
-2.817497678011264384e+01
1.208197427352142128e+01
9.100662113330355396e+01
7.017153264706645643e+01
-6.139327399112827521e+01
1.014484553376976663e+02
3.285838869457173672e+01
-7.665330256390880947e+01
-5.386555627171816951e+01
1.767342429127797843e+01
2.257399825998499665e+01
-1.382729344213265108e+02
-7.042997028509830670e+01
-7.187679613150067759e+00
4.628965697918724231e+01
1.536429509289768269e+01
-3.664818412757077226e+01
-1.422535037959729891e+02
-1.468074448962781275e+02
1.400114003960231202e+01
4.403394057733841294e+01
2.372908169888538410e+01
4.058058591604458343e+01
5.908700380799269425e+01
-8.946311141530449618e+01
6.209663853838917191e+01
-6.506036291219173506e+01
4.048163038639708589e+01
-2.171477211980579014e+01
-1.465549080347234678e+01
-2.874561852690100494e+01
8.363008164824832225e-01
-1.030108958516494226e+02
-2.639324002715066086e+01
7.330371862359628210e+01
9.226125542438673222e+00
4.106774878357554570e+01
1.763789368178354877e+01
-1.277950100066207426e+02
4.112865795480634468e+00
-7.078980191758663665e+00
-9.670670578943348517e+01
-3.453003701975817563e+01
-7.223924402975234216e+01
1.776813574487433200e+01
-1.192223877287530911e+02
-1.844827919009123107e+01
2.078476811739371399e+01
-5.225869587543752459e+01
-1.322337389769507752e+02
3.412974679988377602e+01
-1.136930941247520508e+02
1.229510492803355106e+02
-6.982605938984501392e+01
1.249591271650024709e+02
-1.962901719613616791e+01
-7.990263642694023360e+01
6.855083937723638599e+01
2.565072447025915281e+01
-1.757021918021921181e+01
7.383753835716085234e+01
-1.146432139793602687e+02
9.101134783676960183e+01
-1.168034672156378377e+02
-1.299698198108145277e+02
2.320021155043422567e+01
8.043862137020734338e+01
-8.002239363938357997e+01
-2.498148518620560310e+01
5.579995720383176661e+01
-5.497868067983458928e+01
4.083515895403449036e+01
-6.921305369944356300e+01
-3.344102675891387833e+01
-8.832142280656817945e+01
6.401032045868159059e+01
-1.459268858627040402e+02
1.015660708760895545e+02
-1.299567311904223921e+00
-7.542218899623868822e+01
-6.670309377354959679e+01
1.227781036143827365e+01
-1.233233536725447976e+01
5.465778417768484587e+01
-4.344298427003023022e+01
1.318926511223144793e+01
1.755094807452311656e+01
-1.797450709200885655e+01
-6.453470757438678618e+01
-2.728534783121483898e+01
-4.959067390366399763e+01
7.679727995383210271e+01
-1.232443053416313035e+02
-2.468140601492348551e+01
-1.365241494748276274e+01
7.118636466078105407e+00
-3.339099899232850532e+01
-1.888923798184142910e+01
-1.599125274790865348e+01
-9.529511963501262528e+01
3.936118477864151544e+01
-4.263049831101976395e+01
-5.125746197952365435e+01
-1.768776119241942446e+00
-3.215800779608337479e+01
-1.962857862936798092e+00
1.057728901611654919e+02
5.706127790478286244e+01
7.753300405853038058e+01
2.677355972177607057e+01
1.129306278888030306e+02
-1.109178740279750457e+02
-4.380642616083744834e+00
-2.655494053262357212e+01
-1.155985258979852972e+02
6.379539748490325479e+01
4.802804264763272357e+01
9.379091206545953696e+01
-7.108194989618650084e+01
2.560603973851510773e+01
2.131997289891005565e+01
4.909645428832615721e+01
1.715812515471155875e+00
-3.043517555149773557e+01
1.243865827785466571e+01
5.800189688860731962e+01
-1.259620879552282702e+01
-8.049591668163022007e+01
-7.247322708438642280e+01
1.131846799698331836e+02
-8.683758293166961906e+00
-1.847724919022899144e+02
3.638882109649858254e+00
9.890932502859751674e-01
1.353156577597173715e+01
1.444183328201157579e+00
-4.428793752690513230e+00
-2.843737759704063350e+01
-2.436289267434613848e+01
1.730433821185637910e+01
5.105442986193099664e+00
-9.513798448522814510e+01
-6.895717822411472753e+01
8.648185926025021786e+01
1.023243752266540554e+02
1.898239024721634038e+01
-2.840839070510359576e+01
3.620842397614649855e+01
-3.939633066714426235e+01
-8.099537386220070800e+01
4.084688683136470644e+01
-7.253572938801814196e+00
-1.204294681998218266e+02
1.115377785388001897e+01
-1.057721948433067496e+02
5.141035353793276386e+01
1.132648724006298302e+01
-6.038836018788390447e+01
3.140325811409027423e+01
2.885524882320573781e+01
-1.398383312429620844e+02
-3.823465371036166260e+01
6.045802972886108506e+01
1.102552779860160825e+01
9.105935172538650590e+01
-1.661006910581397165e+02
8.240720300252041852e+01
2.589907225909406563e+01
-2.468094185566352294e+01
7.834386499178793883e+01
-1.572391078873984611e+02
-1.979447505049199947e+02
3.331905287614458899e+01
-9.494394358435530989e+01
1.118847683990516657e+02
-7.732631363060824015e+01
-1.100827653023493582e+02
4.963740124587063463e+01
4.263216995534295961e+01
2.533117635964038161e+00
1.623917820798879461e+02
1.533750795582389470e+00
-1.896190993975584149e+01
-2.129574631763630066e+01
-9.708876888931659721e+01
-6.362303618095299385e+01
-1.049184639158493582e+02
3.153043503692622807e+01
4.663011023737254135e+01
9.504722681114841976e+01
1.051479520147621969e+02
1.147658181295285544e+02
-4.186180373326882531e+00
-1.033239608286165918e+02
7.517932926843965191e+00
-3.202930920159921158e+01
-8.889982829571539469e+01
-1.221461486187731982e+00
-1.408227405870862299e+02
3.233053577222064945e+01
-1.692214091966050944e+02
2.166293572760452690e+01
1.195465698034383450e+02
1.054172176367878251e+02
-3.367374690243672575e+01
-1.121692801323505364e+02
1.994197525979708274e+01
-1.546702295203359654e+02
1.169602991622980994e+02
6.493055119795734242e+01
1.645231026374873124e+02
5.009290172126372909e+01
-6.061110052683344662e+01
3.519140016452338671e+01
1.241045816119709286e+02
-1.561417388544017903e+00
-5.425106357513310940e+01
2.448924171427720964e+01
-7.496357700616680120e+01
-5.742164178956119969e+01
-8.523829203249627540e+01
-6.788506777259254932e+01
2.315620127340132584e+01
-1.117452656976196579e+02
-2.101649875491038344e+01
-5.191720919663384848e+01
-4.157332549505304087e+01
-2.164864466336910098e+01
-7.028616182994605310e+01
3.629681901086789253e+01
-1.020381773803077863e+02
2.238992386281961089e+01
-1.091732824139653388e+02
-3.624285116119530414e+01
-3.387671808117988803e+01
-7.006490794105143749e+00
-5.520634978881370358e+01
-1.901763448852562703e+02
8.759159382597638910e+01
-8.002176689284573285e+01
6.472744798621232576e+01
5.073845951630791973e+01
2.130297920531057230e+02
3.718504104292689849e+00
1.964835831207268058e+01
-3.663967284164614568e+01
-1.895178552210174985e+02
-3.220689606709161268e+01
7.789858259271040808e+00
1.545112836989343030e+01
-2.382301186048869113e+01
1.209341321088742660e+02
-1.721290447599810136e+02
5.459666836564233705e+01
4.851114073007749994e+01
7.626970071145388275e+00
-2.301270825367781114e+01
1.014358932468963417e+02
-3.406982583774551188e+01
7.346803406570475659e+01
3.952517128284252124e+01
-2.081623293694558896e+01
8.103921355071054222e+01
4.028409191449435767e+00
7.811043345619926015e+01
-1.791167713108798125e+02
-8.252113319231018806e+01
-4.425272264266303779e+01
7.996899033384222832e+01
-1.381149523075262948e+02
3.389724239158452690e+01
-2.965282251860451268e+01
1.667555546032497489e+02
-2.861045038347030456e+01
-1.466035643666326393e+02
1.750272073174706122e+01
1.415734290923115282e+02
1.900909106361078216e+02
-4.482236152811690744e+00
2.684520815389394954e+01
6.126297551738848313e+01
-5.628617162042312572e+01
1.126654801747039016e+02
4.575257510080824375e+01
3.921905379738265651e+01
1.674491517583299682e+01
1.018201874851786783e+02
1.091415351415478296e+00
1.028253144860539869e+00
-1.417169776825585714e+01
2.385253365291256387e+02
-1.732290663630947947e+01
5.926936150589738617e+01
-9.250134057111219477e+01
-1.362676324183572660e+02
-3.211659267411754826e+01
1.561759634545961895e+01
-8.771534613548954695e+00
-3.136060894184086845e+00
1.191101433747176515e+02
-1.488652905739082399e+01
-6.178656659787809957e+01
-6.778049613560905584e+01
3.206297352700434544e+01
-5.956478751969583385e+01
-6.148881200733722352e+01
-1.284096686365051596e+02
-1.156987417391757162e+02
1.778067751979307332e+01
-5.652405369557018133e+01
9.533626513403616798e+01
2.915429513606874323e+01
-3.713353432894869854e+01
-1.401227250721308160e+01
-7.674453636547407420e+00
2.348736497265759127e+01
-3.790911400439331658e+01
2.738888415137372334e+01
2.424946279790261272e+01
-7.784839427840078940e+01
-7.735065628250656289e+01
1.127432942386216830e+01
3.050830140393734347e-01
-1.893747756834127074e+02
-1.263303738373688105e+02
3.442739886021649909e+01
-1.144286827960656723e+02
-3.405998352103774884e+00
1.587995402314547633e+01
-1.679656180689416658e+02
2.020977348181157041e+01
-5.067475997776514873e+01
-8.980672341947595783e+00
-4.103481976365634409e+01
-6.489509360560509776e+01
7.484259558429928916e+01
3.380036100421066436e+01
-2.632667218152671040e+01
7.736669722122981341e+01
-7.312671035004997577e+01
1.047241076357170613e+02
-1.232883477290119743e+02
-7.635215581945433883e+01
1.430038015161967202e+01
9.416960986288610513e+01
9.839783561262412093e+01
-3.477704461360614374e+01
3.009960204505218684e+01
7.403613892071393821e+01
-1.006871007340233461e+02
-5.260046946116871069e+00
6.743121986526844580e+01
-2.664431168583971044e+02
1.502354608299173400e+01
-1.520912777236814861e+02
-6.425645650395529174e+01
1.912343476263732782e+02
-3.046694460348988542e+01
1.938597785601112022e+01
-6.840846939966490936e+01
2.120539014053406390e+01
-1.231934217437632668e+02
-2.048034712550432346e+01
-2.105558597855650049e+01
-5.506507082348216642e+01
2.288423903043505163e+02
3.098840610534604778e+01
-2.107148058605639207e+01
1.804017795188866842e+02
-4.986158643225766696e+01
1.221490682463949753e+02
3.394831775980737376e+01
-9.519209911725467066e+01
-7.655946071417803367e+00
-1.112380482999424487e+02
5.544645464483419062e+01
-8.296344450044664143e+00
-1.011914718381319318e+02
5.766707012851954062e+01
-3.274065318007002645e+01
-9.288915183050799840e+01
4.472660589871495773e+01
-6.743119490253009474e+01
7.335664586297362177e+01
3.526051257605296740e+01
-9.470370162710683815e+01
-3.218651672992382373e+01
4.712574229470991583e+01
-1.204752304960363745e+02
-3.701318237428206004e+01
-8.754679622910741443e+01
4.145271960302535774e+01
8.281115736397580918e+01
3.584637538668975054e+00
4.057262307679779667e+01
-4.474382937158713602e+00
1.336559148220623570e+02
-4.985843020732979625e+01
-6.567533898541422843e+01
4.310980205790227160e+01
5.813530005976569726e+01
9.329023852208601753e+00
-3.316020108926093446e+00
-1.752972763988286147e+02
1.143292507417701529e+02
1.514713592038550019e+02
2.059827893904788354e+01
6.692652531913820724e+01
3.639444060399203806e+01
-9.996332381249133903e+01
-2.826165432803126265e+01
-1.220318480824484730e+01
2.068047156163319755e+01
-1.177235242241581403e+02
3.823468380171332370e+01
5.446791885996520932e+01
-4.294630007170503916e+01
1.188899698794505326e+02
-1.772355682924676490e+00
7.094537849161409326e+01
6.944941302151306672e+01
-2.857994214707147052e+01
-6.488603166343449402e+01
6.567387283507581941e+00
-9.984673042897364326e+01
5.828242612366074837e+01
1.102182835302804307e+02
1.877383417110239634e+02
-1.461798932959100057e+02
2.121351899604003322e+01
9.507272196117833118e+01
-1.274611466234055968e+02
-6.853028408234288804e+01
6.969706874769640592e+01
3.031415681155440467e+01
1.429884105888405657e+02
-1.098659128969588465e+02
-2.009616229362469397e+01
2.129038235665732870e+01
3.948419599099532462e+01
9.255915868132804647e-01
1.043256101393413786e+02
-1.036288086750003146e+02
1.660794594817552934e+02
-3.233496339302352141e+01
-1.357182765622692777e+01
-5.225521001641863705e+01
6.340916282260126025e+01
7.149131213051384748e+01
5.138520945527885431e+01
-1.081074024189572391e+01
-2.799281092418532779e+01
2.554938642000369384e+02
5.291644520566025278e+01
6.292957248670396808e+01
4.788252786731265331e+01
-4.762954958557527618e+01
7.216538037579196896e+01
-2.494473630988651536e+01
-3.060515150068285806e+01
-3.049111329087948263e+01
1.206300382492201066e+02
-2.276170714895132008e+01
5.138065869898085225e+01
3.826888844086439434e+01
5.285012603201464287e+01
-6.409198083514667132e+01
-1.722780671785988460e+01
7.256647337596429281e+01
-1.302131456592641179e+01
-3.326714940446431257e+01
3.245182972510284003e+01
-4.449116330207988312e+01
-1.009716138052464629e+02
1.579461485865630266e+01
-4.758193300481082844e+01
3.633223729545970571e+01
-1.463115666828288219e+01
1.541594122005941188e+02
-7.468172913916948374e+00
6.443617790823125802e+00
-2.686986093525781882e+01
2.314109676713635366e+01
-1.385012599177800610e+02
-4.180329308266672683e+01
5.524671136519805970e+01
1.054857461249436135e+01
1.227920304973538066e+02
3.776773954534693001e+00
7.325414239964560181e+01
-5.735574253413972912e+01
8.681873847945885814e+01
-6.011097246585952902e+00
1.075832150038824722e+02
-5.559495197838823088e+01
-3.549475050857917324e+01
3.883307971490633292e+01
-1.287538176616498617e+02
-7.451929995864630030e+01
3.872303137914880722e+01
3.721314322434868416e+01
-1.535545674284242637e+02
4.490750785780226551e+01
6.616336495000426510e+01
-4.289422288784994919e+01
-1.606544261383778576e+02
2.007319787771489672e+01
-8.922401599317922205e+01
-5.654807348226761121e+01
6.292155144306374126e+01
-1.117009400019244936e+02
-9.934352850556727788e+01
9.092485396425180966e+01
7.921362310397690010e+00
1.295188856931179942e+02
2.005164849189949337e+02
-2.825254069042654415e+00
-3.847953961173899984e+01
1.903956526078965439e+01
5.377005096539302542e+01
1.798850324127052147e+01
6.041013591941953109e+01
-3.626128910985806186e+01
2.422787907941920338e+01
-4.019313351034216453e+01
-1.863424833489147048e+01
3.489519601171493690e+01
2.301782027985169776e+01
8.820480171893935051e+01
8.773147704668076585e+01
-3.384321780227671894e+01
-2.787610753686384513e+01
6.295186184886909331e+01
3.255666767940655859e+01
-1.302663394348106074e+01
5.482017578400902380e+01
5.968569690347076406e-01
-5.843986837269518020e+01
8.319218738041759309e+01
8.145371970183441590e+01
6.279226430133433290e+00
5.814035301801806099e+01
7.242424263717752808e+01
1.948317905640668712e+01
-1.134930473816463774e+02
2.049535045701574276e+01
8.240244591326580803e+01
1.354133935690776980e+02
-4.309226773871472460e+01
-1.042772557034190584e+02
7.186772715553253477e+01
1.464064051920409071e+01
-3.392220086276178392e+01
5.784535704064684580e+01
4.357233767937144364e+01
1.059255174667432868e+02
2.348043668386403127e+01
5.108180754016956371e+01
-2.121538405023909135e+01
-5.014000706995841483e+01
1.751192378744061102e+02
1.821603592226285002e+02
-7.266256693515504139e+01
-4.071928802467466824e+01
3.864491321242840627e+01
2.081546424384422878e+01
-1.066749391782422940e+01
9.413783584239085656e+01
-2.780550532833866839e+01
-3.132975717892883338e+01
-5.700891379845422335e+01
-6.255493879883731623e+00
8.799970843880856819e+00
-1.094401272676041685e+02
4.202209939985286979e+01
1.567786605164011782e+01
-6.297861184350057329e+01
1.088692347582171891e+02
1.108144644244037949e+02
-1.796386301382894146e+02
-6.160131003912234604e+01
6.171228809381384650e+01
-1.359552557158844266e+01
-7.013355431010434415e+01
1.027918558053503695e+01
5.718548575874468298e+01
-4.455645548103408515e+01
-1.047630074591026172e+01
9.605945458182912233e+00
-6.012903466686404386e+01
7.247346325410302370e+01
7.107589284982952904e+01
7.278987221767901872e+01
3.537688096210349187e+01
1.247214335762287476e+02
8.742332535589918407e+00
1.970358346732681554e+01
-6.003387977927200581e+01
6.291745763456449225e+01
-1.614780143844824352e+02
1.075758805396629327e+02
3.443456075049748222e+01
-5.976240012874193042e+01
-5.527644207891534478e+01
-7.276040174163537699e+01
-1.150592577314376825e+02
8.805638705365544183e+01
-4.712416876052093784e+01
-1.467598906089816602e+01
9.574054229667402183e+01
4.358417986498865027e+00
6.406169289391722543e+01
-8.921793717572658977e+01
-2.988909139774176893e+01
1.694474588881705017e+02
1.422534244584554699e+02
4.906394271029272502e+00
3.727979183066227620e+01
-2.148055419936000874e+02
4.669215185429716541e+01
7.192219003755333517e+00
-9.478488779258007924e+01
8.374751475276789847e+01
1.462954806492131468e+02
1.285588455109663908e+00
8.884900968327240633e+00
-3.800098187963273944e+01
-8.526371627931030162e+01
-4.461585500735947107e+01
-2.384006477937976598e+01
-4.390244350208507562e+00
-5.947242164797614095e+01
1.345683061417084900e+02
