-1.219327572496026235e+01
4.577939062924579972e+00
1.852762288275780378e+00
-7.306311004339316462e+00
-8.975635880092327490e-01
3.802759853055379224e+00
-8.224522515357348240e+00
-5.456193618863138667e-02
-2.741759130009354672e-01
3.177485276933914804e+00
-5.132748798575448745e+00
9.130467922917162582e+00
1.581556256543429129e+01
6.313225896374801138e+00
-4.428086794735018872e-01
-1.373609223443413896e+01
-4.560943331924326216e+00
-1.355308371272036405e+00
-2.286869408036357854e+00
-2.452541996389289380e+00
-6.474355452587619908e+00
-6.929269127091568059e+00
3.253821992669265750e+00
1.338771668787671487e+01
9.036821876883188054e+00
-4.040291212845300350e+00
-1.126126292021756825e+01
1.116961591072206339e+01
1.244087093165347113e+01
-2.059522591111130296e+01
4.455392283585839053e+00
7.209555314179703078e-01
7.043766607897579135e+00
3.796510897215418012e+00
-1.150359713182326971e+01
-2.402936370316436587e+00
-6.303836704179769379e-01
-1.295228284351044978e+00
-6.965198773384772224e+00
6.042597677916980992e+00
1.237320780272241461e+00
6.666938691910432979e+00
7.941324893220034653e+00
-4.250615321773550725e+00
-3.066181393519789466e+00
-1.284225293315484961e+01
9.245020246596908908e-01
-7.920275435961677601e+00
7.752428754079767614e+00
3.996908978803473289e+00
1.089862218675029304e+01
-6.581443675705092033e+00
-4.206239494573399185e+00
-3.980294181276060606e-01
5.253428317288136640e+00
1.091663586126494145e+01
-4.271671929172024207e+00
2.100250267135559845e+00
-3.141455402350077364e+00
-4.643928788644785755e+00
-1.704505892483552998e+01
3.109775684178067934e+00
-2.899295628108484291e+00
1.235606234192217556e+01
1.144632198198147321e+01
1.400352140226750741e+01
5.297252056473242376e+00
-1.090115149803980366e+01
-3.748318864454773358e+00
-5.099563889400180017e+00
-1.033983664588271090e+01
4.088563733289880098e+00
-1.100644947081769587e+01
7.192209926517980634e+00
2.478890406434081761e+00
3.146015920010610256e-01
-4.869029326185520645e+00
2.147821616456905502e+00
-4.830733970056110493e+00
-4.269188478847244284e+00
-1.119324934809233341e+01
-3.763622639368441991e+00
-3.046901871195702771e+00
-1.313402251176173374e-01
-8.231452988331030562e-01
-2.263949608026846860e+00
-2.633280514664894323e+00
-1.032841760610475745e+01
-9.853788925262669807e+00
-6.190530691023029414e-02
-1.059507332705269977e+00
-1.020035109472749113e+01
3.660963581296785563e+00
9.203593209582914270e+00
-4.049742150537429808e+00
1.588915070597520263e+01
5.176162557996340396e+00
-8.532445432777098659e+00
-3.457861575773462093e+00
6.747061026369225445e+00
-5.998129848640406436e+00
-2.576985864331278187e+00
6.969031490834955989e-01
6.935968266990597542e+00
3.128495354239678949e+00
-5.083847649756242149e+00
-6.477979057321480383e+00
-7.614590454019106502e+00
-9.142523458648024182e-01
-6.493924903766798096e+00
-3.074706894051686401e+00
1.885368576396549312e+00
-3.112821994968787420e-01
1.499216488774609601e+01
5.238436713657726784e+00
-6.235797472160647281e+00
1.061118782424484763e+01
1.127260627044487684e+01
5.453125129156504158e+00
3.522828873585627463e+00
-9.748033598071085493e+00
-5.758558691237825933e+00
-1.015931958851178152e+00
-7.535747518073447893e+00
-1.742102404406582261e+00
4.763791227051488164e+00
-1.998985236544015942e+00
-1.164296798749684037e+01
8.340621735956823102e+00
-8.030929991677352442e-01
1.066902305212079938e+01
-1.362397873477612720e+01
-7.967561918332713766e+00
1.751994166855385338e+00
1.347786560387231347e+01
3.814320864957051693e+00
5.509319406119436380e+00
-2.988015427495994025e+00
1.978308399330607870e+00
1.439071928252705312e+01
-1.678707862719400756e+00
-4.743552875258707502e-01
7.434924395190269930e-01
8.679630421536160156e+00
1.367609778769212525e+00
-6.106724199411702969e+00
-7.585759820378338958e+00
1.033333516961147147e+01
9.081404650314645721e+00
9.406735398954703120e-01
8.181527731795828373e+00
-6.860791225470953769e+00
5.484614468819472677e+00
-1.322434718771286155e+00
2.253719786200507169e+00
8.515712366155739232e+00
-2.770315209738706042e+00
-5.974554501954097319e+00
8.056995182765186669e+00
-1.114387276563277496e+01
7.281829461027111705e+00
-4.767073980063097238e+00
2.486498668291918790e+00
-6.915726645782863002e+00
3.374260670532614359e+00
9.579748683812427501e+00
-6.788361264349960678e+00
-9.483749028303044781e+00
5.334452273260087196e+00
1.040791118346679145e+00
1.720499057916658803e+00
-2.091575336491834136e+00
-7.206843696228292018e+00
3.141324493784908967e+00
7.212913390844310157e+00
1.166649190707871853e+01
1.708467984701464992e+00
-9.289949238047150004e+00
3.988420347403081045e+00
-3.166944466049235629e+00
4.399959621185825398e+00
-9.310390911236339218e-01
6.096294877542178803e+00
3.558252931490553550e+00
3.872161489294177805e+00
9.115623561208286318e+00
-1.892320831136881987e+00
-7.369924412501096533e+00
-5.942647322013314692e-01
3.377785787376745397e+00
5.628336052784725929e+00
8.865823846286232879e+00
4.479788516442066437e-01
-8.844123556219953386e+00
-1.454389502367227038e+01
3.332860090378895634e+00
-1.593663251223528832e+01
-3.599005328402260062e+00
1.287051699310109498e+01
2.227987248453092040e+00
1.009205853289647159e+01
-3.737947604436727689e-01
2.590285910568034033e+00
4.000467672376228023e+00
-6.460992652960351634e+00
-6.300480965925688182e+00
-4.754930413297206115e+00
1.252026271118704681e-01
-7.385232609403242776e+00
3.423934200427663388e+00
6.834550792757047688e+00
-5.715189233819118364e+00
-8.902046874798428266e-01
-1.084419576191949375e+01
1.950585492124852882e+00
-4.196080655533042325e+00
-5.089145378073441250e+00
-1.178172944883693063e+01
4.092185932502229839e+00
1.318753776873931649e+01
-3.209640984007672504e+00
3.784152133749776770e+00
-5.560360332113409854e+00
5.170628232275486624e+00
1.047018565257273082e+01
2.217964815008829138e+00
-4.183819793120703068e+00
-1.092329165260459689e+01
5.026223390767546206e+00
4.875107110628652762e+00
1.561253728394601747e+00
-3.742360794914669775e+00
-5.471401720626861476e+00
1.199636463778455120e+00
-6.657839877123535643e+00
-7.003396515720801574e+00
4.317125877887394658e+00
-7.868065510660830597e+00
-8.350030199828376354e+00
6.806061379396630251e+00
-4.138875898099899864e+00
4.769660998035457844e+00
-6.942891278052706339e-01
-9.791241625408087401e+00
-2.695219951111851753e+00
1.405969661457430409e+00
2.624922891122178914e+00
2.781056266703464619e+00
-1.099409329751779119e+01
7.960491378688958619e+00
-2.549610703097166642e+00
-3.331948097354534788e+00
-2.060328829800790906e+00
5.266160161246279614e+00
-1.284637517140101437e+01
8.788008238210771594e+00
1.121998205584672448e+01
-3.566286506030682091e+00
4.584008213008271326e+00
3.198537608307722380e+00
4.664913093915767917e+00
-7.590776208191912566e+00
7.178383304076991323e+00
1.378173226744629787e+01
1.102703625948185007e+01
3.431354697403088849e+00
4.973671341221711728e+00
2.375057964475401739e+00
-6.025082229839210157e+00
2.406781292941308159e+00
9.350233382945078997e-01
8.043629096067617112e-01
5.746647881412490833e+00
-2.151564551498339029e+00
4.396687516605595647e+00
1.150347474765042932e+01
-3.966076792658232986e+00
-3.634280551887978383e+00
5.133964508762167700e-01
2.268050054175621444e+00
-7.496238683239175415e+00
-5.717307168884444124e+00
1.371629071067819172e+00
7.103804885970854244e+00
-2.681724847683748081e+00
-2.683533530550053836e+00
1.403017386367627140e+01
-2.013526515034592457e+00
-2.114144109304999741e+00
6.515869081950650177e+00
-6.572232462993682134e+00
2.092911397586843858e+00
-1.300070908964099825e+00
4.311545713954464176e+00
6.775520141949051833e+00
4.736964637415228552e+00
2.933502078617306275e+00
-1.797996690810567344e+00
-2.028888379081079663e+00
-1.007452475765390609e+01
5.850150439440656713e-01
5.133266483956997916e+00
5.890274610124474064e-01
-4.170251882970662294e+00
1.416615395263866262e+00
-2.662838393708413798e-01
2.578512815523836821e-02
-6.854808879350369200e-01
2.600165374194459034e+00
-7.547595466834170708e+00
-3.572418328207291438e+00
2.008146763263817913e+00
-5.441858146476374003e+00
1.086614958861826796e+00
-2.835677876123434249e+00
8.596495667884205716e+00
7.711684131883410842e+00
5.958038249937701814e+00
-6.812988604886450972e+00
2.086271990317905889e+00
-5.785707675798771987e+00
-3.928413575432786242e+00
1.077282420613906666e+01
-9.686491973646081277e+00
-1.952971445161810315e+00
4.787050977830515919e-01
-7.119978784676995964e+00
-3.666672381084182808e-01
-9.955111101825617759e-01
-1.328309735649165768e+00
2.235265742556216573e+00
-7.566419892404800507e+00
4.461234397433278431e+00
-1.287351045533749883e+01
-3.880770411826368171e+00
-4.225325683154878220e+00
4.597677803091392512e+00
5.703630211763631053e+00
5.242600501517991951e+00
9.415636641833861731e+00
-7.840971993648617300e+00
-8.905357717390899097e+00
-1.133331890501539485e+00
1.771622528443255185e+00
-3.930791122347942590e+00
-2.697380120567413719e+00
6.016491308642249791e+00
-1.110819069220286792e+01
2.524214142260564842e+00
1.229883041049663461e+01
-6.002495178347301064e+00
-1.843033029226314734e-01
-3.287746619616573440e+00
-7.710543277309808374e+00
1.002676110519312047e+00
3.825451145222373395e+00
-1.697446382594847147e-01
-1.753876294875651887e+00
-1.084303990289713804e+00
1.586845435900554335e+01
-9.440500335729790748e+00
-5.015185293372299569e+00
-1.573850263689939055e+01
-8.033676209039754212e+00
-1.497339927154891015e+01
1.263107456860190325e+01
-8.371965568324526430e+00
-7.546016474709431598e+00
6.247151802892636496e+00
-6.520299001430311492e+00
3.306070687652608697e+00
-7.770785215178233507e+00
2.822391288411688848e+00
-5.559403094578598825e-01
6.377421605933304427e+00
7.435967955082865899e+00
-1.194884943593640081e+01
6.725656978196107971e+00
1.090267467947005020e+00
4.416909735093567768e+00
-1.556382773939365194e+01
-3.686834618312360590e+00
-7.324358953788114857e-01
-2.325400620311270483e+00
1.598228084685851869e+00
-8.327999963484449264e-01
-1.215998597867475439e+00
5.609004881993767455e+00
-8.638240508181901589e+00
-3.600685561065302132e+00
-3.796130085928417053e+00
6.412163077715261394e+00
6.878871590522155355e-01
-5.194950203539084654e+00
3.337342853414137167e+00
-4.072681975835362955e+00
-1.105318811278719870e+01
-6.890497709314638897e+00
5.088176484087261642e+00
-1.656363086647879612e+01
-5.957712959729914104e+00
2.010265889742933609e+01
-1.307530651357723528e+01
6.036077100849722932e+00
-4.241375396427242705e+00
6.345247586675299090e+00
7.036380149953444629e+00
-1.610225993679609857e+01
-1.163964431434966684e+01
1.111149582841504113e-01
-5.664822755638306617e+00
1.271062119295205184e+00
-1.763531256018869620e+00
-7.402562905725996956e+00
-2.762780907761328564e+00
-9.312163553066155064e-01
-4.682577561036380231e+00
9.089491305368623486e+00
-1.510107265244642782e+00
2.319803881742989127e+00
7.967328677854037089e+00
4.168627397567823967e-01
-3.120242281359144165e+00
2.686706733982826556e+00
-5.957073723114696406e+00
-1.181270359365248268e+00
-1.180089903804395313e+01
-4.354736636330030497e-01
-8.808124059084478930e+00
1.526828856719319205e+01
-5.178582382004788265e+00
6.139451631386558361e+00
6.325371192649670071e+00
-8.174901288434627489e+00
-1.100499147336050498e+01
-6.911975740300924542e+00
7.242624641493713433e+00
2.075137391838275835e+00
1.811251568449668614e+00
-1.127394912647667269e+01
-1.268351572518049508e+01
-7.153724198390007061e+00
6.740365971810061474e+00
7.031849218171466909e+00
-2.621870690132081183e+00
-1.004847310475982702e+01
8.041282070450915143e+00
-7.493472506480749473e+00
2.075404376771491588e+00
-8.133611525572961298e-01
-1.190568330498170457e+00
3.068707869869554905e+00
1.289087881870040597e+01
8.520650189743205871e+00
-6.121246565285177077e+00
-3.134207619953559565e+00
1.060028269184530103e+01
2.768820322385633403e+01
-3.937101613546491130e+00
-1.011392124857727381e+01
1.271172028975205981e+00
-4.506526752225786581e+00
2.795922445328865358e+00
3.778622094367998674e+00
-1.064715271722726442e+01
3.830109219637231721e+00
-5.123558765720348518e+00
7.429891176306670175e+00
-3.631216387480131313e+00
-4.115797071733678925e-02
6.368580333586965736e+00
3.343142634756581799e-01
4.764142369558388879e+00
-2.734164146426316222e+00
9.920514617153435299e-01
5.469423509199968336e+00
-2.868143404771622329e+00
-4.730347388084046756e+00
-1.929946496163654501e+01
-9.367460900348977049e+00
4.723082571091357096e+00
-5.243309759763436162e+00
9.744683561124455551e+00
1.612172394751264903e+01
1.554320896643297445e+01
-1.544656572620048074e+00
2.947527188182201385e+00
3.385199454082749249e+00
-3.676380843575021373e+00
-1.403724441677634971e+01
-2.454726009751457383e+00
2.806976794429104416e+00
3.324417502041698391e+00
2.736956364717571422e+00
-8.309852006394715218e+00
-6.987552603071032209e+00
2.822007429023249525e+00
-1.783621158757209280e-01
6.551390790364700401e+00
1.285226826456850624e+01
2.310415404654215799e+00
1.603750513164260383e+01
-1.396993621825610710e+00
3.528707163211675102e+00
5.088033746754694775e+00
2.468333544652961731e+00
2.643624213520439525e+00
-8.888388577706356486e+00
8.614517490236098807e-01
-8.782401521906752606e+00
-4.994620213852472013e+00
-1.007455765660216329e+01
-1.165539149281079156e+00
-3.620393684657384981e+00
1.187298994357819737e+01
1.049319893400247494e+01
4.422664489816965805e+00
3.306299072369178305e+00
1.092227371854202378e+00
5.401041404849797445e+00
-3.760649238105002734e+00
4.328725152062238735e+00
2.739217480028933949e+00
2.369240155204760612e+00
1.388380615962194753e+01
8.921905685028747257e+00
1.379488372329305967e+01
-4.342891684606759561e+00
7.192241770101603926e+00
-5.598539295431664620e+00
-1.627310163262015053e+00
7.389963121728031936e+00
-2.019129616827170182e+00
3.138622282881901704e+00
8.070685598128472193e+00
-4.018051697304131920e-01
3.080101833185828752e+00
-5.736006411210100575e-01
2.445247927824105272e+00
-5.949862836793129439e+00
2.374587854308808643e-01
-9.005125059232765850e+00
-6.826367332502663032e-01
2.880649241506190172e+00
-9.507937038213494674e+00
-1.025033411221012969e+01
-1.155522375312505901e+00
-4.924893869448530914e+00
-8.966718819230134585e+00
5.155191511506973967e+00
-8.798544445287785010e+00
-4.497912167156476571e+00
-2.177443226059551318e+00
-6.503609168709784116e-01
5.778182748331484930e+00
2.714701248479896023e+00
7.482581496108583252e+00
1.144860830164769183e+01
5.121242234269686833e+00
-4.588754644108149705e+00
-1.998461626977008909e-01
1.049566328018386585e+01
-3.516301096991578223e+00
-1.369996281861478149e+00
-7.124910092614431534e-01
-6.933622882071327709e+00
2.531189355685081299e+00
1.322410514205647480e+00
-2.351502277351674941e+00
-3.112458278190617378e+00
-8.085347711150724592e+00
-5.504387806167176045e+00
1.083025459766870569e+01
-4.388363813045754735e-01
-1.220437585589468465e+00
2.845780697727205322e+00
-3.225681120706212379e+00
-2.863656571191262046e-01
1.309586760408103956e+01
-3.182469144981138420e+00
1.159542220619837671e+01
2.600763097400430546e+00
-8.870515908375960379e+00
2.721551199657210596e+00
6.294160484633078312e+00
-1.946734810707924090e+00
-8.773241517128237632e+00
-4.612397702028206758e+00
-5.498671973906101407e+00
-3.586407164218175514e-01
-6.012319309138304035e+00
3.399458771070966723e+00
-2.400992923537747625e+00
3.084978181955082999e+00
2.062349593618656662e+00
-1.086073753356580163e+01
7.925021733622251929e+00
-1.507434441629468935e+01
2.424275452835318312e+00
-3.234827374976331438e+00
1.072331264272325113e-01
-3.673264970909047911e+00
-3.176867506735466584e+00
5.511344322749840430e+00
8.429303255956911656e+00
-3.176213784575566912e+00
8.153012326537695031e+00
1.015893726077116810e+01
4.424424243599328621e-01
1.365681974621091310e-01
-1.691160526885943316e+00
1.016542331561453416e+01
4.571928922927632755e+00
-2.012684051706736366e+00
1.179485818554405796e+01
3.436798628831886498e-02
9.040269309868854464e+00
1.385837132799798255e+01
-2.684807887882505018e+00
5.826294933549508448e-01
-8.727934284866442738e+00
2.278447482691266401e+00
4.346576240637696209e+00
8.082252555339284328e+00
-1.541407980995161253e+01
-8.960305195213981833e+00
-1.217906212155238954e+01
-3.311433044535944781e+00
-6.376207762551050706e+00
1.766559327265665169e-01
-5.081215476075804816e+00
7.145327764826131300e+00
6.136128445500987905e-01
1.038679030548712134e+01
1.382526823049856191e+00
1.737628182045114755e+01
1.700134843461698075e+00
4.797586430311161720e+00
-6.822592035594485793e+00
-9.246703495199488643e+00
1.171821504834613226e+00
6.206024772537078737e-01
6.818624905958594162e+00
-8.634985368177973797e+00
-9.007784894210535853e+00
3.043514149078656583e+00
-4.238402135401811321e+00
-1.810318382838498330e+00
-9.026488392943400996e+00
-5.688802407069052158e+00
-4.664141141814662217e-02
-1.653663050028298942e+00
1.823192565948027699e+00
-3.017153136105390487e+00
4.215505884267576331e-01
-7.081266682955718039e+00
4.524318420310453170e+00
6.182053052389216319e+00
-6.625863313171626245e+00
-1.101347409443597414e+01
2.061618095797616235e+00
-1.457958338280165123e+01
1.859602759819556894e+01
-5.666157671635577708e-01
3.187228450007413727e+00
-1.691089536986900121e+00
9.469059013867127561e+00
-9.478615033432518544e+00
1.506940099275314537e+01
-4.246672650181347874e-01
-1.744587613909855506e+00
6.384791350368436369e+00
-1.345687567173379051e+01
-5.171912784150292097e+00
9.770839172904926428e+00
1.891134878524670659e+00
-8.488171984706760043e+00
6.572573945944911067e+00
7.063092060991730037e+00
-4.470460410075589586e-01
-1.651276345865922224e+01
3.547979789452893939e+00
-9.265942071171817673e+00
-2.725071832951860173e+00
2.546909754615388710e+00
5.341818262442001419e+00
1.334853575654576963e+00
1.722965616708556968e+00
-1.696868379191132536e+00
3.570741720596135593e+00
-3.104055178652645353e+00
3.304525431441234673e+00
-1.923976928813241116e+00
3.443794411013435308e+00
-1.235342407946506516e+00
-5.070502214296636723e+00
-2.182315180301625634e+00
-5.450580827109103410e+00
8.779419478923474074e+00
-1.481986614208305753e+01
-9.383213032742693471e+00
-8.700507215793409355e-01
-6.778740773688364030e+00
-8.518846628328066828e+00
1.210386287856017695e+01
4.548620852448101992e+00
9.053954811817893855e+00
6.144212220179747774e+00
6.279294590895152517e-01
4.026490111249182213e+00
-4.554842506393596224e+00
3.499903766358007040e+00
8.699033590306774144e+00
-3.163467042289460185e+00
6.985212072429616725e+00
3.382189362363813068e+00
-2.960364086267072814e+00
-1.984914014598011311e+00
5.004358163579926355e+00
-4.442624125203149532e+00
-4.116202882790801487e-01
8.191850104271431121e+00
-1.547764485416947666e+00
-1.882393386601470819e+00
2.332044504047143363e+00
-2.368402671898873990e+00
1.863963747081639033e+00
-4.320896800057139053e-01
2.228147615065865672e+00
1.241020743908676494e+01
-2.029189618002054551e+00
8.410632419642585234e+00
-2.960436758148976999e+00
8.965851075709533324e-01
-6.818163209520529122e+00
-5.612002348390819684e+00
8.020640082745639887e+00
-4.861920408469811328e+00
-4.143696264436999011e-01
6.363192447194673917e+00
-9.029316272915335340e-01
-1.542140143856288148e+01
9.694139275822028168e+00
6.651523227095180069e+00
1.869952305443311813e+00
4.648975875942101155e+00
1.827184717161907557e+00
9.854006416582215877e+00
-9.277459410612975965e-01
7.791321776960892898e+00
4.806469709442017901e+00
-1.316737045029539033e+01
1.297078640346053291e+01
-3.961210054256706581e+00
-6.105680916783265744e+00
-5.577891499496198113e-01
-6.427409361149987177e+00
4.089371641895654719e+00
4.795125892691039837e+00
-1.628333040002084564e-01
2.773299532254589472e+00
-9.748374938247496013e-01
4.235732925420386152e+00
-2.721526433694862135e+00
1.489856850696558155e+00
5.510046895077794771e-01
-6.974060137042592089e+00
8.904381604217984636e-01
-9.197483833970256484e+00
-5.253135032471901944e+00
-1.486265133579497633e+00
-2.060392807508877411e+01
-9.703983626787678674e+00
4.801567686228767506e+00
4.845641558002142801e+00
-1.028253912338745124e+01
-4.564756820364760159e+00
-4.128992598973440842e+00
1.522639884846803859e+01
-1.077934168888391575e+01
-2.403865076991816174e+00
3.815752151610002141e+00
9.749705220623091861e+00
-3.323406400404785188e+00
-7.039277706362523368e-01
5.725706478561747304e+00
-1.053745639209139995e+00
4.128636820858179846e+00
-9.564912322623213559e-01
-7.803111546714627256e-01
-6.596351673078703293e+00
-5.469324639077049355e+00
-3.201447834723766483e+00
6.996023645098548016e+00
6.712427900895617583e+00
-3.595621462309862348e+00
-5.586863862113728096e+00
2.528081252907269594e+00
-1.499316155455123045e+01
-7.284099853867448182e+00
-2.745044611647467825e+00
7.407707351519768224e+00
-7.075062723605451964e+00
-5.564400198797564423e-02
1.070326368512535353e+01
2.383274870098907705e+00
4.327682275045520832e+00
-4.648620015268558170e+00
5.052859923925687724e+00
-2.991052622505145919e+00
-3.719846523034238128e+00
1.448282946694235074e+00
3.574702147576910072e+00
4.335689522112690319e+00
-9.099364251403454062e+00
-6.715866751382700173e+00
-2.687507540651901561e+00
2.297606928323649544e+00
3.218266048321464012e+00
-9.237468011228657794e-01
-1.633861144557218870e+00
8.207449854419680335e+00
-1.295386959829159412e+00
1.313775348055719405e+01
2.478808919254819276e+00
-3.830408172070298711e+00
7.790303786833417732e+00
2.959996196012249392e+00
7.062227710312151352e+00
3.284966386437264241e+00
4.438931139758480526e+00
-2.569701081570164192e+00
1.572935815891916000e+01
7.827397272260290251e+00
-1.349135804017461471e+00
8.726057467304560333e+00
-1.214634873016898764e+00
5.147940857899675038e+00
5.798113107198618721e+00
1.057451902090259210e+01
-2.325766352177108587e+00
1.496170727467287875e+01
8.537775443466864900e+00
-9.907191904143201056e-01
7.203228815883109704e+00
1.928592725639131644e-01
1.122996110652824342e+00
-7.483571023606152117e+00
2.415649805753735890e+00
-1.102449333260548414e+01
-6.099088696011019106e-01
1.943729482307264833e+00
2.148522346055996124e+00
-7.945190828007933082e-01
-7.974228291093583110e+00
-8.416196411315755910e+00
1.427948799557017479e+00
-7.657857218911706454e+00
-7.354038854169108186e-01
1.580787342061995782e+00
-1.237837460315150295e+01
-1.341684456045474150e+01
-3.735352017649285372e+00
-1.115448810074735420e+01
1.041356905812281131e+00
3.004446952927998460e+00
-5.869050053490032504e+00
-7.528311561640562921e+00
-9.585732101186826171e+00
7.645338360876286821e+00
-2.878183091349892475e+00
-8.261428099671192626e+00
1.659410583289473662e+00
-1.237606835035078845e+00
2.954632056844814780e+00
5.842803247300966341e+00
-1.173081998053248753e+00
4.453108407474115182e+00
-9.822466091288573509e+00
5.342086826348555917e+00
-1.710264420751406611e+00
1.747967698604097464e+01
1.454164781962392183e+01
5.626553562988534374e+00
-9.973373837277723197e+00
-1.042912263660939587e+00
4.470269244223773697e+00
-1.927829438569699505e+01
2.136930417815029681e+00
6.648978680359265425e+00
-1.802583936898304762e+00
-4.653400073971948325e-01
8.635716418610915213e+00
-6.656806932125197029e+00
1.561857093734253521e+00
-2.956936231542314886e+00
2.103361757868567494e+00
9.321392832301141240e+00
1.083179147011216337e+01
-1.435477871820501505e+01
-1.080535902081347999e+01
5.653535755863938306e+00
-1.995763424861626056e+00
3.452587145754812514e+00
8.354943609850536745e+00
-8.152166546771766775e+00
-7.806526099145649766e+00
6.937927391022268964e+00
6.473807120465042253e+00
4.318845462252477674e+00
1.375167033019766727e+00
8.914695300885496110e+00
1.637531884066055099e+00
9.067439064839431850e+00
-1.834608491615682180e+00
2.931479751194239203e+00
1.181310215944809450e+00
-7.505867685832988911e+00
-8.328623213469725783e+00
-5.306309545967820895e+00
-8.719422554458077457e+00
4.997308343231694039e+00
2.337603487446755057e+00
-1.135655423474291270e+00
1.064453629971407977e+01
3.232340749508010314e-01
-5.277604975513811247e+00
-3.721104950681060508e+00
2.051096779112217217e+00
5.384055788638646867e+00
-2.042940199367275778e+00
4.671825929070164918e+00
-5.506959919467456999e+00
-1.244470347310623382e+01
3.403052479262227425e-01
-1.616387182449786075e-01
6.103578887456806434e-01
-1.782570616903348437e+01
-1.693409929703089389e+01
-1.689434863772538709e+00
3.504332041257238295e+00
-3.383453334071266916e+00
-1.385246508973998658e+01
-1.741260937927779473e+00
-8.062887327145743299e+00
-1.066631377155634164e+00
2.607272482275045711e+00
-5.122976111499765395e+00
-7.336606340858739528e-02
-8.226606520897242092e+00
-7.902284213370423416e+00
7.589956628633558466e+00
-6.574747226626913132e+00
-8.930190165178217399e+00
5.319384410002284902e+00
5.632208775256887456e+00
1.881032309578096573e+01
3.882145945264690035e+00
-6.483899400113528166e+00
4.127447359455532094e+00
-2.486081470546369410e+00
3.625697580894589045e+00
-8.587555189180035242e+00
-2.837576532330494672e+00
6.098763495963857029e-01
4.353591651017409525e+00
-7.944601154663594178e-02
-3.464489442385136453e+00
-1.296880353595206969e+01
-2.451471493203631002e+00
-1.447435121560931126e+00
5.095081542003928377e+00
7.012227769338418071e+00
-5.170079718729772011e+00
-1.097215334343785642e+01
-6.662190766382234841e+00
-7.521194365057372266e+00
-5.009326126340763352e+00
1.372018730014804788e+01
-5.098018177515134752e+00
-2.554448697250976785e+00
-6.253370192693076923e+00
-7.552946835493855815e+00
-1.718609438603186046e+00
-1.949560649500617160e+01
-3.762094355574116200e+00
4.935147809637225436e+00
-2.063674034333797813e-01
-3.113668541460580474e+00
-2.158706363102012915e+00
5.225908997028820835e+00
-5.635738170239534384e+00
-8.030271745917875847e+00
4.737055637978629719e+00
1.860727179021491651e+00
-2.601579430260523740e+00
-3.254866556784100862e+00
-4.320808562728712943e+00
-5.475218463551717818e+00
1.442089553467716456e+01
-8.606905598599393414e+00
-2.812255669786287271e+00
4.073423953420414634e+00
5.663051864859547813e+00
8.239647795296227706e-01
7.032524603281401276e+00
-9.352051125383059826e+00
6.556577060077273700e+00
-4.483927395771227786e+00
1.205706177575506999e+01
3.427455944299238055e+00
-2.899157519359970347e+00
1.040370779993642181e+01
-2.066145315292451379e+00
6.496597046284524168e+00
5.255456167324928707e+00
-3.214806857299655984e+00
6.576717246785001691e+00
9.089847347901032215e-01
3.027402877014349625e-01
3.617378619006282214e+00
2.132824011929985275e+00
6.793457985669457244e+00
-8.210278084195837822e-01
-5.612278064226631002e+00
-2.164681704379021632e+00
2.779140698458751668e+00
2.319036242260471781e+00
-3.999298170673779573e+00
-1.010796193829390788e+01
-9.484421194998602367e-01
4.850416244543730215e+00
4.625535310395266997e+00
3.438912686929356699e+00
-1.171030603930576786e-01
-1.254105044431339966e+00
-1.196854742092384960e+01
-4.703453111334077619e+00
7.392795034114135966e+00
-3.764447889176211426e+00
5.730705427412555508e+00
3.364453772103199292e+00
7.846585856182471730e+00
-1.726232425607058474e+00
-6.208471646362261342e-01
-6.511282198474085625e+00
3.584563960352987522e+00
1.775070272327049503e+00
6.701279818341960848e+00
