-1.606779300494525842e+01
1.059414250544205593e+01
-2.219091763320069788e+01
-1.820455815686815981e+01
-1.067339924812271157e+01
-2.108285899733999713e+00
-1.081662301845654994e+01
-1.228471019620382521e+00
1.479803555716407182e+01
-2.025570128024628502e+01
3.443323430992384004e+01
-1.108557039883508955e+00
-1.278828777683341933e+01
1.651851131107411419e+01
-1.702837652191787754e+01
-2.312994521365540734e+00
-1.454812518624611606e+01
-2.003062513440377401e+01
1.967272159387413311e+01
1.307223323453089847e+01
-4.740604708685277835e+00
1.793283060678004759e+01
1.592730719048426913e+01
-8.190125304639096271e+00
-3.704923186597339768e-01
-2.377054332970202211e+01
-2.012292658405854340e+01
3.160158646393968240e+01
-4.080296874286249675e+01
-5.163785011847190631e+00
-3.137933509149658917e+01
4.835968047238639045e+00
-2.411505554345305313e+01
1.426748443653927900e+01
1.319792813439732315e+00
9.081550152067039861e+00
9.265705242180194645e+00
-2.332414918957426408e+01
-2.253790205755255727e+01
8.736368839906152317e+00
1.713398710362501731e+01
-2.485720568481797788e+00
-1.112914125955187927e+01
2.527121627038228269e+01
-8.783392697063934662e+00
7.353608609860946999e+00
2.825577333521570811e+00
-1.851761456770919301e+00
7.032636958551567119e+00
1.898531757676596499e+01
-3.942811216513858241e+00
1.148088258608228607e+01
-1.811449265345888548e+01
-2.841498275381592720e+01
1.993991460083098133e+01
-3.731423719625311719e+00
-3.697603987195189124e+00
1.557845724624730721e+01
-7.070796125892957917e+00
2.166554740927594835e+01
1.942491700695566692e+01
2.041212383215462012e+01
2.866106319335823827e+00
-1.202629905759424744e+01
1.888192604183194589e+01
1.537493553119110778e+01
1.085627300946352136e+01
-1.447689693970938052e+01
1.837229510765179086e+01
5.224756299294906370e+00
1.184996399193455296e+01
1.742149550474784547e+01
-6.683838830691270161e+00
-1.035804433865681951e+01
-1.591642125962680154e+01
-1.087408363926113175e+01
2.560427576757359702e+01
-7.508515747715708244e+01
-3.951879680274962681e+01
7.517635823905371772e+00
-2.139562220074156684e+01
-2.005825264407343411e+01
-7.994040046267537392e+00
4.287133145391854860e+00
3.334633790833489098e+00
-4.257935755788244236e+00
-1.508579278422449121e+01
3.718304979736371862e+00
4.160167504417816353e+00
2.374877338867724319e+01
6.338801654061955837e+00
1.585853039685300114e+00
-5.732854726611957830e+00
1.706209586497272923e+01
1.948127763194353435e+01
-9.441532913610945599e+00
2.655072827237640354e+01
-9.176954108472097360e+00
-3.618477420192964900e+01
2.497708148122256500e+00
-1.797013466343330634e+01
-8.969374462411289883e+00
-2.758768955598131623e+00
1.036377116905476292e+01
-2.851199101116807810e+01
-1.180257778994859130e+01
-1.966497644164137082e+00
7.781261278845191143e+00
2.099781564806943024e+01
5.985946580837429920e+00
2.633255894668749431e+00
-1.226729072694294587e+01
-4.302893271162036015e+00
3.991561232961950623e+01
-2.336211704289046676e+00
2.026074188288147937e+01
-2.195464754841884858e+00
1.415159747806972490e+01
8.028819424403922156e+00
-1.648640125004049395e+01
-1.139309474970312408e+01
7.338621270474352976e+00
1.658217952464083567e+01
3.510840248833944077e-01
-1.857128739096354053e+01
-7.230023010958389840e+00
8.309753015769908657e+00
1.205594645823738098e+01
8.100204072883451900e+00
-1.163012120426246554e+01
-6.022868817804631014e+00
3.573111222117007824e+00
4.372762808246222477e+01
1.016363388037194149e+01
1.684052786924078049e+01
1.218385544503711237e+01
-9.483367345605588028e+00
1.400195803069193623e+01
-2.481547261952313477e+01
9.165357954837038079e+00
5.792857615903350244e+00
-6.590802181318809794e+00
-1.811598280769279157e+01
-1.095425447121381168e+01
9.593155425848181039e+00
1.065350913904959107e+01
1.923196014391169584e+01
4.518745019344437708e+01
-3.909194882847817354e+00
-1.065518814523083613e+01
7.870818519300867067e+00
-1.938083188698203063e+00
-1.302380851959001973e+01
-2.002078339577445121e+01
-1.473470529405712881e+01
-3.194532000396480775e+00
-1.965990472321171012e+01
1.581740665623321185e+01
-2.535137739904429566e+01
4.418498385046680355e+00
-2.439635984022505610e+01
1.318938304017264862e+01
-2.221669664826123025e+01
-1.332630388095140672e+00
-1.368855794615837285e+00
4.035268099789527696e+01
-1.755923630929456891e+01
-5.035362090297298643e+00
5.106402974335133571e+00
1.509020594670310977e+01
-3.333097437408467556e+01
1.498677614318414442e+01
2.088680182606602287e+01
-3.660171814910984089e+00
-1.307373568698686483e+01
-3.744891980372322848e+00
-7.538593801195417887e-01
-1.244390295092182797e+01
2.791124388570480175e+00
1.110190544463555007e+01
1.411211404996992691e+01
1.080864494592243652e+01
8.173521107702150346e+00
9.287577722836077854e+00
-2.601379920523461209e+01
-1.358063885097289081e+01
-2.920841946376356191e+01
-6.473617951979205642e+00
1.947336415963442136e+01
1.095902292836928460e+01
1.994733976703771816e+01
-2.846586294409219953e+00
2.524442114465588105e+01
-1.559430735815590996e+00
-7.234839928826438893e+00
2.143802278508433190e+00
1.740912282844164238e+01
2.381084480427254135e+01
1.518349128142116378e+01
2.973598305569533906e+01
-1.296577087270597772e+01
-1.255072433288219358e+01
-2.384102084136918620e+01
8.100144060593569506e+00
4.052926745471288683e+01
6.874859678699092314e+00
1.624609184903720749e+00
5.942607870556633642e+00
5.601481133996891515e+00
-1.591255848459437239e+01
-1.498077554531412225e+01
-1.051482237406650277e+01
-1.696375631252766425e+01
-9.239752363556402059e+00
3.750753549683988997e+00
-1.175533873086545178e+01
-2.326757179038295575e+01
-6.438531715384703702e+00
6.598680068643023588e+00
-1.851714308198885561e+01
-4.329421942098502285e+00
-1.757667446462385641e+01
2.151197298624692422e+01
3.053103846239915953e+01
-2.557950930167849890e+01
-1.979010446605363072e+00
-6.527098390552817264e+00
5.520747905407777267e+00
4.857822022410306140e+00
-1.449483064189347381e+01
2.408895891366393371e+00
-3.172451463167742602e+01
4.579087628117066266e+00
-4.441068908212606470e-01
2.654098975813204753e+00
-4.355927719602849635e+00
2.093509778656347109e+01
-9.606345780456642558e+00
-1.734053219905161214e+01
1.238965230495056247e+01
-1.443559968748946609e+01
-2.637743107942041831e+01
3.592484082629915321e+01
-5.565875032299172354e+00
-1.072695793217384619e+01
4.158537121483675492e+01
1.297152656534651705e+01
-1.657907286985916784e+01
-2.414657310548323110e+01
6.660016466097967935e+00
-5.413977320467809662e+00
4.793094456202450893e+00
-1.245066358090874203e+01
1.020590743929914268e+01
-2.947007989112015380e+01
-7.458459843607929685e-01
-5.373046790604105283e+00
-1.536563712399581894e+00
-3.227478393509322530e+01
9.262876803362701139e+00
2.083493356570112809e+01
1.665459604234000679e+01
-2.083430277016681131e+01
-5.672898761650803756e+00
-7.197551807320468953e+00
-1.259465587558099742e+01
3.072715907989035378e-01
-1.000798782956541366e+01
4.650277087396426090e+00
1.765468131728911816e+00
2.053925235766401514e+01
1.517370140304008963e+01
-1.782252533198378686e+01
-6.856947534840829306e-02
6.245677944289888650e+00
-1.390349280235430740e+01
1.094932129140676125e+01
2.959650024656568945e+01
-1.669146188735496850e+01
1.170230033038017226e+01
-1.457257713181291692e+01
2.157280422222432037e+01
-5.999065482328281185e+00
-5.655967807671807179e+00
2.371131907040069109e+01
-2.701635719019406245e+00
-1.292806868971702627e+01
1.867275537240136174e+01
-1.030976422552058835e+01
-2.904392111738834359e+01
1.055784014212866317e+01
-1.257807023056295748e+01
-1.419122293134019586e+01
-1.752403327209261974e+01
2.685853832790240148e+01
1.377665300757189826e+01
9.489548847763009221e+00
-1.041871925575162505e+00
-1.157185907943701686e+01
4.080349031204458576e+00
6.465954590766593846e+00
-1.322322582790861212e+01
-9.678970042511634730e+00
-7.998627430106361125e+00
1.624311929803451804e+01
1.400608515905836526e+01
3.341027012439129695e+00
-1.718487366772356140e+01
9.748300013751947546e+00
-1.458022188006136588e+01
1.481934824152009611e+01
5.401228339580211868e-01
-1.684408105058768612e+01
1.412437899154077137e+01
7.687768654020477932e+00
-1.327897463557529534e+01
1.784048400457959005e+01
3.177102215410483321e+00
2.089026280243839739e+00
4.437792837392580481e+01
9.698304363087544289e+00
1.284272305741211717e+01
-5.783086235916368167e+00
-2.601771283473549579e-01
-1.666586385725087638e+01
-7.700563642279364407e-01
1.440262408879611122e+01
-1.076219261465463006e+01
-1.788620004566288113e+00
5.547498216741900023e+00
-1.162607467842341080e+01
3.457994076130339778e+01
4.383736426404325925e+00
1.298504716368743495e+01
4.143503738878542464e+01
4.608830839123537970e+00
-2.675318119206443512e+01
7.150068155069036813e+00
1.976493470881284864e+01
1.396821701037093000e+01
-1.900554060859794703e+01
-1.669709600503898272e+00
-5.879572865224990785e+00
1.274686159807573738e+01
1.935607258755368321e+01
-1.652209756246870143e+01
-5.164143475259459137e+01
5.344031842088842188e-01
-2.648082677728704759e+00
-4.226130680370126846e+00
2.243252361288169183e+01
8.025631737681388600e+00
7.379286257056516973e+00
3.966059531294077178e+00
-3.463476037136192787e-02
-1.619294777828174858e+01
-3.176867806492806867e+00
1.143122241801256855e+01
-1.333200469874464389e+01
-1.745579467189311274e+01
-7.765366145889364802e+00
-1.740904807075521177e+01
4.359783049204652094e+00
-1.598648060445935881e+00
-1.631136124613702520e+01
1.673860167703864121e+01
-1.229494306787160873e+00
2.655356874381714638e-01
-1.733548302733283197e+00
8.365620007694776206e+00
1.050087000004845450e+01
-1.895404961474939309e+00
1.808910230078133097e+01
1.087889224664481524e+01
-1.873688760671206666e+01
3.402232044667680810e+00
-4.005131451641831930e+00
-1.107391244941494257e+01
-1.183488523544691517e+01
1.126280327770825451e+01
-2.057652216723748761e+00
-1.644830908180414397e+01
6.832222499452022646e+00
7.847537144086384586e+00
1.987227286031851392e+01
1.903588609997678205e+01
1.007300815211130463e+01
3.395852188721462284e+01
2.583203630337668422e+00
1.517393732337158596e+01
-2.723802978128555985e+00
2.436599220398016907e-02
4.669686598240333275e+00
-1.723861775813261943e+01
-1.220098570763967061e+01
7.295219195489701214e+00
4.428103847943942739e+00
3.446842202302306646e+01
1.475910735642702143e+01
-2.164836491781070738e+00
1.223600362277754883e+01
-3.706276143403725021e-01
-5.208665048056190017e+00
-1.228231108534333238e+01
1.778789205106482285e+01
3.031418963005704015e+01
2.410664396146304611e+01
1.670461066526265981e+01
-9.639374913070581030e+00
-6.621513337431763624e+00
-2.114331185346948772e+01
2.293256909114479214e+01
-2.260072450634846319e+01
-1.235412431048252913e+01
-9.561326943465069395e-01
1.133586559252820969e+01
-5.898417732217061449e+00
-1.721866550949774322e+01
-1.709814402864632399e+01
3.008523989006102539e+01
4.149871749218496220e+00
-1.912710930820615607e+00
1.603439694923136116e+01
-1.854006851047501403e+00
1.221916502218146050e+01
8.925208385619072260e-01
-1.332574530197200424e+01
-7.820301429867192233e+00
4.356169172063129480e+00
6.702937822140790480e+00
-2.162256184434379946e+01
4.606832999308645427e+00
6.608829415708457944e+00
1.569202949016176341e+01
8.088076398021573965e+00
-1.133919693443179710e+01
1.558506714598593312e+01
-6.356373528453667987e+00
6.063198205660938811e+00
1.130274589434098687e+01
2.238363485472472547e+00
4.512017744536637842e+00
3.921819937275554224e+00
-1.730928262871912082e+01
1.006673195832718637e+00
2.834162990346082367e+01
1.401004171109614482e+01
6.072308548106207127e+00
2.177111341716584292e+01
3.199528167837812909e+00
-1.521286740140752869e+01
-2.216016130521721550e+01
-6.002440844782304108e-01
1.294970648453671203e+01
-7.186682381453056934e+00
1.396089979816713456e+00
1.978472231411788584e+01
-8.065839985923064503e+00
2.938446839558557144e+01
1.348048389796836055e+01
-1.908126514956109077e+00
-3.202737154258657881e+01
-1.264920774762732236e+01
1.374835591252884193e+01
-4.886220464047068113e+00
1.603595318893320965e+01
3.601396670172264614e+00
-7.942177383756218845e+00
1.404020960225174264e+01
-1.042204799359445211e+01
2.865531923116621194e+00
-1.921647943664195068e+01
4.604165661822665179e+00
-2.595493868370203217e+01
-1.722959884440443901e+00
1.310741041940990392e+01
-6.262171840949180002e-01
9.891415490914898356e+00
1.994053306714645757e+01
2.523230813932055483e+01
-3.261016232100119261e+00
1.959277298381040922e+01
6.559352792984915581e+00
3.272993959276467990e+01
8.104924033346546652e-01
4.534181259345183790e+00
-9.267093356985112607e+00
1.454833905089313717e+01
-1.806597915735918036e+01
-1.074516138317811631e+01
5.321978049270291500e+00
2.509012831880626493e+01
-8.778599691001939931e+00
7.725497460379216363e+00
2.795453517833608181e+00
4.858163309375807870e+00
-6.806727263875926859e+00
-8.877659125239109272e+00
2.880856479075420395e+01
3.064012516493053440e+01
-1.732647655946932730e+01
-1.740139830481300365e+01
-5.276342764033413957e+00
8.052331179791234916e+00
1.402435850764381087e+01
1.746641591212724265e+01
6.121530861004973900e+00
2.758723420342838750e+01
2.294689024670038435e+01
1.211785555569788109e+01
1.218761807778063400e+01
9.270311501306945701e+00
1.505942085074865666e+01
1.285779075740971322e+01
-5.343039702297129878e+00
1.988696160298705706e+01
3.264082399613403851e+00
-3.165471341552344242e+01
-1.929841415586039943e+01
-1.035781878394846167e+01
-1.374272917954385775e+01
-3.143524368052072759e+01
-3.012971309947915177e+00
-1.825352899908040394e+00
-5.297120474848129312e+00
-3.742039626259832374e+01
-1.902378699226801473e+01
-4.594656134632096212e+00
2.663102883699857060e+01
-1.944007560721155414e+01
-2.564776122289673221e+00
-1.200446471880648902e+00
3.229673473445100740e+01
1.094238040662759204e+01
-3.900926191777201346e+00
8.780212097660509585e+00
-9.608232679538515342e+00
-1.887499898697856793e+01
-1.392699452759774914e+00
-1.298041034055146170e+01
-2.168548452640163937e+00
6.606876173655439999e+00
2.776097492780585441e+01
-6.669615763492178218e+00
-3.804283438626035796e+00
-5.223860530751451847e-01
-3.596821325288124171e+01
1.419978713356494104e+01
1.582335076429501619e+01
1.525542516155460504e+01
9.131951208486766447e+00
-6.898142002149364238e+00
-3.227443378226290349e+01
-1.021718917129139825e+01
6.383141871976895310e+00
-2.344229185727110121e+01
5.944258281272508881e+00
-1.664046874117041108e-01
-6.202661710984986865e-01
-3.562387690248931449e+01
-1.858089097903734199e+01
-1.812161013305640367e+01
-5.731114498318189199e+00
1.805552813403730283e+01
9.628507197467424561e+00
-2.832027340123447257e+00
1.964188201488249419e+01
2.505317269099545996e+01
7.158945899599826745e+00
-5.693505067281773968e+00
1.418509588989827463e+01
-2.038364929418833427e+01
1.404108453417665636e+01
1.051378806554472511e+01
-4.091076242904465232e+01
-1.994366047181968327e+01
-2.028110684260566288e+01
-1.516816547580594765e+01
1.544092515036063062e+01
1.654093532744936823e+01
7.779106293216024426e+00
-2.031888225394652636e+00
-3.270338184304774387e+01
1.626960479865635278e+01
7.681413458478216327e+00
-6.807083798073618297e+00
2.251135725442867663e+00
1.355482903647120096e+01
1.128502483102010245e+01
1.466318291234241578e+01
3.756023658826816991e+00
-7.848181140624712171e+00
1.234338875982505579e+00
7.730866314772433689e+00
1.799960270598195411e+00
1.104646488294925177e+01
2.298838162387896489e+01
-2.035942698078519442e+01
-8.294171113097268844e+00
-1.863860651554270476e+01
1.687803439108386883e+01
4.263501692220513917e+01
-6.358053870362967430e+00
1.093693607215755215e+01
2.360489374604172497e+01
-2.031713191478524649e+01
-3.110538585687297797e+00
-1.761338510182261885e+01
2.847875989901080374e+00
1.482194721207392263e+01
-1.077692103178158511e+01
6.565154742951669675e+00
-2.088985364933487077e+01
1.363281007812581080e+01
1.363803311694594633e+01
-1.390165672760172555e+01
-9.202046409952952644e+00
3.089128732646409858e+00
6.577520936324430245e+00
7.298310467583769778e+00
4.785133217745785927e+00
-1.693394539885534655e+01
1.304086378343931318e-01
-6.842332592073543385e-01
-1.554536791541458030e+01
1.616903108853382065e+01
-7.414025362948724940e+00
-7.491400709583695416e+00
4.980025105540431873e+00
1.708046121243981830e+01
-2.851192414692414090e+01
-1.000963238125347843e+01
-1.742841021211057750e+01
-1.352701203941684227e+01
-1.422412465188613595e+01
-1.230121565551131901e+01
2.496182603316339765e+01
-1.641412990481076406e+01
-1.880541546955040033e+01
3.671665078746114474e+00
1.779786173024076135e+01
-9.864935867682701698e+00
-1.102608463483780987e+01
-3.282083377810722880e+01
8.249432491792710209e+00
-2.740977565414044026e+00
1.736190117451230108e+01
5.524716220235859510e+00
-1.391669953556689521e+01
-4.043336686627117871e+00
3.865392044468977772e+00
3.067330610973877469e+01
3.721746930113662977e+00
2.089823445844176319e+01
-1.343532930964837213e+01
6.597377282335927795e+00
1.343557585946351662e-01
1.615522868113748345e+01
8.966549972744914498e+00
-1.498120097291849007e+01
1.008631859349266691e+00
-1.374016613114023855e+01
7.757828411942288227e+00
-4.637196259410647059e+00
4.862519845806874486e+01
1.707454259173084665e+01
-7.933610564523654318e+00
3.600636646744298019e+01
-1.307645192283764501e+01
-1.725230730901159504e+01
-1.480317584193474723e+01
-2.604515523064544524e+01
-6.403139463817836052e+00
1.499166826398220920e+01
-3.337600151350670785e+01
1.099462495381768434e+01
-5.063823633504389576e+00
3.761388243932199948e+00
-9.731317488038749630e+00
-5.560105293598730469e+01
-2.123611147581243230e+01
-3.021927684856585472e+00
2.881096369690455106e+01
1.364635387011844081e+01
1.815930107830808105e+00
-4.155570653107816703e+00
-1.309898690017990575e+01
-2.481156270370676609e+01
2.708812411759714767e+00
3.303034501524328448e+01
-1.336064399708447326e+01
-3.341729281540652519e+00
1.157355476407743566e+01
1.034715758696294152e+01
1.194883924506830830e+01
-1.396455917194076868e+01
-6.405432317199606373e+00
2.068386344471013416e+01
9.275426747452570453e+00
-2.671849245020032626e+01
-3.074922900711746365e+01
-7.401387170820366457e+00
2.864401821246274071e+00
2.117531781759920406e+00
7.708705590772826355e+00
5.188418297463042173e+00
-1.530521649973552734e+01
-9.164970176419382497e+00
-1.133205118145803780e+01
-6.610513773014778494e+00
1.872525613497497410e-01
-2.853765337200004915e+00
-5.473938110708077787e+00
-1.480253117776142879e+01
-8.809094992623171194e+00
4.374366692344269225e+00
-1.853937583801552336e+01
1.541673816063161873e+01
1.435712392655099556e+01
3.074726685518682956e+01
-9.671746698137765108e+00
6.336881940163478610e+00
1.793182225587474576e+01
7.880950130031466827e+00
-6.118146064798319017e+00
7.291929917422386609e+00
3.396684799780033792e+00
1.450837410379696202e+01
1.555469901434470614e+01
-2.119303705189929588e+01
-2.100840158676804492e+01
1.697385815095256945e+01
-2.937587081972124636e+01
1.155969373029781266e+01
-1.658037333644194256e+00
-2.441338784835332731e+00
-3.652311548203078129e+00
-8.187666598002396601e-01
-2.549854472346078094e+00
-1.380466143119424416e+01
1.903655580139069770e+01
-9.149712526025730597e+00
-4.851697612641096669e+00
-3.823167549965515999e-01
7.747439468404057727e+00
-1.366718410806036488e+01
1.186858307611808883e+01
1.966633061359291546e+01
3.993409856003019787e+00
4.666962621230907438e+00
-1.877058213319103075e+01
-1.141890161461838460e+01
2.754045126622060025e+00
-2.327440087415494574e+01
1.162098075844098943e+01
4.001350505031116001e+00
-1.675694347409750051e+01
2.647122745352584072e+00
5.391601441535888384e+00
-5.823751369672248046e+00
6.946453154109105910e+00
2.957081965754144193e+01
-3.640850476266527380e+01
-2.239870495073945733e+01
2.474756749877677464e+01
1.540333544584380121e+01
4.319540135325530272e+00
2.476393178188406097e+00
1.408948615227758694e+01
-1.109525917104938841e+01
-3.982908881920330657e+00
2.133790174623288749e+01
1.615207152573722382e+00
-1.212528868207085786e+01
-1.049457477128868632e+01
3.007583670985720303e+01
7.400815548162830382e+00
4.171204691174761336e+00
2.186928642878027063e+01
2.098750590116139136e+01
-9.805248916390036484e+00
1.089369591251260205e+00
2.125328619735855540e+01
1.321211485514572637e+01
1.689378267962009517e+01
2.456981895698437768e+01
1.751203362345155767e+01
5.191015895422119719e+00
1.095865518471868683e+01
-5.660001258044456307e+00
4.518839296646778081e+01
7.216208084959625957e+00
-5.150094835733993293e+00
-2.423022829268217659e+00
3.198358691907797891e+01
-1.772552517166851871e+01
-1.236904346264550564e-01
1.186085939564563319e+01
1.858775613351861011e+01
-1.882884857227677244e+01
8.686650390263594979e-02
-1.818742034427789278e+01
2.399890208675281400e+01
-2.193259617035133857e+01
-6.615519565937882263e+00
-2.433795399889894995e+01
2.176291523527001726e+00
6.956971836049599567e+00
-1.167923916788236482e+01
5.520288250065839009e+00
1.395936265741875104e+01
8.736602814637423720e+00
1.431876616845333494e+01
-1.769209839000161111e+01
-3.824266361858046803e+00
-1.084383776965058033e+01
3.463952027966125113e-01
-1.797593902969770951e+01
4.296339146150952359e+00
-5.002285847099495086e+00
-1.414754558210601765e+01
1.094845157337343977e+01
9.399509952160345350e+00
-5.697959650094206907e+00
-4.639407631928293974e+00
-5.129400242811254174e+00
-2.506820592319962238e+00
-1.511435742304992003e+00
-5.417846757092545040e+00
9.784923190840421725e+00
-7.307137598203333750e-02
6.695415952686630590e+00
4.567172041653988046e+00
-2.816955897614751336e+01
-1.154625099590354331e+01
6.542102640241786560e+00
2.998477674884567890e+01
-1.609108372547743215e+01
2.380604221140224297e+01
2.949653484004510773e-01
1.432806118041152565e+01
-1.733813221349519296e+01
-2.402906170675407349e+00
9.558670570323727134e+00
1.675462774570497260e+01
-1.788223205858404796e+01
5.810039934804011708e+00
-7.370839427654646059e+00
-1.560616659559464026e+01
8.678880893087860260e-01
1.127303374103562383e+01
3.748908497252724459e+01
-1.730951802654248084e+01
2.889131532394631918e+01
-1.775849551144895244e+01
-2.883907968322589888e+00
7.869945174805506483e+00
3.382275762014172571e+00
-6.420274095381078849e-01
-2.302465950788723514e+00
1.495823803626766946e+01
-2.694936107846774576e+01
-8.055359375038129599e+00
1.918760510575439948e+00
7.116114465859826765e+00
6.408470168972812964e+00
2.025882947512759991e+00
-1.666159812469072410e+00
8.894560548539036660e+00
2.580145426466051362e+01
2.395878682359250433e+01
-1.061491854112800581e+01
8.731096731502676178e+00
1.733625535898472236e+01
-1.739981329154552370e+01
-9.178567298443431000e+00
-1.465913793439573176e+01
2.349681874054009967e+01
-7.908793240964561377e+00
1.754446412410404932e+01
-7.472651207479724667e-03
-7.545778571004627899e+00
-1.196646167163812002e+01
-7.914001500678653045e+00
-2.698013838970894529e+00
1.414035567721236752e+01
1.355694575727242857e+01
-1.173611865316372693e+01
-4.143316551763254196e-03
-1.864697752213740500e+01
9.149702014433447772e+00
4.821061593956013525e+00
2.181965976651284222e+01
2.133698864250874738e+00
-7.443184113268772606e+00
-2.784116591731132573e+01
1.117101154800787555e+01
1.306628961740550210e+00
8.364358376215141888e+00
-2.239348721910977780e+00
2.402734992230696776e+01
2.203780023889754958e+01
-2.738625673136251493e+01
3.544519024065693458e+01
9.159823153916988758e+00
1.134447121698971372e+01
-5.653982332028816060e+00
8.322496997608343605e+00
9.436464936438770934e+00
-1.145545599989574725e+01
3.148151047038265204e+01
2.067081541054400162e+01
-1.730237575048084508e+01
-2.323849093845883473e+01
-9.121294237175264996e+00
-2.799704958420756995e+01
2.685989558035150182e+01
3.565012000308805540e+01
-9.197560636138231160e-01
-2.059037202415989043e+01
1.877771244622592262e+00
1.251023351839491227e+01
8.233333857543684076e+00
2.757470548765894591e-01
1.653838342947423712e+01
1.353103012717223308e+01
5.893146674139843277e+00
4.010645685490700885e+00
-1.466735252991507998e+01
6.565912385187439249e+00
-3.998569100853051950e+00
-5.914359494855825794e+00
3.662060542628683635e+00
3.843513540683153984e+00
5.121408217162505494e+00
2.221784263394801684e+01
-6.300423372254064347e+00
1.812385337181410261e+00
2.440331064996212618e+01
-6.348381243544560348e+00
2.898383634314048862e+01
1.891644139679306136e+01
-2.059440068565497217e+00
-6.775423438091676687e-01
6.954845507043341257e+00
-1.107775721908808242e+00
5.453566326988764246e+01
1.607467053247793842e+01
-3.262639837049642466e+01
2.571786012258405663e+01
5.999646830059530700e+00
-2.978153328057241467e+01
-8.447413337702048608e+00
-6.560953619935540715e+00
1.104609089289738399e+01
1.072320600151551950e+01
-1.546144762574430587e+01
-1.306521369861051696e+01
-2.097719281671884151e+00
2.524591752767906172e+01
3.367328837582546974e+00
-1.666222401681329046e+01
-3.634039600958199223e+00
-6.592550073361066687e+00
-7.398953863692964816e+00
2.873039523879309343e+01
-4.679926195661245458e+01
8.432234148730906043e+00
2.203433275810595404e+01
-2.738252373610005463e+01
-1.240254535334273545e+00
3.088413112174918851e+01
-2.530337232364985312e+00
-9.997582192094693454e+00
8.162168938152500886e+00
-1.824572984363330264e+01
-6.190848491303250434e+00
-6.892936585780031322e+00
-7.529767609919213456e-01
-2.031437232017371386e+01
1.206364628628153035e+01
-1.651623738261730701e+00
5.247868231509679404e+00
1.077371434320622612e+01
1.696597745392482892e+01
-2.218767414232857860e+01
-4.474664468305416420e+00
-6.073709776876209943e-02
-8.698823110035130313e+00
1.698780461216081861e+01
-2.089171423305795727e+01
4.750964518571482165e-01
-1.113672754733189940e+01
-1.872206851823049911e+00
2.684203503914213229e+01
4.512027651262526362e+00
1.319099132439830235e+01
1.048729686534266570e+01
-3.954077761561052284e+00
1.084754435834543118e+00
1.394394858700253437e+01
1.040694989531521397e+00
-1.108134159611612546e+00
1.020160478847746077e+01
-1.436751070394543106e+01
-7.647550255939503216e+00
-3.713951106791845813e+00
-3.742001652263512312e+01
-5.369630777134652533e+00
1.164915737574242449e+01
-1.800072542204853576e+01
-2.055439693858132966e+00
-5.839579704197435106e+00
2.404921497200257718e+00
1.382078524341769032e+01
3.386831110329422856e+00
-2.538670712325769330e+01
2.348157396978416500e+01
1.654673140493197891e+01
-2.437068234730435989e+01
-7.823186614946219919e+00
-1.457066520634561213e+00
1.384431832973820331e+00
9.777014671388897238e-01
2.598472120919714001e+01
-1.277064229010003338e+01
-3.867536911743922889e+00
-1.608001882921707804e+01
-6.888940086194934587e+00
6.507073781335204643e+00
1.226751583650620780e+01
-1.004559142765648261e+01
-3.958416337471862612e+00
3.319012872807531522e+01
-6.887252609444137086e+00
2.416845346704732123e+01
-6.606980445429874393e+00
6.291102132581070983e+00
-6.560943634823031445e+00
-2.896923807847806120e+00
3.894290191525475286e+00
8.125110236419015308e+00
-2.336188701146570956e+00
1.634475955851298323e+01
-1.450750426286972150e+00
-1.316646997635286809e+01
-5.262832226824894377e+00
1.471854367531737751e+01
-2.988949412678667983e+00
