6.713823485736011065e+00
2.028276313755639038e+01
2.094886452418607448e+01
1.846012921490953929e+01
8.537711094083398677e+00
-1.687091572390131589e+01
-4.677854047024196049e+00
-1.999414381115780515e+01
-7.704727644166287526e+00
-7.892973647137442761e+00
8.760664988534253794e+00
-2.509822600041017537e+00
-1.702620971775169068e+01
8.685705010647419400e+00
1.888392689789149514e+01
-8.973357309758737799e+00
1.111858347343053843e+01
1.397229205334081392e+01
-6.328095169671589915e+00
1.320331322266096485e+01
6.124066718707743995e+00
-9.628473060420763119e+00
-2.934364895355691516e+01
1.262504293499623786e+00
1.096390860847489002e+01
1.074483540586722619e+01
-2.393622942585024838e+00
8.953173656780506917e+00
-2.226353229942830581e+01
-1.421577303538185433e+01
2.511738612623170397e+01
4.761900270981507255e+00
-1.654072664762372824e+01
1.518354283083310818e+01
2.619253190619591010e+01
-2.166661457419323256e+01
5.117666151246885065e+00
4.463457246171942394e-02
1.673158758205924812e+01
-2.323322035655586859e+01
1.702299136557002157e+01
1.443868695740991548e+01
1.370339535001929931e+01
3.436127827675206703e+01
-6.619384577924503965e+00
-3.841210567750573457e+00
5.338088445317256792e+00
-4.083064476057276515e+00
-2.433849172427638052e+01
8.063427738064691042e+00
-4.394317352382197228e+00
-1.322662728655153153e+01
2.578202100510427641e+01
1.810860687472463582e+01
8.382892551662491698e+00
-9.242138541233883231e+00
-2.599532224423515814e+01
1.364589402412898345e+01
-3.523247594563218144e+01
2.622459927134008240e+01
-7.640148593122925158e-01
-1.516240134834967179e+01
1.525161927302131915e+01
-2.246381233492150642e+01
6.852051726911889240e+00
-3.987499308845753632e+01
1.813314035727567486e+01
-1.854954351704337867e+00
-2.060725278669255367e+00
-3.123729617409872539e+00
-1.367100301742836166e+01
-7.540811742586910782e+00
2.812027513840335402e+01
-2.543458668703439063e+00
1.993315832147290223e+01
1.825135527789014844e+01
-5.289026368124977395e+00
1.125227327879069250e+01
1.399095399682390273e+01
3.298534445846712515e-03
1.866767695306164754e+01
3.877607594653245116e+01
8.302652963987707579e+00
-1.976362597491491613e+01
-1.026659814943881699e+01
-8.716728012325994257e+00
2.279467097202068082e+00
-1.288207505806485464e+01
1.596544781703578275e+00
-9.479755406829699638e+00
6.006409546587756054e+00
-7.305150344311164723e+00
2.258774258437277638e+00
2.155697842490566174e+01
9.591765212758367909e+00
4.607868903317323017e+00
-1.051773861089441198e+01
3.150632511419145487e+01
1.498031869195565058e+01
1.274557852822804982e+01
-3.735705556651232939e+01
-2.025254788764098635e+01
1.733486981479709499e+01
9.205749967494291752e+00
1.493176676184534912e+01
-2.439017368830358379e+01
-3.522389488088387566e+01
1.401839820803345660e+01
7.721951197258835720e+00
1.177335280350540891e+01
1.056649158490316154e+00
-9.199797276940824275e+00
-4.478955229757555401e+01
-1.352899914653701430e+01
1.471336842842178583e-01
1.336232517533856701e+01
-2.585791281130760844e+00
1.993768789054782387e+00
1.177597021750728423e+01
-1.098765094360125971e+01
2.944017756107322725e+01
1.266644294181278596e+01
-1.308858603689104783e+01
1.770202629673938688e+01
1.437282277246667483e+01
-2.414063288074790314e+00
1.471255958847899592e+01
-1.656898348480795757e+00
-1.562975017415656787e+01
1.102954117803952094e+01
-2.005514116319448803e+01
-7.463044717951685669e+00
1.010715549793001600e+01
-1.195209074222983858e+01
2.349506147481973173e+00
1.926637099555049204e+01
1.400117453712859117e-01
3.083345678195335005e-01
-6.534490799107583570e+00
-6.514415191509081993e+00
1.879545705444853665e+00
-5.239115769346541995e+00
1.333820580730048988e+01
6.895636931439447892e+00
1.557024424573024390e+01
-5.991912231508869979e+00
1.297316741280880592e+00
-9.963824803754082637e+00
-3.915543185346386679e+00
7.876542530631804873e+00
1.510186303179673395e+01
4.002536289781089351e+01
-1.674259289411517360e+00
2.674394522510696426e+00
-4.118074515059323204e+00
-7.566597064836861009e+00
2.798132255795502843e+01
-6.988866592070389849e+00
-1.614637870415127807e+01
2.171835067596137492e+01
4.241981115816468417e+00
1.579039764978717209e+01
8.050211698521403392e+00
-9.247655707592054242e+00
3.202974775596661772e+01
-9.417581657672812412e+00
-8.895061080463943171e+00
5.677651753008200686e+00
-1.543301931722164966e+01
-7.444217813162862463e+00
7.181978488684027440e+00
4.985758750363327607e+00
-2.149804644552825650e+01
-1.751067020697945864e+01
5.316127717409049325e-01
-1.468837960026822209e+00
-3.900111687596023557e+00
8.438485032436821243e+00
-2.250926056007212495e+01
-1.372914460940823567e+01
1.805762724890415338e+00
-3.488121172791139912e+01
1.344545240042753598e+01
-1.703720393020498847e+01
-1.900504180382256436e+01
9.788170025060590973e+00
-1.409440194762715848e+01
7.329119448120923863e+00
1.622727311697981989e+01
2.913974673541079241e+01
-2.323853079121073861e+00
-2.052989347216730920e+01
-2.239714855222487422e-01
1.698013997468442327e+01
-2.305284142671901648e+01
6.489543037336702902e+00
-2.260791458169929768e+01
4.509843878256420879e+01
5.501863554085441699e+00
6.435190535773753773e+00
7.458843412859904376e+00
9.220080161491067683e-01
1.028396207617281899e+00
1.125709171054742619e+01
2.230466145231288522e+01
1.771739871415779177e+01
-1.322162981483399236e+01
-1.027447349145044875e+00
-9.439012014272730511e+00
-7.255103739102138682e+00
-1.143186248950481954e+01
-1.233051589303478224e+01
1.457822684841847405e+01
2.144178521212458577e+01
-1.398023886380144276e+01
-3.525299343649507477e+00
-3.463148794621631765e+01
1.964021682967504390e+01
-7.914673711877092899e+00
1.324331727885541543e-02
-8.539317622432337274e+00
-1.054557470547134201e+01
2.162826739582629898e+01
2.106546301237706942e+01
6.160317659945315327e+00
-5.618868050993615526e+00
4.677641658155016202e+00
-4.559892951775542258e+01
2.230450681909547939e+01
-1.150359847521414558e+01
-2.552017617282545459e+01
-1.504649125934029463e+01
-1.983909135699930459e+01
-3.368071256348174813e+01
-8.173255949216216010e+00
8.533770130272625209e+00
-1.421804702702624112e+01
2.402111025804741118e+01
-8.877831539277384110e+00
2.176339012078886270e+01
-3.718560340156773947e+01
-2.433510193658162279e+01
-3.919017106398654704e+01
-4.152311064845630284e+00
6.521709777700867683e+00
-2.653170367478129066e+01
1.428596885041652165e+01
1.163244256286326639e+01
-7.855515095901862033e+00
1.598033703996733301e+01
-1.294536860095896103e+01
-1.456832747211642598e+01
7.537968084955389614e+00
1.567902765556627109e+01
4.926989110887947665e-01
-2.274587694287180284e+01
1.603982946280235566e+01
1.068540385772294066e+01
-2.257287065008195981e+01
-1.585451719206151910e+00
1.175654190803077448e+01
-1.236432777257304272e+00
2.982401515565170769e+01
3.683136713675492047e+01
1.121335456590441204e+00
4.388641340090245535e+00
-4.870333908085692443e+00
1.446935428922661160e+01
-3.342029339625620565e+01
1.796132450649146950e+00
1.035823330821380495e+01
-1.743629275646715726e+01
7.811332050039497155e+00
6.634469830996371442e+00
-9.888287095080190880e+00
9.659762531473612412e+00
-4.700781264947827331e+00
8.739635590197400106e+00
-1.479856138441575020e+01
-7.608913896447622172e+00
2.989056500543677330e+01
-1.006067480931007907e+01
2.686656618566256327e+01
5.236540757997394380e+00
1.457242367304910857e+01
1.782366981856679544e+01
-3.900436877824307480e+00
-3.292349479701129411e+01
-2.738142416447360006e+01
-9.167473322829227556e+00
1.767392189789901025e+01
-1.161702516482715630e+01
1.273931689301728376e+01
-3.625459021526254588e+01
1.658416958836518740e+00
-1.690421310666470944e+01
1.392082138962765292e+01
-4.546742341310543445e+00
1.706253878876503549e+01
-2.941450147549901573e+01
8.171993004239586966e+00
-9.053620176677513953e+00
-9.686510146070844707e-01
-2.613079740831261155e+00
4.324426670223990499e+01
-2.602308196528252182e+01
3.815350619705894175e+00
-6.713793370877239042e+00
-3.431057703525330904e-01
3.507666537012865238e+00
-1.468899468257611751e+01
-2.383623825593745593e+01
-1.381813005441160414e+01
-2.139183624412205376e+01
2.447236160762730961e+01
-1.310848700593072813e+01
-5.454129307912357838e+00
1.399766732835558791e+01
1.060771166731463744e+01
-1.364470385181681422e+01
2.399380632244775668e+01
-1.102148911369690953e+00
1.636947298118364458e+01
-4.540394381193870288e+00
-2.818857116953127129e+00
-1.326774659034140713e+00
1.622832678950643981e+01
6.193049302933980371e+00
1.108679297124526109e+01
-1.557013523887745521e+01
1.946924901907757244e+00
-4.081694930331465798e+00
-2.840075155223274095e+01
-2.024813938575760375e+01
1.214161262820237397e+01
-9.376744461536281605e+00
2.236370039289517830e+00
1.663567905576225670e+01
-4.157254180493151097e+00
-3.958572541316183191e+01
-2.124106871425584586e+01
-1.154636781778433541e+00
1.834855842428863903e+00
-2.140685734594714162e+01
-1.862248685657698033e+01
-1.212295139935191557e+01
1.146624732921024759e+01
-8.937267757353666298e+00
-2.779844229121645416e+00
-1.835834984960635552e+01
-1.213611239991437785e+01
-6.448056927031034391e+00
2.239107698728718887e+01
8.508894149941864882e+00
1.678494751632858950e+01
-2.207583996842916285e+00
-3.310587560754764347e+00
6.223605120320875983e+00
3.518064171426000808e+00
-6.102609519667585580e-01
5.844667196729069758e+00
2.596322386996822829e+01
-5.665236269411786907e+01
-1.774827495452552739e+01
-1.804678690482637293e+01
-6.704131236209881273e+00
-1.533833480863274268e+01
7.157350649511011298e+00
-1.504670937948159093e+01
-5.219281592788069801e+00
-4.929542204265648486e+00
-3.461607513824909610e+00
1.674464239352583483e+00
-1.914735442891955586e+01
3.192737749545817572e-01
-3.718233436181244400e+01
6.189294465831442160e+00
1.566060070016699779e+00
-1.510831043035850385e+01
5.538285985646991705e+00
-1.669446498002454593e+00
-1.409404012550672824e+01
3.246597917296815439e+01
1.234549652289835464e+01
9.802485108999404062e+00
2.178867832225364509e+01
-1.272557616592413332e+01
2.614681134125351747e+00
6.890560774135737532e+00
8.865799454500240984e+00
3.427041506730252873e+00
1.090266843783310158e+01
-2.353263213037549306e+01
-2.267820113768970813e+01
-1.164629640099760444e+01
1.930966322711558902e+01
2.487670296754870947e+01
1.320109101506949045e+01
2.855609407876347561e+01
-9.298581637506840636e+00
8.655189626504901312e+00
4.282804160714317909e+00
1.538900069637496770e+01
3.887695467112854519e+00
2.876525452266324834e+01
-5.078529377778275844e+00
-4.551389330663555199e+01
1.496237202454111515e+00
-5.090212229310447256e+00
1.294199320841686784e+01
3.082077531124438607e+01
1.317345335000237050e+01
1.166257756721099703e+01
-4.022385951714682051e+01
-1.397127563606869138e+01
1.934445637428497511e+00
5.605552617423491313e+00
-1.474291928559870968e+01
7.073733707049155051e+00
-4.725633166301746968e+01
-2.624629668425461659e+01
-1.351999107997649219e+00
-1.657488083750943630e+01
1.556624010601820807e+01
2.358812651244605263e+01
-6.243391641078336107e+00
-3.019803052800572019e+01
3.124187659449970056e+01
6.418026951804664648e+00
-1.077149749209123186e+01
4.281710739321431980e+00
1.593847568989605534e+01
2.420389752427602303e+01
-7.079783511216130698e+00
-8.225840063375660094e+00
3.040770707789223692e+01
-3.799977718608489852e+01
1.056260393155278310e+00
2.826113407812517409e+01
-5.974001771240574854e+00
-3.823639021945521854e+00
2.037405766433185761e+01
-9.139675055933919268e+00
-4.457077792558479246e+00
-3.644503169553104271e+00
-7.821225336100741110e-01
6.130082047023671876e+00
-7.367907706952887992e+00
-8.706422086402884730e+00
-2.599008157294849575e+00
5.303558443640022269e+00
5.155902410377172451e+00
2.178828054727648222e+01
-1.303374713857775546e+01
-5.486226859479597984e+00
1.122553428838783418e+01
8.240520174553570554e-01
-1.712454076511064116e+01
8.169929782824890907e+00
3.271411354171795516e+00
-9.932860271584029732e+00
-1.007850846538349332e+00
2.940476668467047716e+01
7.161877150575356232e+00
2.936376963066567924e+01
1.363221488733160491e+01
-2.668793218873579676e+01
7.993528423571300223e+00
5.684867941575816097e+00
2.127213344191933686e+01
-3.120783566241680518e-04
-4.166825356438622840e+00
-1.152296672930392951e+01
-4.596377154747394833e+00
-3.165982704814977922e+01
2.809544359436840111e+01
-2.055134199312842114e+01
8.511196453121486982e+00
-2.315840550061072278e+01
-3.038778135055783380e+01
-3.065609060288029042e+01
-3.215034389073228471e+00
-9.197796382220603917e+00
6.137014336066112463e+00
-6.371139837715134036e+00
2.299736344818756439e+00
2.565410876898156722e+00
4.178598589436995780e+01
-4.465419786093042021e+00
2.554453509778988263e+01
1.279959466180014793e+01
-1.351763149208313841e+01
1.022486030144483671e+01
8.592368626643320795e+00
1.326196460317221382e+00
1.838012605638051156e+01
1.863660763337984028e+00
-2.368429806643819191e+01
-1.165549272741590769e+01
-1.091903999687225557e+01
-1.329022513003308426e+01
1.430869340454279603e+00
4.746828486407292047e+00
1.694750526310696870e+01
3.856811383753016909e+00
-1.948792535991018227e+01
2.301001664504836342e+01
6.762708439813450489e+00
-2.448281369815383002e+01
-2.393093077435939264e+01
1.034190574523170536e+00
1.090494234800529760e+00
5.676201366840327722e+00
-2.631199930674738496e+01
-9.882934431097215366e+00
4.761719872632046435e-01
7.549802647397415356e+00
2.755457972461944749e+01
2.135612025822458193e+01
-2.227724652104422720e+00
-3.048440280541100478e+01
-3.945935875688753036e+00
2.098365123261518761e+01
1.357337840064741918e+01
6.238748490271214919e+00
7.833648075978196346e+00
-1.757290661246601005e+01
4.012578691393018815e+00
2.437996284409908299e+01
-2.030572135125208533e+01
-1.055840509775657843e+01
-1.646359178922310917e+01
3.717759237592387933e+01
9.016519324748141884e+00
4.321526934701997646e+01
1.056941051653264019e-01
-1.151320907524461568e+01
1.388191945508221004e+01
-1.060573779039120801e+01
3.736663041720840539e+01
2.650848995283980614e+01
-1.089640214872786927e+01
-2.210967311777718081e+01
3.245017007760626626e+01
-1.344872582232757452e+01
1.087423941570568608e+01
2.418733588683791780e+01
-7.476292435331925113e+00
-2.845182696087764285e+01
9.910542189597929763e+00
8.120825418615632563e-01
4.460398545228559719e+00
-1.942366017136483336e+01
3.016334054941930631e+00
6.018832303777923443e+00
4.452004154633733890e+00
-7.105273252709767284e+00
-2.233191345550768503e+01
-1.348460079262429012e+01
4.223491701084437722e+00
1.195689754178513375e+01
1.100532692878461027e+01
1.283099996598895487e+01
-1.770421670549914950e+01
1.167968017344478326e+01
2.674040234047775400e+01
-9.414903926670781686e+00
-2.940534176856100501e+01
1.041602905677080138e+01
2.096099152835548907e+01
-5.611580945267800047e+00
3.445782232942445678e+00
-4.215738839805720950e+00
-1.002182183554966066e+01
-2.459998440784708862e+01
-9.280860293038424302e+00
-2.018596449586845409e+01
5.304492064999229761e+00
3.044967015312694159e+01
1.599359561588846290e+01
2.929819693184784413e+00
-1.782071422580098385e+01
8.093524805085952067e+00
2.423250603797183489e-01
5.203392286461372862e+00
1.036781420463993797e+01
2.726047038088834640e+01
-2.686667773884803978e+01
1.017882193364337873e+01
-1.685893368951326821e+01
-1.711958280680085664e+01
-9.292536991119552781e+00
6.487749411356365847e+00
-1.766730927747415336e+01
-1.159333043622855364e+01
-4.369055099222227234e+00
1.808971665322607336e+01
-2.583605821769106115e+01
-2.868186697479995573e+01
-2.548534971054623455e+00
-7.070465657542661653e-01
3.158661242761564480e+01
-1.579707580961544444e+01
1.204602819637587885e+01
-2.705713584627071810e+01
-2.059688076439079296e+01
2.369619400472406667e+01
-7.701450484739124747e+00
1.451116475184747401e+01
-1.010254566202784332e+01
-1.015582399682973502e+01
-6.975685673699467237e+00
-7.645891701825389575e+00
2.991318731435939959e+00
3.238141797806571986e+01
5.931469800586008034e+00
9.341160993095249054e+00
-1.321879990717384779e+01
1.202081801816954432e+01
2.217767618602191071e+00
3.366891600241006444e+01
-2.228301486298861711e+00
7.006634851405138420e+00
-3.240575721261991227e+00
-1.233171513127606289e+01
1.043062907284867080e+01
-1.334197407612504982e+01
-7.697954218839822005e-01
2.671765746978769673e+00
-1.944571057539268466e+01
-2.729129695057662985e+01
-3.632037502143556917e+00
-2.011824846190307436e+00
6.341197255932512711e+00
-6.463885334126648452e+00
7.029742990492987786e+00
-7.737288205698336974e+00
-2.277632330395605464e+01
1.415390635380405193e+01
9.497397234808204303e+00
3.281325155870565879e+01
-5.225220802451898905e+00
1.748196231978355897e+01
4.040596240024849095e+01
1.533903112266366797e+01
1.382332816192705671e+01
-9.618675872138561900e+00
2.545469394189332846e+01
1.010505556333172450e+01
-8.017106276907249196e+00
-2.727774472671363171e+01
-1.812103933520338606e+00
-4.704037587428213385e+01
-6.857557742676783086e+00
-1.942055811171636748e+01
-1.857245825998374400e+01
-1.234074302372496845e+01
-4.300204465752925920e-01
-1.581373972494625191e+00
-5.437838228374771710e+00
9.733289205548144807e+00
-2.131372752883457622e+01
-2.332935828839884707e+00
-2.284974594732725706e+01
3.372822219162863622e+00
3.948952642777019406e+00
-6.075949408961288434e+00
5.065999070127089610e+00
3.037157916971446170e+01
1.291313109383169078e+01
2.734253213043536945e+01
-4.528464610045165983e+01
3.292180815434484487e+00
-9.370189330831882879e-01
1.623540350354026174e+01
-7.344277332187966856e+00
9.974790341803394966e+00
1.309057498513831597e+01
-1.924652254847606159e+01
2.520551240733198917e+00
-8.604531142268125876e+00
4.657389140358637825e+00
-2.690801059516928007e+01
9.586533877785258895e+00
-7.302915424125898447e+00
2.175129089002975391e+01
6.663776433312730951e+00
6.924095461707432619e+00
1.055584521945808341e+01
2.546681098018951417e+01
2.670125812959506106e+01
5.200326711453689299e+00
-1.596911742865400008e+01
-2.821712164552758750e+00
4.370485878215156106e+00
-2.483000940424886949e+00
8.065814519641834934e+00
7.368739873451683131e+00
-2.315355698325122447e+01
-1.223746202392413629e+01
-2.759195337854211871e+01
-2.194116228219322906e+01
-5.887908240050862219e+00
1.552875131975035572e+00
4.699248055707976879e-01
4.971878026726879618e+00
6.507967979458312513e+00
-2.728224166147541041e+01
-1.373877081305613146e+01
-1.444632377847554849e+01
-2.342335018265025326e+01
1.324278094495230818e+01
1.114172712147874300e+01
3.567563856585775461e+00
9.238688157010431112e+00
-2.106032659998918533e+01
1.961232680032433962e+01
-2.880043419126876003e+00
-8.577973822788345970e+00
2.686210054972092820e+01
1.068897565185188014e+01
-1.435742768785883250e+01
-2.232685210863519565e+00
-1.002763831911774695e+01
-1.243165582526708945e+01
7.754357874407793894e+00
9.012816220019725932e+00
-5.472450921242716149e+00
-3.961756674896716124e+00
-3.824211929468403781e+01
-2.268088806950071401e+01
-6.413258444380344869e+00
1.665326474830321857e+01
-3.801349368195253220e+01
6.103108515195977191e+00
7.158930840045475641e+00
1.255760839011623986e+01
3.824606194148964633e+00
-2.369439576722206198e+01
-5.071769515216677959e+00
8.308082387438062710e-01
6.878381477210124828e+00
3.529884364731780355e+00
9.659708578905755516e+00
-3.660080354786159340e+00
3.454403310139611882e+00
2.696095814177656891e+01
2.646508332368453154e+01
2.009321014868683974e+00
1.287185990023107607e+01
6.502907245649934609e+00
5.215759159400417566e+00
9.976382471377513994e-01
-8.118252495076099251e+00
1.853597054055999749e+01
-2.397365240866770009e+01
-2.852683022278194258e+00
1.412424026051281700e+01
-1.223261552988418543e+00
-9.757741637535163548e+00
-1.157603673165286828e+01
-1.295779141716823979e+01
-8.322838561533480117e+00
-2.124162527712408277e+01
2.248718966451430390e+01
-8.675248579233496571e+00
5.052306680646587722e+00
-1.871139984858009342e+01
4.741341371680572792e+00
-1.228800742863946205e+01
6.362034529842397035e+00
-2.956476092418530044e+00
1.560889347069248956e+01
3.043201264091051783e+01
-8.887163923895077033e+00
-2.373535587391337387e+01
2.587224817445108371e+01
1.643569365227613943e+01
1.310382241246714052e+01
-3.273848337182102775e+00
1.578950598164242614e+01
1.730989113205940910e+01
-3.871038330284513940e+00
3.931622532234138845e+01
8.566960501975154907e-01
-3.295404893596623808e+00
1.021988098835618786e+01
-2.475752986604406569e+00
6.142518030939743134e+00
3.863013892137045246e+01
-1.663716150268110372e+00
-5.234856038230534914e+00
-1.973024586409254599e+00
3.300033882035862565e+00
9.674855438079513092e+00
4.281728887533186700e+00
5.752531083615314955e+00
3.572728502842134279e+00
-8.610366097514143835e-01
-9.192235210665820944e+00
8.097202249603860480e+00
8.211126925954644662e+00
-1.072321127335422730e+01
-2.974945436795181664e+01
-1.417070880455254533e+00
-9.461880584983653364e+00
1.535247787009786613e+01
1.053163903024020698e+01
-1.584743238003083832e+01
1.473550110279046343e+01
1.646448180211383772e+01
1.193399164206425001e+00
1.928555615805492351e+01
-1.648327983071336078e+01
-7.826371439619392412e+00
-1.304400027870517853e+01
-1.479377090343058532e+00
-3.375436539634726896e-01
-9.157980865910126056e+00
-2.358838516228878035e+01
-1.599909347995405717e+01
-3.401547696747432070e+01
2.543114362819462926e+01
2.934442873802511009e+00
1.287888095945424638e+01
1.945666142568143187e+01
-3.561278691897964421e+00
2.907153753748483638e+01
-1.348252939437676723e+01
-3.164568261922143222e+01
2.928572419582802677e+00
1.387550238754942633e+01
9.555734906794576489e+00
1.568844903153195247e+00
2.180239095254421855e+01
-8.002903539750239048e+00
1.344914872169279185e+01
1.015985772580167712e+01
-4.521824018440101156e+01
1.458317527784499745e+00
1.287372377970037451e+00
-1.700879079485594048e+01
-3.539068346555071543e+01
9.080291825898475722e+00
-1.862043092989105020e+01
-3.330280718954492158e+01
1.481166729251741998e+01
1.026352321357457242e+01
-1.922628314642567560e+01
2.192596861089218807e-01
3.262037107383806500e+01
-3.128476091334999154e+00
-1.872711950409847725e+00
6.007283249711880657e+00
-2.035383199560092393e+01
2.002562168702266554e+00
-6.760484278113935375e+00
7.350221553071183855e+00
3.802958493574005061e+00
-7.428260462660020380e+00
1.266572327914905483e-02
-1.633336884217456131e+01
2.723300578552398932e+00
1.515450982365839394e+01
1.607839947834537497e+01
1.651699531263516363e+01
-2.394950255381206006e+01
2.710452409345161939e+01
2.637616712216960835e+01
1.154954260364282526e+01
1.745906553603088796e+01
-7.027165247279883786e+00
2.417754848701977100e+00
-2.350892049572504305e+01
1.479741540889843243e+01
-2.375645254960115338e+01
2.531438517634160235e+01
3.221831510578072510e+01
6.184328154185679161e+00
5.925243677933093522e+01
-1.694689725592649765e+01
6.688801139745599755e+00
-2.177932454690252584e+01
-1.234912440612491480e+01
9.998366813050862945e+00
8.586474106119393213e+00
9.457812004947538043e+00
2.080487592296130828e+01
1.638784505001803282e+01
-6.369643907914447567e+00
1.985746186639612176e+01
2.096016254512349875e+01
1.797055764215796003e+01
7.410077341555950881e+00
-3.179750637100274702e+01
-3.490118153190049366e-01
-6.342580387650900153e-01
-1.577737803078847145e+00
5.082149922067728198e+01
-1.050713583282535879e+01
-1.095583189551948067e+01
2.788945103374891232e+01
-2.202219238907360221e+01
-1.508122884182722068e+01
-6.081823347562749227e+00
8.184577059751347861e+00
2.289083170390044941e+01
-8.158741891232423882e+00
7.702885058774557869e+00
-8.052459476324125731e+00
1.941388159264757718e+01
2.064787534295571803e+01
-1.483064991673897559e+01
2.424118044370311154e+01
6.809892127818054419e+00
8.787362463419515990e+00
-3.434015493298998223e+01
-1.519733380572717962e+01
-7.479643450948591621e+00
-4.937550547904582920e+00
2.191796018641800003e+01
-8.281415264291581479e+00
-2.176579351107005778e+01
1.452177477429517438e+01
9.890134656179244033e+00
-5.495565696307551207e+00
-4.455068805699085033e+00
2.736018059130142888e+01
-1.212309577628782442e+01
5.805128955532611990e+00
-1.239503206706676464e+00
1.542221217360522623e+01
2.429337529170900289e+00
9.971631797461744995e+00
-2.517862983144564026e+01
1.163145847242926356e+00
-1.935977213937737318e+01
-1.270758468389813345e+01
2.461069108679377671e+00
-7.463431553580115008e+00
7.328076723274514315e+00
-1.944376573521188689e+01
1.550286894448561092e+01
6.880402512585494179e+00
-1.427624336497570567e+01
1.350221994415854532e+01
-2.207734496801749202e+01
-3.648599669305205850e+01
-6.642723191039999975e+00
-1.907472147937275153e+01
1.840828686923354951e+01
2.275205334108812760e+00
2.651636318726908570e+01
-7.606165468582807065e+00
-6.603381911742933763e-01
-2.767413445278457473e+01
-2.719526891463937446e+00
6.181627021680281331e+00
-6.054730199646613187e+00
1.283601616581833760e+01
3.526217541986798665e+01
8.312549052428517271e+00
9.740095500948292795e+00
2.139024075004080672e+01
1.514836833235894709e+01
-2.398561328796045444e+01
3.660824838498689360e+01
-2.098611122791344652e+00
1.012010762757117099e+01
-4.304981647036671077e+00
-2.088883734427604111e+00
-6.418112315217715746e+00
-2.026209595261979857e+01
9.997518841145227597e+00
2.628449674409407066e+01
2.892109613642583099e+01
-7.989346600621910710e+00
4.606364135987224984e+01
1.606644080042242706e+01
2.750095921231901386e+00
-1.132014845877143827e+01
-4.003051450373266107e+01
-2.079112261402034889e+01
1.533109463651757132e+01
-2.501417087739514145e+01
2.271276982365134423e+00
-1.137130229570388673e+00
2.989436663737237154e+01
-2.684253888353231421e+00
-1.549611706679850265e+01
6.209153538268124883e+00
2.262451674033252313e-01
3.872273891461099460e+00
-3.731410483529505484e+01
-6.239717473817064430e+00
1.509955279799153338e+01
3.548582789146997873e-01
-2.142869246443162723e+01
-3.277664174677220821e+00
-1.118773763869619309e+01
1.232767274231888344e+01
-1.057615417267133040e+01
3.972512684841056085e+01
-1.518128899973134160e+01
-1.767175847794894450e+00
2.998568769710101378e+01
9.682922850869250198e+00
2.866099466809932039e+01
-1.403875200440645088e+01
-2.125265081046884319e+01
7.177668176438506187e+00
-2.189166920276803552e+01
3.812845436549476830e+00
4.635730651307531147e+00
-5.448386141852036069e+00
-5.944175548725939784e+00
-3.380577025937764546e+00
-3.371912277216581710e+00
2.310853700912130648e+01
9.602463414568305211e+00
2.283965966210617538e+00
8.331516788579206079e+00
1.430355927366427160e+01
3.149408672692570299e+00
1.164241362380439071e+01
3.509835874378757659e+00
-7.077192890135235004e+00
-1.612019802123353429e+01
2.083479493377302560e+01
7.268119382321487798e+00
-4.490333069339347283e-01
-1.156767162500776003e+01
-2.055026425898897458e+01
1.612592964694179898e+01
6.159880998496539917e+00
9.620802402453527691e+00
-2.265307852819220713e+01
-5.584956336187831383e+00
1.339156112950196764e+01
1.478296303357109132e+01
-7.183186062238121394e+00
1.983686789845906517e+01
1.121357375156869196e+01
-5.441293737727246338e+00
-5.911868251140854902e+00
-1.599917152553417132e+01
2.429991907878063628e+00
-7.912854819850859700e-01
1.585868490783435014e+01
