-1.539909012315471948e+00
-1.292396829189810958e+01
-7.305352609788330653e+01
-2.494382362574909351e+01
2.205314471743306193e+00
2.871840227362519649e+00
9.663094805861792480e+00
-2.254083920979341116e+01
-2.339426153944016562e+01
3.721691751940603865e+01
1.700104519643595324e+01
-2.178827635645020777e+01
-2.214745194211790036e+01
1.481661957929679474e+01
-3.875486706219088973e+01
5.064916806990019182e+01
-3.601727829718046081e+01
4.327138677413079115e+00
-1.602308271113598082e+01
-2.378426593002420830e+01
9.787627151068175380e+00
-1.730514196238181412e+01
1.483725411409259998e+01
-1.142862713682922049e+01
-4.769524161385364280e+00
2.374401170755193391e+01
-5.547221061180247936e+00
2.977895886728758601e+00
7.798032059919446368e+00
4.337346516740007729e+01
-5.796210072251075651e+00
1.839473076983157185e+01
-2.913397325936436744e+00
2.839037479277403619e+01
3.812805164872007424e+01
-4.131092258416503427e+01
7.394065177366321073e+00
1.303304609278002602e+01
2.401654645056838433e+01
-3.230149517541591564e+01
-1.840867576747794487e+01
8.230019639224396499e+00
3.454403622394759310e+01
-3.726147494458687959e+01
-2.022239000754757043e+01
-2.008687013072071892e+01
-6.696162293042894120e+00
8.983987615714182695e+00
4.907093809563398246e+00
-1.055343913375746112e+01
3.633998915869833723e+01
4.593350512008253617e+00
6.019058927621956379e-01
-4.731197334976304347e+01
1.729236435825986717e+01
-1.639395256614301744e+01
-1.996036914579587673e+01
3.171942649842948825e+00
-3.067606374735935404e+01
2.151914404484101873e+00
9.905673892877121745e+00
-2.828373375765852771e+01
-7.668044633883957850e+00
-1.999670841887193973e+01
-2.390770174797308911e+01
1.349020272053290270e+01
-2.881728525825083409e+01
2.556615133720914912e+01
-1.387986605991236289e+01
1.350618652828416799e+01
-3.997234434198569719e+00
-3.528081411551468705e+01
1.412497887486500936e+01
-8.695574287337404229e+00
1.498455735812050804e+01
-1.266220415968859214e+01
1.808259023043952585e+00
-9.116217309336713370e+00
6.285712295209941658e+01
7.288439310345028233e+00
-1.509345025542747187e+01
6.882675586102372733e+00
-1.542289640952796503e+01
-1.434334341321229189e+01
-5.120549129910914488e+00
4.980286313922022146e+00
1.664395776122437809e+01
-8.471622961314078992e+00
3.441987729435587173e-01
-2.347825891354022865e-01
-4.083929800279425137e+01
-1.242387530014458186e+01
2.086259514968370254e+00
-1.310445725455364396e+01
-7.989260872066710206e+00
1.098550786266091350e+01
-2.114114028610036655e+01
-3.845085478111607724e+00
3.635295171151560112e+01
-3.158538770786793748e+01
1.231623492789349328e+01
-5.601780231163639101e+00
-4.512530965347214540e+00
2.651744863327859392e+01
9.166474383546239224e+00
-4.396658734154968329e+01
-2.842316603766675698e+01
2.313618904362244066e+01
3.393827595337934611e+01
3.657226792394931181e+01
1.041765990184681634e+01
5.462099362716607232e+00
-9.451412062675949244e+00
2.716490422214880951e+01
1.336857521505522062e+00
-1.649158282958628163e+01
2.981252826004486067e+01
5.176412516612382220e+00
4.021104988267870439e+00
2.712421859260346579e+01
-2.389315070296426313e+01
2.257915831412324437e+01
-3.791380592693084139e+01
-3.530605031027113228e+01
1.668805673138389167e+01
-5.454824488888536660e-01
-2.694320027143626817e+01
-4.282961173101342212e+01
1.253860172324121436e+01
-1.620491195942411622e+01
1.454028624063177588e+01
1.488041028641261931e+01
-2.058828732319392429e+01
-5.762272016169973199e+00
1.839057779063628217e+00
1.933672583402211842e+01
4.240544750222353798e+01
-8.212672214962879025e+00
-2.087553750741482261e+01
-1.583689717179803580e+01
-1.645841568914114816e+01
2.005289521610871972e+01
2.115033629800932502e+01
-2.675474621524580243e+01
-4.028649861078542216e+01
3.982504716903589070e+01
-4.812594820592877021e+00
-2.960625848550400363e+01
2.127917058224227986e+01
-2.227827211568395072e+01
-9.394138731542849285e+00
4.544890075370907567e+01
-2.684411798146426875e+01
6.741719614131172378e+00
4.055478680945125092e+01
3.477901540058511642e+01
-8.571164905317321114e+00
-3.071519635850670227e+01
-2.353221724906590140e+01
-2.288876993284895178e+01
1.640165225196164300e+01
3.420778624070332796e+01
-5.010079737950171364e+00
2.926951173647593407e+01
-3.511491790368285137e+01
6.712342203659509288e+00
3.197470300920673125e+01
1.062670088567855053e+00
-4.150630649595228761e+01
9.032429796745455874e-01
-3.551215357606609757e+01
-1.439789417908468216e+01
-1.372535174882575326e+01
1.519752978658390496e+01
5.258925605518891544e+00
2.461666858662634638e+01
-1.850065797106807253e+01
-1.083286549851304459e+00
-3.690049196829172473e+01
-1.722219960689759688e+01
9.019809466145902732e+00
3.588295149816725704e+00
-6.295452268948564800e-01
1.591046006857013317e+01
-2.861101644917174625e+01
2.145300917496865267e+01
-3.057018215766032831e+00
-1.625664375234061154e+01
-3.285617978230467173e+01
2.706372418901521471e+00
4.144584214048084903e+01
-6.592340682028924448e+01
-3.875747763476152841e+01
-3.023905108206215786e+01
1.603574079239021444e+01
-3.269528972694010349e+01
1.672454817283434636e+01
-1.538172771119477034e-01
-1.630705291823870340e+01
1.448272382787882329e+01
-2.713566093844183769e+01
9.867603614128162448e+00
1.828325846790460218e+01
1.119225747572542140e+01
-1.338677627224948274e+01
1.286972864678638118e+01
-2.048504770127540553e+01
-3.473239728532416848e+01
-2.039042201759034612e+01
-2.668089504265552847e+01
1.829322188542531036e+00
3.383818495949579130e+01
-2.905069844039151050e+01
7.895381240585441773e+00
-9.835358453408879598e+00
1.901624865245551632e+01
1.662975071583120368e+01
-4.383351505943447357e+00
-3.546074019929222487e+01
1.197232416922456366e+01
-3.143944866660223525e+01
1.017006432042272301e+01
1.031575757197693299e+01
-5.135001567111086906e+00
1.447949041591371611e+00
-1.901806208559927569e+01
2.981535627052498683e+01
-1.954867633705469032e+01
7.059814089679187887e+00
-1.867160481920656423e+01
1.848302286460600641e+01
-1.570724703603930905e+01
-2.380418423975812559e+01
1.857348068766089000e+01
4.510797962510680881e-01
-8.263781230286252111e+00
-4.082906314652154123e+01
1.623716480187857059e+01
-6.145743908732677063e+00
2.483260686776151971e+01
4.455511671295125353e+01
-2.433463413533726971e+00
2.625150782952352202e+01
1.293591101697700907e+01
9.998912025016899463e+00
-1.144276540253768104e+01
4.193952624465740797e+01
-6.852887705971549615e+00
3.156399783948843307e+01
1.455995640055554219e+01
2.202649935313120011e+01
3.351621682270365454e+01
-1.345765974301340862e+01
4.687346837865837834e+00
7.789281907326730092e+00
1.069467649987240865e+00
1.768799120094613642e+01
-2.398609418720326047e+01
5.224033848086646614e+00
-2.889391139400041908e+01
-2.266775349239853199e+01
5.068836165306215946e+00
5.677205467400965766e+00
-2.227360449126462072e+01
5.078358199240927462e+01
1.647788151080403196e+01
1.281907069675099109e+01
-3.887160047557712517e+01
1.382837533310352818e+01
-2.948430204916120623e+00
2.207373436500511943e+01
1.108376842899349768e+01
2.468021842867572246e+01
3.831372806260515773e+01
1.921784055720540607e+01
1.469798933367217231e+01
-6.422949053271066688e+00
4.028846175440801858e+01
2.550072551385593300e+01
-2.327902710078315351e+01
-9.602672127038097472e+00
1.424254622454270525e+01
6.560043762907953990e+00
3.508775067773364231e-01
3.205289282999950728e+01
-2.753297703185138445e+01
-3.599667830183961570e+01
3.202864090906393812e+01
3.382840016898306601e+00
-1.671786068176550799e+01
1.351289225314696552e+01
9.596390623577114809e+00
-2.833883388827475613e+01
1.324018944283511523e-01
-1.829901821399245065e+01
2.025327843725347421e+01
-9.437890619329607489e+00
1.257623693449068902e+01
-1.537093395280004593e+01
8.996922385132931632e-01
3.233245455869386120e+01
1.694970229615939061e+01
-2.824187789079857680e+00
8.524755459158946280e+00
-2.701046404907908993e+01
1.512642210373748419e+01
-1.362042504398807807e+01
-1.375852728769978839e+01
1.949629631041466737e+01
3.128948744061591469e+01
-1.318737854504313134e+01
1.209318445670265696e+00
4.693355131190349994e+01
4.025351300005208799e+01
-8.081563821070284703e+00
-9.316019153988528423e-01
-1.467045046209956638e+01
-9.829045935986998828e+00
-2.586557372004362421e+01
-3.166861434107747897e+00
-6.558711661866879261e+00
-3.991675094707527904e+01
8.828620079880016291e+00
-5.574680889398363703e+00
4.574902000645976408e+00
-2.113455520231333296e+01
-2.635240230507975845e+00
-1.636308280756126265e+01
-1.188184753860267051e+01
-1.358751051788279263e+01
-2.371558379253253435e+01
1.990272420718613233e+01
-2.273132474820457460e+01
-5.476635266340984032e+01
3.775478975937544135e+01
4.951562811901542460e+00
-7.987786333091785096e+00
-1.005952273233216765e+01
-5.270729073237546913e+00
-2.410486674810419228e-01
-2.529175446346891221e+01
-2.623041007756202525e+00
-2.692958605325480548e+01
-3.729848665056433532e+00
-3.469399925206653190e-01
-2.144418954370042130e+01
3.884322792473574371e+00
-1.727752952664752684e+01
1.301097236907917321e+01
-2.212894698524011261e+01
-1.445404450403730046e+01
1.667659822726351848e+01
1.415898158554022856e+01
3.364150466331447120e+01
-1.830289861036106558e+01
1.123670084418901460e+01
8.389971361738042255e-01
4.391930344455259316e+00
4.132899072057348633e+01
-6.024407681086536570e-01
-3.506896427147864870e+01
-8.326264420937268262e-01
4.409088444041683630e+01
2.323890237330656916e+00
1.966693647029196867e+01
2.054143877458454170e+00
-4.059697583752112315e+00
2.790714862698520093e+01
-1.477510512725883274e+01
7.032764233758800998e+00
-6.007341013988579448e+00
-1.102753789694850051e+00
1.219101698139286594e+00
3.858424744475296109e+01
-1.864888185840789347e+01
-1.349537394915394728e+01
2.553563421164590963e+01
2.459175428475302905e+00
-4.722370721608215582e+00
1.638231257078436798e+01
2.322043338177460825e+01
-1.620611975174306707e+01
-3.300348464144970073e+00
-1.338899912810782311e+01
1.039166562428064999e+01
9.148098733437002750e+00
-2.631454625048887053e+01
-2.646291556121812505e+01
-2.115703905727269785e+01
-2.401748391646501801e+01
1.032704824613102090e+00
-2.474672040972901499e+00
1.673513809476997238e+01
-2.064678911506629966e+00
6.647958978036585975e+00
3.296080565282557018e+01
2.445890749384627583e+00
-9.631649852001700651e+00
-1.541405237616661950e+01
2.035155258091011987e+01
-9.229603179489380693e+00
-2.285267756228034841e+01
1.647532970649496065e+01
-1.474562246391639597e+01
2.973699854465660763e+01
-4.982733504674497382e+00
3.073803603269128359e+01
-2.375353564517761029e+01
1.371056920654417155e+01
2.639013586176320869e-01
-6.548950003503607675e+00
3.204197936011046011e+01
-2.389499737254498868e+01
-3.820434979514863727e+01
-3.876890729618887832e+01
-1.921287903223780091e+01
-1.368241267425836050e+01
9.695417982100781984e+00
8.756886323366780189e+00
9.415956858029039367e+00
1.300624452461848435e+01
-4.608671259573947632e-01
-9.958838575714668906e+00
8.814529795859959549e+00
1.478115442784257283e+01
2.082870782504926965e-01
1.040119154187875239e+01
-6.254382102679593913e+01
1.830884074919406190e+00
-5.185964024883699608e+01
1.473362639569666621e+00
7.357768519960224296e+00
6.882487343105958111e+00
-1.082572442611428620e+01
1.615762311536257556e+01
-2.105603881442153735e+01
8.405945310487382471e+00
-9.204608235555674867e+00
4.637942519277441988e+01
-2.475550753936562032e+01
-1.721416125140601494e+00
-1.717624072871227270e+01
2.636128400841043984e+01
2.842067733287404252e+01
1.209721977683653549e+01
1.353789527156713746e+01
-3.504106291953766217e+00
-2.828657316598575377e+01
2.913966243566248338e+01
2.671492771761584351e+01
-1.454913026752678817e+01
-1.556581254585321261e+01
9.742682110487676184e+00
1.570644146803812546e+01
-3.784003159416864293e+01
2.859245723763874203e+00
-1.102882280879362398e+01
1.049550076630835171e+01
-3.163480934704474556e+00
1.219401410829902233e+01
1.096565751857893467e+01
7.376745836966365211e-01
5.380441842121139295e+00
-3.433587885854163346e+01
-5.800936560900526118e+00
3.886775443585874790e+00
-1.699819965484575590e+01
1.393235326180345623e+01
-1.605860868119736296e+01
1.826769095826254352e+00
2.607439731588060283e+01
-2.093809876841849871e+01
-2.743543879516052186e+01
-1.286233292042219922e+01
6.663663656335860885e+00
-4.490102502928573358e+01
-4.950103960216899246e+00
-3.777122475146656910e+01
-2.442075143953733374e+01
1.188288822308400050e+01
-3.379453649494094947e+01
2.665953542407697796e+01
-2.053603987775670703e+01
6.906707108837662368e+00
-1.227531227598686314e+01
4.208705469732092297e+01
-2.507418038556431839e+01
-4.128545315448101860e+01
-2.098775424931830891e+00
1.030608580057178258e+01
-1.931745085840504217e+01
-4.560395223495182115e+00
5.507110199491401126e+00
2.804651808567249560e+01
-6.450170918333612669e+00
3.465890550603608489e+01
-2.675327934800604623e+01
1.539796762433157618e+01
-2.023131327686303660e+00
3.209585281105862720e+01
-3.240538548974640776e+01
-8.300304421807827016e-01
1.187117247232982997e+01
2.875056399898086035e-01
5.972409863649305706e+00
5.442161144341670642e+00
2.942870861557432605e+01
1.011739402679879518e+01
5.534550292298177965e+00
1.599290539340899286e+01
2.421013654867295983e+01
-2.099654870436671317e+01
2.644341422415518394e+00
1.433386213286781441e+01
-2.427355173619246020e+00
2.232299558773288695e+01
-5.169769696615619914e+00
-1.750838838938996744e+01
-2.057544027499821127e+00
1.106642516657682096e-01
3.757586695270345700e+01
-1.204073680392522583e+01
-2.451712291079796913e+01
5.421614057786248608e+00
1.911337314501871987e+01
-2.641026472837267036e+01
-2.116660872914657432e+00
-1.633279920062604873e+01
-4.113201479165286401e+01
-1.765064011611940842e+01
1.286369234084225077e+01
1.400756016536646165e+01
2.545033887126941963e+01
-1.532891473392350257e+01
-2.836574186898243610e+01
-1.219525648145565278e+01
1.578724790387120436e+01
-2.887671046783085060e+00
-2.724141971939665652e+01
6.710557116416320689e+00
6.731122858451660917e+00
3.726463663008484639e-01
-1.106476114332687644e+01
2.591057051019672031e+01
-1.749685524964669980e+01
5.869195394974766167e+00
-9.830204011022967592e+00
-2.749786309767360848e+01
2.540545298855622747e+01
-3.149984939745608514e+01
1.675143681542313345e+01
1.192479899835407764e+01
-3.848433651185942495e+01
-7.891841371640001768e+00
-1.362342201697500599e+01
1.697287211184194344e+00
1.928940685805793365e+01
4.789305534228933681e+00
2.026313149760098398e+01
-3.020316013957304691e+01
1.604243627794331672e+01
-3.017307418507210670e+01
-6.015468650002494755e+00
-3.312353125296398915e+00
-3.395697188434793645e+01
2.980416475175236357e+01
-3.121703200113940113e+01
2.128222932506721321e+01
-4.356251579132991480e+01
1.745108639259870387e+01
2.324451972072075989e+01
-1.083551774497200970e+00
-7.181812216543215222e-01
9.207673849514677045e+00
-1.007794539654396893e+01
1.640283643583699558e+01
-4.581495362264242743e+01
-1.376258933114238481e+01
3.313735937148571065e+00
-3.332397120061512119e+00
7.368985084981003020e+00
-8.760304140524436178e+00
1.341139237466826373e+01
5.332541617009704638e+00
9.772724050978274235e+00
-6.419762127830430654e-01
-2.364590700402932910e+01
8.007829329207186930e+00
-2.342247466978362525e+01
-9.077114370107288721e-01
-7.942771953096306348e+00
3.503866410988173641e+01
-6.252025319990794472e+00
-2.306947196393014465e+01
4.089707753515643418e+00
-2.169333932562226508e+01
-6.026279906402484343e+00
2.632115796984765410e+01
2.029227152411866442e+01
-2.283999249994931535e+00
-2.454564935720808805e+01
1.177308991811621297e+01
4.424949578661146887e+01
1.749166911638412003e+01
-1.842462392328440757e+01
-9.829254489419302132e+00
2.583483109490602914e+01
8.429347492345190318e+00
1.041668478371693851e+01
6.738184376504151807e+00
2.119034947235443767e+01
2.646041553083891529e+01
7.985007419705098641e+00
-4.424180280494738327e+01
-1.727902967419550517e+00
2.394564761237865369e+01
-1.252396898247986634e+01
3.329145372530604607e+00
-2.526802503679178713e+01
2.119513821221494609e+01
6.426326042695336582e+00
-1.949739970762116803e+00
4.818680436582454263e+00
3.133388993647652399e+01
3.610128946507199998e+01
6.027390824145551385e+00
4.415992639840500544e+01
-2.909027883544040094e+01
1.543260751193310831e+01
-3.495473002505156046e+01
-1.684841189845101894e+01
-5.467344403214538850e+00
-3.511781439063717158e+01
1.102882078785406961e+01
-9.860910955054167815e+00
1.619578855405210405e+01
2.903422932459047701e+01
-1.151312481401258125e+01
1.718284436430047890e+01
-9.532907028646064873e-02
-1.183506966626414858e+01
-2.711033539340535370e+01
-3.291862335170807086e+01
3.133587247520276953e-01
6.930509477437558985e+01
3.177538688886506080e+01
-2.738919566270146078e+01
4.171954330861644422e+01
1.448949166022289603e+01
-1.603999775816077999e+00
3.542877493825932333e+01
-6.547725810784387868e+00
1.364875261203361312e+01
5.958586007576439414e+00
8.172481769381549910e+00
-3.595556516825907067e+01
-1.145942116925314203e+01
5.651180428025136315e+00
6.787052532134999261e+00
-2.049055570766799406e+01
4.191747552482274841e+01
-7.437090330889878587e+00
-5.438282958638088616e+01
-6.232456224958117019e+00
1.022672768436473767e+01
-2.430505251192904126e+01
1.596997142104943279e+01
-5.673460134306997027e+00
1.263544796175682627e+01
2.241302937158032194e+00
-8.365345826809493346e+00
-7.437545596320069841e+00
4.031278898493883389e+01
-7.706918588017633631e+00
2.309948190597712880e+01
-1.859403702380801882e-03
-9.578318263669090005e-01
2.306878023220616569e+01
4.656104064869387571e+01
1.879209229351978649e+01
-1.468669072245621798e+01
-2.943452422089452725e+01
-2.253098221955045588e+01
3.862226667581030171e+00
2.586789382645597613e+01
-5.430697209067577091e+01
-1.307436430234482216e+01
-3.910142585982722352e+00
1.339173984161248754e+01
-1.472172756299098850e+01
-1.825471628725367168e+01
-2.257520914050715088e+00
-3.733232091258428920e+00
2.687245223073983169e+01
-6.405595190836005592e+00
-1.045884287431491089e+01
6.179331525828970939e+00
2.234979835784780278e+01
-1.275116663798773331e+01
5.301468719971472154e+01
-1.028995257464354296e+01
8.935279263367921221e-01
-2.508631176684140485e+01
7.880800700623614041e+00
4.509745336785199399e+00
-9.759916795216998509e+00
3.888236345003260652e+01
3.241654281105545987e+00
-3.962968102466044229e+01
-2.559719161664439824e+01
1.944217717015030544e+01
-4.473905002970167999e+01
1.124692721697351772e+01
7.451293828459873758e+00
-1.728629566917842908e+01
1.337494482091882730e+01
1.722072228566316454e+01
-2.883981781682809853e+01
-4.158600312754956008e+01
8.297334614806979758e+00
-2.968169106073965935e+01
-4.029765218608461907e+01
-3.014622290002095184e+01
-2.697263680880056924e+01
2.385006131481236480e+01
1.041572209706052199e+01
-1.099863328884726066e+01
-2.766091114672957474e+01
-7.249582830060116834e+00
1.021507164670012813e+01
2.608083157361207327e+00
1.349019040458033558e+01
2.713825326359749468e+01
2.261897028685450284e+00
-4.296785704629839131e+01
-3.832273927153273263e+01
-1.360397482098235145e+01
-9.134340354568095677e+00
-1.210550403091599492e+01
7.397944003597375584e+00
3.083195722008641582e+01
-3.077416165942874926e+01
-1.714400749856556772e+00
-1.992316364457560951e+01
-1.643737062711407759e+01
-6.320504748699693920e+00
-3.503190419425823166e+01
-3.113946559604286080e+01
2.907414456481478560e+00
-4.437677963739871956e+01
7.726028463687306669e+00
-3.424916932390706847e+01
-9.321737064500531744e+00
3.712630636074718993e+00
-5.923128287036730555e+00
-1.996856469548567503e+01
4.920794150603197892e+01
3.062891742227191738e+00
-3.452912645109520184e+01
-2.089656258912550690e+00
-9.152456247455010185e+00
-1.520207765682583911e+01
2.548432903205626232e+01
1.149305253358216916e+01
-5.945344883745530495e+00
5.429908600027994581e+00
3.427544011106345323e+00
-2.759982896823680321e+01
-1.397847501915314794e+01
-1.467538021246724966e+01
-2.220577645140371814e+01
-1.749698962206222674e+01
-5.469658111515976628e+01
-1.191409194347044931e+01
4.577229277194007295e+00
-3.430537156442288449e+01
-2.088851242102921724e+00
-3.998165615192257150e+01
1.329901475578290437e+01
-7.340668351779390477e+00
1.371843063560681841e+01
2.501569393150407805e+01
2.814918281186280069e+01
-2.292193919389071866e+01
-1.301007089119607274e+00
2.200794761092135587e+01
1.043478195256674113e+01
-5.541868537097305136e+01
-8.553784787361289332e+00
2.412797487788542306e+00
1.393045164943378467e+01
-2.672349672640714502e+01
1.622139251478558464e+01
3.463724775453379578e+01
-2.013241053209794407e-01
-2.781181492660556742e+01
1.649133913396261519e+01
3.336503749133242991e+00
3.409616283641221912e+01
5.579341820739273317e+01
-6.886259628168176050e+00
3.771091418570352261e+01
7.639773839150938883e+00
3.787116504959684704e+01
-1.197238100137944272e+01
3.837348186744488743e+01
-1.895091956325483551e+00
-3.571147943760066568e+01
6.694355982066989341e+00
2.132396273110639129e+01
-1.790060002833708097e+01
-1.112426501573179927e+01
6.307517373198409771e+00
-9.066580656872995192e+00
-3.659902578800647888e+01
1.066495613770095474e+01
4.745131797629140280e+00
1.251493220589394895e+01
9.794209339853461316e+00
1.655607498037430148e+01
-1.609746175516422895e+01
-4.055073268481033111e+00
1.195157491173930442e+00
1.558044529358191710e+01
2.311073366352079006e+01
6.288219790288719580e+00
7.050146987773230123e+00
-2.508697886236945607e+01
2.896714685746866635e+01
4.262060856530879960e+00
-6.341813340395558996e+00
-6.731815245467203113e+00
-2.903630563831226397e+01
2.841968170233985447e+01
7.063172384619639033e+00
-3.824590913575094220e+01
7.214627291742666593e+00
-2.791384297883271159e+01
1.154569011425169833e+01
2.037646797421339784e+01
-1.401190344762569495e+01
-5.604278314801635075e-01
-2.467179141978290247e+01
2.040608715270408524e+01
2.818663493765981798e+00
-1.735938798485492995e+01
7.191521559301450317e+00
-2.043691715986938462e+01
-8.213688061275140839e+00
-1.975539387851677020e+01
5.139520318583342018e+00
1.204683189631579943e+00
-1.259419684070006440e+01
1.718310491104736570e+01
9.624481140987903416e+00
-1.268135761956375784e+00
-4.264642531745383103e+00
-1.317565125606724763e+01
-1.053879829806252566e+01
-6.907866651583782769e+00
1.533054886038108577e+01
-9.864404113273916863e+00
1.859617735992040011e+01
-1.193936287766653592e+01
2.543172807898962873e+01
-1.913957911105499221e+01
2.866077326248503709e+01
1.342275756139283516e+00
1.783437462746331903e+01
-4.069119351030698883e-01
2.231011025836808415e+01
-2.570283548508610139e+01
1.005579096807973905e+01
2.585573861752052061e+00
-1.279332103055067549e+01
-3.780748001888998289e+01
5.353087641728137669e+00
8.790152867945895565e+00
1.275028819112039713e+01
-9.154730486214841534e+00
-1.985284760054206998e+01
1.406725455852636664e+01
-5.841497999772261807e+00
-1.576349304595165002e+01
5.100853301746938229e+01
1.216906349397845410e+01
2.161274288900938600e+01
2.178387234020346508e+00
-3.080022763184182466e+01
-1.062289783254476205e+00
3.685969212094316561e+01
7.679299982029297311e-01
-2.439178762235028586e+01
5.321149899385540039e+01
-6.991510615093256220e+00
-2.159365628297316420e+01
3.502996239305917925e+01
-2.222020344274924852e+01
-3.528709554835984363e+01
-3.926991255077215470e+01
1.700486148636000650e+01
1.540807095745315536e+01
-3.340594147164607008e+00
9.948310320661613915e+00
-3.068602848849128595e+00
9.794710241993787037e+00
-1.678115100612389199e+01
-1.518394950422712064e+01
5.595129417800477789e+00
1.303922471294205643e+01
1.403793017985579317e+00
-8.685688112052218912e+00
1.051090269398504873e+01
-4.085733606663574591e+01
1.270689252652782208e+01
1.630415889538648244e+01
-3.985896574703257045e+01
-1.683433467687307328e+01
-7.443474917710633854e+00
3.344096456766943781e+00
2.523804357114904917e-01
3.494015976596300987e+01
4.478567369090760053e+01
-1.011501859999072117e+01
-8.424592558224466288e+00
-2.315442845044441000e+01
-4.883069222161608280e+01
-1.256491553716050902e+01
1.631665623435458201e+01
2.183348594228117889e+01
3.089366697710904219e+01
9.850616813663460647e+00
-5.994430422357774013e+00
-3.685683416178014227e+01
-1.409322572755476166e+01
9.297835304062412876e-01
-4.103415439362158423e+01
2.935803866019126929e+01
1.260666927149683758e+01
-1.558961710253331034e+01
4.653347375998507829e+01
3.423903729070085689e+01
-2.758094209271096275e+01
1.183802895122578747e+01
4.114049147497178183e+01
1.744273048139434934e+01
-1.487311077155808725e+01
-1.139993284703627552e+01
1.913914481013533475e+01
-2.704408818127917780e+00
6.426823141141259299e+00
1.711947856135522983e+01
2.947032208812358434e+01
9.794509617219702591e+00
-1.153691443480581036e+01
2.696893638429749629e+01
-3.348262060721758360e+01
3.835418049911039873e+01
-3.596557238973112192e+01
7.631862162203384869e+00
2.630786141950044765e+01
-7.924113927710350502e+00
8.369190184522565801e+00
-3.373809911228298652e+00
5.128481810685709519e+01
3.064120342448423884e+01
4.372461182044114381e+00
1.210447020777406912e+01
-8.989988725209162368e+00
-2.073588803058440533e+01
-8.526961822761540688e+00
-2.500815152377507644e+01
2.447033073935936276e+00
1.462327909440523754e+01
-9.367555877631865258e+00
-1.894003819123939536e+01
-9.587321199080664158e+00
-2.544502070700103147e+01
3.515754028656471775e+01
6.258163032282466176e+00
-3.995429508862313384e+01
4.210183349474188219e+01
-3.523365658161196734e+00
-1.482321888715033964e+01
-1.702031381822254019e+01
1.751970139059671894e+01
8.875985493491721501e-01
-1.433493870128219161e+00
-4.186549712381862776e+01
-2.845735982395449426e+01
-7.908614025866640418e+00
-3.580540020705196014e+01
3.747591418274181763e+01
1.675003919349446591e+01
-8.323445897432780782e+01
-2.772193954664446025e+01
-8.198329935047514283e+00
4.554886947373665151e+01
-7.538863954090379238e+00
-8.706145806978994983e+00
3.901297611779129682e+01
-3.663882055923723868e+01
1.252569156583883014e+01
-1.386125135330516756e+01
2.108067652108569590e+01
-3.073799225392178869e+01
3.198595834547554695e+00
-1.601489100642551833e+01
-1.360517705585327919e+00
-9.424305014537601721e+00
-3.686128091716921062e+01
5.367606907741363642e+01
1.854710524393003723e+01
3.862461899517770636e-01
2.839044507670883632e+01
-1.916932955784044168e+01
-3.662481639327739913e+01
-6.305854448971381032e+00
-1.871251654514071561e+01
-2.949272339450751090e+01
-2.585338890314963578e+01
6.178601902151750203e+00
1.982857756590323817e+00
6.602363821285937462e+00
5.401824042077314481e+00
-1.233412899318302536e+01
3.004483712434699783e+01
5.446238501481754923e+00
-2.713223931844459358e+01
1.461804356751142819e+01
-3.960285860415783077e+01
-1.338497243889528576e+01
8.027642057700600020e+00
-1.547298733672476700e+01
-8.149746920399087102e+00
-2.556723576927243613e+01
2.957166292745237612e+01
-3.613109643878223309e+00
-1.300466693054467626e+01
1.419800885068766227e+01
-7.000517621389129808e+00
9.893249754466799661e-01
1.764747118345749755e+01
7.078258551875359572e+00
-1.784420700554832928e+00
1.457799296764905250e+01
-2.479704414980073679e+01
1.460264602619433383e+01
3.014440259250473986e+00
