-3.623893935626898433e+00
4.841480073072906976e+01
-1.233120750942189314e+00
1.097149697307158789e+01
3.009407942343595366e+01
7.867488783568123090e+00
2.128373581241022805e+01
-1.221763441175262521e+01
-2.830020595262470806e+01
3.354074846157031686e+01
-2.084940079901466703e+01
-1.805370728507239164e+01
-9.769278262119659217e+00
-2.718951358341941571e+01
-8.945002597185391480e+00
-3.401183873788104250e+01
2.235894626502203053e+01
-1.001480788238348296e+01
7.008937176150712212e+00
-1.268742056268263418e+01
-2.637051637042078411e+01
1.752096575205411355e+01
2.025406138238306397e+01
8.056234865991893201e+00
-1.250686912366906789e+01
-4.270703504297717501e+00
4.296518050697608970e+01
-5.291994642358632817e-01
-1.034357417365388088e+01
2.092106477995617553e+01
1.257519897427230582e+01
5.303702695673727874e+00
1.389964556883622926e+01
-4.986941030508524442e+00
-1.571003424481941479e+01
4.047828582724785207e+01
-2.481479840595882891e+01
9.750933960015160551e+00
2.844125956542802669e+01
-2.504315457706526260e+01
-1.417367814807041171e+01
1.074127362696157206e+01
2.844219480605887540e+01
-1.095209307606478077e+01
-4.196519428004208407e+01
1.388596402544395936e+01
-2.433223296450567830e+01
1.004607189671725465e+01
-2.605373700917682100e+01
-3.057023139967270708e+01
4.329555612505367179e+01
-4.852405597915746327e+00
2.698928543664496971e+01
3.821770347788639999e+00
2.188343492161028792e+01
3.542699553019329528e+01
1.089056990218270959e+00
-9.448902479586234193e+00
-8.416121881411703143e+00
-1.622403311466855058e+01
2.797553218933737895e+01
2.987104040376424763e+01
6.263935110606859702e+00
2.405251268754215488e+01
1.410023490464134710e+01
-1.599634749609558071e+01
-1.917424885731707462e+01
-8.273665736709874707e+00
9.133206315437510270e+00
9.723420809603510406e+00
1.031385466925410554e+01
3.714150862757314542e+00
8.656787559223657169e+00
3.914536060381468019e+01
-4.077307931428562071e+00
2.725698546593725169e+01
-4.344975702452572364e+00
-4.425883283450520622e+01
-1.801740466088012482e+01
-1.179805008439504910e+01
-3.457610738585720611e+01
-1.826196217118678078e+01
5.409853862210008302e+00
-1.838719076086706750e+01
2.435101158936870291e+01
3.472227630923642749e+01
1.282234305859337731e-01
-5.463537064266184018e+00
-1.506704072061245370e+01
-4.644411177710416894e+01
-2.608803659726063984e+01
-1.190781203936028376e+01
-2.775062457772391866e+01
-1.087482456392996610e+01
7.927312512759058905e+00
7.308031306630180524e+00
9.331723981102735266e+00
-2.892842927111286322e+00
3.128368350248591412e+01
-2.539500571159714326e+01
3.456919613285501924e+01
-1.555610521429012794e+00
9.990776526129845792e+00
-2.121840867700677435e+01
-1.309154548700531961e+01
-3.319977286211814871e+00
2.719327030380870980e+01
-4.651302036351717817e+01
-2.499018422097276115e+01
-2.955711584418614279e+01
-2.708161033143179708e+01
-8.507037920730230240e+00
1.395342207648858235e+01
-1.528942281720502194e+01
-3.080912775947922810e+01
-1.440794951290776105e+01
6.638825347574135094e+01
-2.005232888141607006e+01
-1.897264277435951030e+01
-3.758543307105745868e+01
-3.064277179386216243e+00
5.061232888662837714e-01
1.307131858991097850e+01
7.458284254095408627e+00
-2.692248391647418160e+01
-4.488006916180607675e+01
1.133959258863403186e+01
-2.142431442080951598e+01
-1.830811768823119934e+01
-4.622603044293730257e+00
5.301786434481662269e+01
-1.282810181240423120e+01
-1.867520418576702923e+01
6.909894804861356654e+00
4.646182267010300571e+00
-7.598895554583970480e+00
7.003165948410187802e+00
-2.544851790154446292e+00
-4.747857399927917221e-01
-3.116493469905824210e+00
3.023372310921076433e+01
2.208240245114506095e+01
-5.059552590404020833e+01
-7.234413376130938822e+00
-2.907048953890825516e+01
1.647496508424962425e+00
-1.512497592764153964e+01
3.387557256555203367e+01
7.687048462450379205e+00
5.881183165829243720e+00
-7.218665178533566262e+00
1.506472558997428024e+01
9.980272225136754827e+00
-1.680443143002122497e+01
9.484454731420399298e+00
-5.853830456854013375e-01
-3.558753255845965668e+01
2.645875605959074228e+00
-2.355769146525737323e+00
2.637168008694712995e+01
-2.970181712641183935e+01
4.388285804917822475e+01
-9.287171344427731512e-01
-8.752781670566365690e+00
2.246192388954585795e+01
5.484343178577178790e+00
-2.713886556004504058e+01
1.778613820391612421e+01
1.101152370494584254e+01
6.751454003968685669e+00
8.927782903737913500e+00
-1.708728944427450003e+01
-1.349939565645497197e+01
2.113995686679167108e+01
8.601358078953388997e+00
-1.529671982313505474e+01
-2.366190164473382396e+01
-2.902857830821435670e+01
-1.621543997643349044e+01
-2.807447426705558158e+01
-1.087442185469869749e+01
8.715708134497115012e+00
-1.465327349848404381e+01
2.710086316507409876e+01
-2.046087718466579730e+01
2.242294472484229573e+01
7.182201572100242792e+00
-2.640142249958768517e+01
9.118030601046729799e+00
5.857734711241590730e+01
3.233013594505130595e+00
9.051771646660714765e+00
2.259844292932644549e-01
-3.779920033968222270e+01
4.153587016590813974e-01
7.079863096274449319e+00
-2.899154594971603061e+01
-9.350756378358312526e-01
-6.195216493247784229e+00
3.652057367822344247e+01
4.086102776125988711e+00
-8.629794623339286375e+00
-1.393303608253726722e+01
-1.658464114747684448e+01
2.738897509716477607e+00
7.483811516889170790e+00
-4.369280237064056216e+00
-8.675202280827461365e+00
-1.797444407799862631e+01
1.121056481645929104e+01
6.481365364206203239e+00
1.546115598183523332e+01
3.176265661056987710e+01
-7.083128832664332464e+00
1.600037228089906804e+01
-1.607328887194118394e+01
1.383861115285215071e+01
1.229102354660728125e+01
-2.859567961215027410e+01
5.046843123422170230e+00
-2.934144790502808320e+01
-1.575222494772003756e+01
-1.831590514550523707e+01
-3.487816539100655433e+01
-7.701412872259985498e+00
2.952876347809933222e+01
6.345386514212094653e+00
-3.638898150946305421e+00
-1.264603684177350917e+00
1.780081338601737073e+01
1.404622988116687665e+01
2.695962764460246319e+01
8.612719688359833370e+00
1.186004272695330464e+01
-4.869820939581794050e+01
-1.704916432972025575e+01
1.567688439733719896e+01
-1.612500944828150296e+01
4.879496760344276041e+00
2.042319175427565625e+01
-3.513930451804105104e+01
7.288402187172459357e+00
-6.910964970442144306e+00
-1.763498740208523685e+01
-7.730622212193878795e+00
3.619308040759555922e+00
5.093387592916720052e+00
1.739650070392117698e+01
-4.198537402058670764e-01
2.848607589228610593e+01
-1.835286352558850353e+01
-9.327006528451377676e+00
1.208396789658423920e+01
-2.075915342065024483e-01
-1.286090799653578287e+01
2.793576016206203327e+00
2.812355566901262804e+01
-1.248203392215791752e+01
1.269666174408415316e+01
-8.617558568464616542e+00
1.609251132714050669e+01
-1.493673194938291537e+01
2.336818311542191395e+01
3.776871030772108284e+00
-1.046777410250752283e+01
1.328069138653106229e+01
-2.382497186822924462e+01
-3.204904255378578259e+00
-1.580906247274691090e+01
-3.897687563669309796e+00
4.242098600463527269e+00
4.784044094624401566e+01
-1.462807551525066474e+00
-2.000953971486175220e+01
1.191850052786065639e+01
6.433822946516557728e+00
-9.018948513163103087e+00
-3.205054098107135729e+01
2.797849176725948439e+01
-2.856804039318323163e+01
7.002440399126699688e+00
-1.949725524470790816e+01
-3.223865418971421093e-01
-2.916806390638565505e-02
1.541608394638967994e+01
-1.255485317166532866e+01
-1.586957565844068974e+01
-6.497372135177722718e+00
-7.181613406423740464e+00
-7.951560930580992448e+00
-8.448966814620236576e+00
-3.296096394679977948e+01
-6.438972972220318169e-01
1.095590195021254054e+01
2.189878275219386339e+01
-2.558134246793811784e+01
-2.379531411224430926e+01
2.097910681773284836e+01
-1.697841436792576886e+01
9.711661651832200093e+00
3.135262481680729962e+01
2.377848342261621895e+01
9.586752085740675611e+00
9.661130903495891431e+00
-1.403597281359395232e+01
-1.278811017240573555e+01
2.757948659646187650e+01
-9.514692937034954667e+00
-1.007864150806370063e+01
2.549277814077021276e+01
-8.255099716019199008e+00
-4.221492674292759517e+01
2.092756930579813357e+01
-3.099158081235226092e+01
1.613611361735002747e+00
2.476748076913475316e+01
5.219110397491882658e+00
-1.084504339350659929e+00
-3.670400606319819126e+00
1.348831751896027953e+01
-2.262677996322428609e+00
2.404204606114321763e+01
1.963351152484958817e+01
-3.685743788041855140e+01
-2.370447493024787633e+01
-2.012052717890144748e+01
2.994874536536066856e+01
9.217097315032322769e+00
1.768708225235677167e+00
-2.772145000782831303e+01
-1.486721801171629309e+01
1.843776507317233637e+00
-1.571875935521510392e+01
-2.246364743968166522e+01
-9.261126085956618681e+00
-2.523562147797956001e+01
-2.196349686937351464e+01
-1.298130166636995142e+01
1.180957362756219986e+01
1.799697305665946345e+01
-2.447665234266984768e+01
2.069138738738991989e+01
-1.376799620807598101e+00
-3.265676269058208625e+00
-2.144347624439480882e+01
2.666608724108715123e+01
-7.964828952497722270e+00
-1.556675616634621662e+01
-1.708803523780646572e+01
-1.790169066264364162e+01
-8.233765304405815666e-01
5.008386262085014806e+00
1.693679015902032248e+01
-5.955654536844087232e+01
1.417741041778856648e+01
-2.005061996593810392e+01
-2.558519237977822058e+01
-3.804489302508167015e+01
1.929583040044707332e+01
-3.330736657443976867e+01
-3.127726670534520537e+01
1.232442062969870733e+01
1.029567014049649565e+01
1.616177807323221582e+00
3.369781024157696692e+01
-2.780962891152839944e+01
-3.595800506099641325e+01
-2.872393625486672875e+01
3.167008904782308676e+01
-4.493479923026820977e+00
-4.381248665026644318e+01
-1.179022114789458797e+01
3.472091521590812846e+01
-3.658566480370609497e+01
-2.863748146577896136e+01
-1.863757640093300694e+00
-3.908147435797155111e+01
-3.159658573308293228e+01
5.956745432510333949e+00
1.112606619827761989e+00
-1.326050183912670910e+01
-2.537321633411043109e+00
-2.454940874988447064e+01
1.578608623570598013e+01
-1.352455190824939102e+01
-2.897986767407629394e+00
1.217807528431698749e+01
9.662345366768628097e+00
2.402212600856147517e+01
1.057525298157412230e+01
-1.248037937162526312e+00
-1.582566440028294252e+01
-3.791659385936869242e+00
2.441178384454474326e+01
1.166961648474910085e+01
7.917852927318772771e+00
-1.792739276701249551e+01
-4.591679366989346534e+01
1.714641831769343483e+01
1.645003572103797551e-01
2.973482970414872284e+01
-1.091670799641815570e+01
-2.968844619151846231e+01
4.198487290795657145e+01
-1.738177067302031986e+01
-4.674648935018515772e+01
-5.174314171880491386e+01
-1.995808296876875687e+01
-1.167031780182032108e+01
-8.653951202923312991e+00
-3.708406668894932778e+01
7.912087983063758045e-01
-7.737473695430724163e+00
1.421505373517853776e+01
3.318206299551258898e+00
-2.467692803131414081e+01
1.878147625866556680e+01
1.124770366598801630e+01
5.162592972615763998e+00
-1.668738286584370556e+01
6.166678886782702484e+00
-4.486980522477264088e+01
2.109039887292520277e+01
-1.929520654481147801e+01
4.658503590091249258e+00
-1.909246534526517891e+01
-2.716521536432660611e+01
-1.020776682924344492e+01
-8.427049083461422896e+00
-1.945761246226233609e+01
2.448057739049575687e+00
-3.145023816857500520e+01
-1.010621540260970441e+01
-4.009957539686294581e+01
-2.027754070559010557e+01
1.383772779072054959e+01
1.532413076376440486e+01
3.245878082051162572e+00
-2.396551895697398038e+01
-1.253971824893083031e+01
2.449021552095976872e+01
-1.744952103530891918e+01
-1.024796759631701804e+01
-7.383886027655348627e+00
3.498930360882925328e+01
1.028516993454000250e+01
-3.488195609512178663e+01
1.164550234264556039e+01
-5.957875976530979223e+00
1.316521806410456463e+01
-1.884348235818119832e+01
7.949473527527191941e+00
3.042496428189735624e+01
-3.288364817431329357e+01
-1.699214328725309286e+01
-3.114978937521130309e+00
-1.096042584904827866e+00
-1.934435163619092890e+01
1.172104135262956603e+01
-1.148915798407046296e+01
-4.057846795765720493e+00
3.821063682180359677e+01
-2.837137912126755257e+00
-2.293038447827574799e+01
-3.056593135552180485e+01
8.225647704792008241e+00
2.493022117331005205e+01
1.630332003782071126e+01
1.442672729578006674e+01
1.290910538207469749e+01
-1.696596212454590358e+01
-1.493781361096309723e+01
2.025394677787973663e+01
3.393142856496984905e+01
2.053091050806817819e+01
7.060797590093752518e+00
-6.211354633548960891e+00
2.183016392228920566e+01
1.769856065736163586e+01
-1.554944117361911538e+01
4.147346281740702523e+01
-3.213855309484402234e+00
-4.138089973989332293e+01
1.563155280745754538e+01
-1.032866836845111536e+01
-8.450325978424460871e+00
-2.997711682273842371e+01
3.758216339087677049e+00
-1.068374876850522170e+01
-3.324990625008184963e+01
-1.585527676582008993e+01
-1.702201508712995748e-02
2.029921131287544611e+01
2.097245932517273914e+01
-2.430521642211446931e+01
-2.061232745278405787e+01
-2.601428660350747890e+01
1.627103332618220577e+01
2.515274688522564084e+00
1.498520060362907991e+01
1.767988411735820975e+01
-3.464176957083795116e+01
2.296255042116292344e+01
2.467623965509615758e+01
-1.168754848058798856e+01
1.312013947181544715e+01
-5.886427240510386127e+00
-1.754193457620782937e+01
-1.913432120105464307e+01
4.143513327378714806e+00
-2.801858136068599592e+01
1.015758928619504431e+01
2.560233064208722453e+01
-7.830410857158272009e+00
-1.898711400337495547e+01
-3.361481874956189841e+01
5.248742178661805369e+00
2.891927650474065459e+01
2.789371018384292356e+01
2.399560331556768844e+01
5.219390339870879814e+01
8.003083038672468064e+00
-1.311037494483347565e+01
5.584233037997126559e+00
3.568331460746980355e+01
-3.141112424686207305e+01
-3.765811133184805470e+01
9.733584525442797286e+00
8.777865431113854200e+00
3.585881103165136352e+01
-2.199346773793985221e+01
4.098003622288525349e+01
3.315724714601454082e+01
-2.377601497940793962e+01
7.415361692225984847e+00
1.721056355677818672e+01
2.893640813401732181e+00
-1.004767016364716348e+01
1.951739484432262728e+01
-2.836386795605883293e+01
2.175674843188389218e+01
-4.363648257373702677e+01
2.148020582611529861e+01
1.293475218505162871e+01
4.399284760204196942e+01
-6.024238868923032619e+00
2.743325915622270017e+01
-2.021689970513168078e+01
3.682212858981770864e+00
3.317156080199907819e+01
-1.436961024580376467e+01
-1.646325383095920714e+01
-1.044630501723691651e+01
4.235138560143447961e+01
-1.201105734251415758e+00
-4.190860917908445771e+01
4.746165664254036898e+01
-5.750037343422928160e+01
4.586863341354456836e+00
-2.585366698304089716e+00
7.544137295858951431e-01
-2.240734595633931736e+00
8.565947338370405006e+00
-1.164252389945563770e+01
1.943346056697272317e+01
1.346384433174072548e+01
9.106945120317703868e+00
1.824267590682139684e+01
2.691287869581096448e+00
6.883501365361102131e-01
-1.018596614144761325e+01
2.279619331602446763e+01
-1.595988185746685772e+01
-5.814178561634481213e+00
-8.443528317649912296e+00
3.546682376667713577e+00
-3.254251355879289065e+01
-7.275907590561195626e+00
-5.233155148658179101e+00
-2.741362298556336174e+00
-1.374040175571651368e+01
1.314105153172789109e+01
-5.575093795168273303e-01
-2.711387742287970326e+01
-2.485133589089541850e+00
-5.687892908191255259e+00
8.657553988575342530e+00
2.121093706008454038e+00
9.334778325387871334e-02
-5.188199449069594849e-01
1.832916864210745445e+01
-7.222638967132945176e+00
6.011906982149980649e+00
2.181155464369706110e+01
5.536466348010158356e+00
2.298613536334904506e+00
7.106425239381872316e+00
3.523398550335090817e+01
3.794600933591769643e+00
1.324102164220548339e+01
2.368283065952731192e+01
-8.710862646857025382e+00
-2.767625212249028976e+01
2.556528333445204737e+01
5.708074883003185995e+00
-2.426001391969597876e+01
-2.028444983604315510e+01
-4.520077778768249566e+00
-4.589082383627447470e+00
2.070724527819443850e+01
1.116407377115579358e+01
-3.601523416271663791e+01
-1.729170760392580775e+01
-1.420670634562738144e+01
-5.317380414101645414e+01
-2.082803275486903871e+01
-1.013544742525295383e+01
-4.823699874136940124e+00
1.717267640116346428e+01
8.066665149120961775e-01
-1.176670977009901264e+01
6.186093134688091411e+00
-2.097201772679205334e+01
1.756403585144273638e+00
-9.711719103662778352e+00
2.014102367464048271e+01
2.628653988716240519e+01
4.604982303825302381e-01
1.237178694734380358e+01
5.606967861437968992e+01
-3.084766969127115566e+00
-2.645040166898549927e+01
-1.115188653906879424e+01
1.283787809302694072e+01
-2.047795185390722139e+00
-2.073013396802462438e+01
-8.387120087241648037e+00
2.748060985679133594e+00
1.314641077687340420e+01
7.306075885263500602e+00
-1.346504216550606969e+01
-7.787070531556601338e+00
-1.170555044792708976e+01
8.592600589296528923e+00
-2.560378590590217129e+01
2.812365786905151044e+00
-6.142600564391436535e+00
-2.264022314712987338e+01
-3.060914950285625480e+01
9.554525599919998058e+00
-7.395237584904398531e+00
2.320917214798495465e+01
1.232579363832590147e+01
1.623536242077487657e+01
-6.749998443160881934e+00
-6.995765084665044320e+00
-3.589305333975033818e+01
5.495483126070666025e+00
4.988010877426862777e+00
1.187724038466338605e+01
2.486584996641164125e+01
2.308055626813107608e+01
6.770972920878278956e+00
-2.560018617178130285e+00
-2.080760792134655190e+01
1.900151231420805686e+01
1.017130064518909371e+01
-3.602175182069280446e+00
-3.000385550766592502e+01
1.382677711291185751e+01
-3.314344525200480263e+01
1.327644820541541115e+01
8.246692596686086674e+00
1.383652573868463698e+01
3.044939837555183004e+01
-2.940957270184707895e+01
1.711937592252525064e+01
7.114110833488688890e+00
-2.104493773016697133e+01
-8.430611491438662952e+00
-7.550803334895996421e+00
1.622265295153003706e+01
5.039325161772493900e+00
2.535433326546036525e+01
2.368298938401251164e+00
1.060531981902835597e+01
-4.862359184472761164e+00
4.609723758994764609e+00
7.821594814637114368e+00
-3.854445828483012537e+00
3.136326576523683585e+01
-2.418507587358237565e+00
-1.544548512409989138e+00
5.194642993329013692e+00
2.045144724038821238e+01
8.097023962302536404e+00
2.325128152613030963e+01
-5.974968789059078134e+00
3.284306431158732220e+00
7.039810119617483153e+00
-1.562321779834736635e+00
3.581826543209199087e+01
4.957376726884662688e+00
-1.651157165268561400e+01
-6.428681278194830817e+00
1.465515897889483554e+00
1.755096590118391831e+01
2.969655876923007654e+01
-4.495677996411662036e+01
-1.664311653423057180e+01
-2.522714010756985203e+01
-7.012136556664624543e+00
-1.747849164204693295e+01
-2.157027883003897983e+01
1.814679873248236674e+01
-2.554956597480783032e+01
1.317492648789833076e-01
1.942239263057305010e+01
-2.226012116243098582e+00
-4.997878928131054721e+00
-1.542387775869290545e-01
-2.819870079862794299e+01
1.475351504539794512e+01
-3.979628596522810646e+00
3.795319957288118928e+01
-2.357384133988587482e+00
-1.836836338807864877e+01
-1.895349271938147240e+01
2.906175555984707870e+01
-1.162108877696288545e+01
5.025998895353676943e+00
1.096372168751348397e+01
-3.797185725243271470e+00
-5.128732430583387014e-01
6.616263238360788002e+00
-1.431657574072930750e+01
-4.755646430173884198e+01
1.109868522436908922e+00
1.940408686021911322e+01
8.365342525729372980e+00
2.414965599863760914e-02
2.218526240738338728e+01
1.006115430107188402e+01
-2.370642223664623849e+00
8.597301624524321895e+00
-5.478785140712855650e+01
-1.299009285886125831e+01
-1.326261712969678896e+01
1.702165625237688928e+01
2.040287692152729093e+01
-3.369842641550401652e+01
-1.732198369331179322e+01
1.653496771374453900e+01
1.315718892674576779e+01
-6.410333799256884291e+00
-2.113191341294926673e+01
3.527161383542308215e+01
1.033080508115916452e+01
6.227381589374227921e+00
2.724763205370612340e+01
-2.102402173383549311e+01
-1.358085250239793851e+01
1.883484647518736210e+01
1.694685563187130040e+00
-1.798005225588631362e+01
-1.415157568940581090e+00
1.658441390504787449e+01
1.790860942940758704e+01
6.540217130695031855e-01
-4.052096038556349811e+00
-7.804429736810382323e+00
-5.956133719742076060e+00
-1.196203769704392528e+01
6.004638878777602606e+00
-2.465251001569066958e+01
5.066235840799794943e+01
1.521207874902964274e+00
4.638007808254204889e+01
-4.725943950890980716e+01
-2.049006065688088185e+01
-1.912413680676701366e+00
-3.790712417714618709e+01
8.675322478537934145e+00
-1.483569491604577273e+01
-7.557847910326008778e-01
-4.784454807449511904e+00
-4.372177516540868680e+01
-3.212914069182246379e+01
-1.473402670646238910e+01
3.402318616872688217e-01
-2.141885073731626932e+01
1.330159941022098913e+01
5.155723376228131372e+00
4.076280007698773744e+01
-2.805156675748460771e+01
-1.621959731144365335e+01
6.280095851944843766e+00
-9.950987091211354496e+00
1.398256467643336265e+01
2.005401561388383769e+01
2.976938399021475234e+01
-8.815382865872900098e+00
2.453869956910227046e+01
9.256004045577226336e-02
-5.239972677664813716e+01
2.261593159914286844e+01
1.897825256888654266e+01
8.471110536015464376e+00
4.994330484028188266e+01
3.589807736261009907e+00
7.922413410754624685e+00
7.456584904485792364e+00
-2.259136257458684938e+01
2.599301395114087398e+01
-6.346822578265486570e+00
6.514439991618021786e+00
5.371064378376631865e+00
-1.967714898257776213e+01
1.544849440714555833e+01
3.774590698126258026e+00
1.464447966676170942e+01
-2.798657891799958719e+01
-3.544193650684912456e+01
1.398880869488155376e+01
-1.311168491211534715e+01
-4.208382637822726480e+01
-9.500626558464112748e+00
-1.420950062410531789e+00
-1.341951819582336114e+01
-5.660840795598620190e+00
-3.700126494217217754e+01
2.120257323956540674e+01
3.906659055496357524e+01
-3.926660675199722839e+00
1.923628918629843199e+01
-2.555715659553831998e+01
-6.584992891069939347e+00
1.204316371830650745e+01
3.350270003500891391e+01
-1.810410371457955137e+01
-4.459229410249688641e+01
5.338466226281627769e+01
-4.401820440094127918e+01
-2.795481542979032952e+01
-2.776277885016211044e+01
-1.304923866960050916e+01
-1.017952326961846410e+01
-1.751380161549588976e+01
-2.097163772626573675e+01
9.964022611529719242e-01
4.065045317830529825e+01
2.605173079029436778e+01
-5.040428092410663652e+01
1.217762349864452531e+01
7.918298988167707719e+00
2.228560641048580493e+01
4.432114077068806779e+00
-1.867952774308440311e+01
2.956868116547051173e+01
-2.037317279669681902e+00
6.501475415159028159e+00
-1.788587228604184176e+01
5.432536272374568043e+00
-1.221382194977281266e+01
1.348243038557141205e+01
-3.167673193972367329e+01
4.138290429684322191e+01
1.447002769404106104e+01
2.790227905440604772e+01
2.544478183423953510e+01
-2.500611726717191896e+00
-2.347213530645856139e+01
-4.711387668811057239e+01
-1.758415945851980666e+01
1.074299604194283608e+00
1.100830326431692896e+01
3.960380750135119143e+01
1.240209566217586534e+01
-2.049650276088622647e+01
4.290336469543412079e+00
2.521188082095086003e+01
8.318921582431350714e+00
-1.443358064818976061e+01
4.313382095967745045e+01
-2.766222628766791658e+01
1.855432488005531733e-01
-7.264579553744750839e+00
-2.969065111172605853e+01
-2.937476405408625624e+01
3.263930665777978390e+01
-2.826693036737379217e+01
-3.982249726297334647e+00
7.729788350810535391e+00
-3.686999414851694912e-01
1.480428701258694879e+01
3.153908706746227697e+00
1.635158428614536064e+01
4.415989313161431795e+01
7.247718997489053905e+00
1.567322177249702619e+01
-2.314158910151208204e+01
1.745018731223662201e+01
3.497497534085871163e+00
5.214306393884353952e+01
-1.733461949352986409e+01
1.391723099979179956e+01
2.308518722372186005e+01
-7.929610348590436786e+00
6.244614286530081770e+00
-2.301511494399785462e+01
-3.258530863577335879e+01
4.119564727312027053e+00
1.061636209801487496e+01
-3.600149872737609336e+00
-1.107631984900061006e+01
-5.172191519092508116e+01
1.161085370703784037e+00
-1.926122510020330125e+01
-2.212445615964925238e+01
7.307929397028859242e+00
1.771265166401269653e+01
1.191862228248787403e+01
-3.788337450030040543e+01
3.040239907134290043e-01
-6.165760970536083185e+00
1.970692780275218770e+00
2.703356003636463001e+01
4.353710222413945274e+01
2.736127533341750961e+01
-6.148173349327555215e+00
-2.812105019841280473e+00
-3.088714107274306730e+00
3.042669789985075113e+01
1.709626856455129840e+01
-3.861324499664000598e+01
4.911888562961369331e+00
2.641955697851379181e+00
-2.065753895431505782e-01
-4.035332445808007762e+00
1.765817172047718486e+01
2.143934474143599189e+01
1.298430899166070951e+01
1.480165630939615973e+01
2.980201146726824390e+01
-1.111988149767966405e+01
-2.679042565324454728e+01
3.885058383087482525e+00
-2.656117488310775698e+01
2.820704939108574649e+01
8.612466502454021011e+00
-1.049503540388895395e+01
-8.205197527526962631e+00
2.493680161640794424e+01
1.861968882715274987e+01
-5.139426478174869750e+00
9.714496126145228061e+00
-2.395347479274982927e+00
9.804427943773516674e+00
-1.938151100309609021e+01
4.647937021203270902e+00
7.945866189076323138e+00
-1.967318680731394309e+01
-5.022305278698082631e+00
1.474571673771195890e+01
-1.033989628897611368e+01
3.635618820641475679e+00
-6.876174727800956177e+00
2.979127005392361127e+01
-5.268073800566597242e-02
-1.719205817112471024e+01
2.417547908926962918e+01
-1.397113536884694973e+00
-2.738076046802921226e+01
-1.936254859863088740e+01
-5.676630876166063189e+01
7.667349390752955962e+00
-3.044025204575991683e+00
9.507022003235187313e+00
8.127843349559165986e+00
5.886096891260045538e+00
8.873877326055335857e+00
-2.800146045513209359e+01
1.471191875494826462e+01
-1.730913785244893788e+01
-2.180882955462455186e+01
3.569704844699661095e+01
-1.550680311090131624e+01
-9.722665840789895597e+00
1.498485298670553156e+01
-2.280716872829503572e+01
2.000383538252914661e+01
1.618736977893034990e+01
2.962959517721790093e+01
1.889253238988159822e+01
4.939747958067166600e+00
-1.812448656824954796e+01
6.865072185935078508e+00
-4.159002803689769223e+01
8.944867371987630378e+00
-2.235786452567881000e+01
2.291875052495406351e+01
1.226914722702994176e+01
-1.887349910496057248e+01
3.402822787728673148e+01
-3.135595463486012591e+01
-5.132476357742041273e+01
1.205525068999699734e+01
8.357812018408946386e+00
2.638506446030707409e+01
8.507559144647951044e+00
3.817357975963978856e+00
-1.585496590158486718e+01
-8.641141516403815004e+00
3.084142719207260441e+01
-1.937616993732449089e+01
-3.836387140839579990e-01
-1.131597404267998108e+01
7.355873031977367305e+00
-6.884989270972978304e+00
1.440607079659003276e+01
2.752084701488251994e+01
1.075027329344564109e+01
5.770925570830031104e-01
-7.350664082272737154e+00
2.836589470676167934e+01
2.611527193814757197e+01
-9.200843521117832324e+00
-1.662045254608535672e+01
-3.669833636544407796e+01
1.886441070737851433e+01
-3.169907136430310857e+01
2.820317098420007795e+01
-4.488106440011106812e+00
3.406136531087246055e+01
-2.336749840122224597e+01
-2.828939661424858798e+01
3.346127223906551507e+01
-5.174646695549167674e-01
-2.526169781303897821e+01
-2.902714200039115156e+01
-2.133491143357768038e+01
-2.033560493650595191e+01
1.470920389770524572e+01
-4.374520355302227159e+00
-1.941899936986609987e+01
-2.996826279930604997e+01
-2.060510765728611204e+01
-5.300132429259726052e+00
-2.903192951793676713e+01
