-1.370676089390562424e+01
1.845165040513480070e+00
2.547630694826894082e+00
2.766917317210397798e+00
-1.909423276029118810e+01
-4.430392965516182002e+00
-1.454860750137904191e+01
-1.748952015583175035e+00
-8.740969566133998114e+00
-9.485221733860784710e+00
2.509497718760102636e+00
3.548234612677787503e+00
-6.263544540479340839e+00
-4.486798143808693240e+00
6.071176047010608201e+00
1.144851518300842486e+01
1.381699625889569205e+01
1.356802295845610118e+01
-8.221346585959690145e+00
-1.717761050461893291e+01
-3.496246058177961658e+01
1.690450281458485904e+01
-1.412956658526465148e+01
-5.921213451198148903e+00
-2.763010380773253161e+01
2.116479618063176105e+01
-3.818271786059985184e-01
6.790545143856533628e+00
-1.085943876569083955e+01
1.548423139625374212e+01
-1.902230403851294227e+01
-7.376449318124310039e+00
3.035877033347799525e+01
4.306748650256731814e+00
3.438371439387871931e+00
1.776503051410783840e+01
1.290750502573503056e+01
-2.027979628658475164e+01
4.955177990902696616e-01
-3.995272926886582754e-01
3.431020789073585320e+00
-7.553887880370242058e+00
-1.117080316740612034e+01
-1.431247394074969037e+01
2.605357392703234609e+01
-9.919209555008411172e+00
-5.120835263266124926e+00
8.828088314828473671e+00
-1.622129995324527840e+01
-7.539144681667075076e+00
1.090766693288482614e+01
7.105427674587076581e+00
9.156513895166551009e+00
1.749893341800736124e+01
-1.783964372282206057e+01
1.176104570852054110e+01
-7.777153895184748755e+00
-2.321548759653375882e+01
-1.010844679288673831e+00
-8.361139029969216097e+00
2.943152860833507134e+00
4.097538967939081900e+00
-1.460364061786085799e+00
2.786851643790471122e+00
1.145458207609497947e+01
-7.165269821502363357e+00
-5.979654732062742895e+00
4.186536064961011938e+00
2.501996074488229693e-01
4.186891076442872617e+00
8.964652564730139161e+00
2.108019312266809386e+00
6.479464508896411346e+00
8.721776445403037314e+00
-4.120759765412398856e+00
6.898597064297373294e+00
3.482322237295841205e+01
4.748868557266367141e+00
1.064651692159742602e+01
1.009643352151632456e+01
9.785788443753725474e+00
-1.657196185226575125e+01
1.799354173180343741e+00
7.478479214652192120e+00
1.288851201121750734e+01
-9.694225864184911501e+00
-1.155402535509486572e+00
-1.115463236126350210e+01
4.067256589932298994e+00
1.046665105966017961e+01
8.904492656796522354e+00
-1.002291745173215709e+01
-4.143247934875559757e+00
1.610927003240988498e+01
7.003129645887170796e+00
2.978157280732138190e+01
-1.220120537345216150e+01
-1.802883305258224933e+00
-8.536441531844978670e+00
2.777254805718690989e+00
-6.889021004100014167e+00
-4.486108421990440576e+00
-2.277966821190464231e+01
-6.640559418200451702e+00
5.700809803048884739e+00
-1.337050331410827297e+00
6.984725828243623091e-01
-5.627194899746138290e+00
-1.419906710678045769e+01
2.750924395695802005e+01
-2.392015041946688569e+01
-7.648931570030647720e+00
-1.955857336488252329e+01
-1.470887214485965266e+01
1.853781935459423025e+01
5.997751606861442042e+00
1.927986982311832875e+01
4.699988328481820687e+00
-9.832256063935057577e-02
-5.113266095471531436e+00
-1.565366083687417031e+01
3.510021941921213529e+00
-1.402999480029079926e+01
-7.076836596079122188e+00
-8.079202511858863289e+00
2.613415976223955606e-01
9.549342290644998954e+00
9.564972788329800579e+00
-1.977697935488280478e+01
-1.501755422286365516e+01
-1.402382602262681033e+01
-6.959680097166769386e+00
8.556077897460325765e-01
-1.037780547609627213e+01
-8.702825254696968216e+00
-2.013242669528358952e+00
-1.126823059317239739e+01
-1.306243650076223517e+01
1.914520088839428524e+01
-8.941931947023602945e+00
7.322554411256485096e+00
-1.601527343944315263e+01
3.357219547857506647e+00
-5.126718980172932483e+00
9.616333492125821891e+00
1.028763524069593771e+01
2.182246121324972421e+00
-1.382261768295952464e+01
9.486633482778641380e+00
-3.208657081258099897e+00
-2.410334833250511011e+01
-1.021087956166689281e+01
4.433639278387017657e-01
-2.758116349889787600e-01
-9.823864145712438045e+00
8.851899695914909882e-01
-1.647510009593184321e+01
7.281647371919789613e+00
1.055299990831836610e+01
-5.174403736568571333e+00
-6.482376761983847935e+00
-1.736306922021398691e+01
-1.280336227036646335e+01
1.247599627288128588e+01
6.967570843523310131e+00
-1.046909314043111294e+01
4.834554131575012015e+00
1.197443275717608202e+01
1.791283782758445353e+00
-2.161886071985071567e+01
-1.715394154800697279e+01
-8.599991399459616659e-02
-1.614863442149801376e+00
1.176813389759672823e+01
4.859498004116443504e+00
-2.644542483930971599e+01
7.300552301907361041e+00
-7.361920707685673193e+00
-2.073050480162454434e+01
-6.564559556835432019e-01
-1.773085251553649755e+01
1.310961147821534212e+01
8.033592115262152333e+00
8.447089978105363883e+00
1.468904727709551494e+01
-1.208047211558649359e+01
-6.007771355833410709e+00
4.731178690933134590e+00
-4.352087843888738483e+00
-4.618835782569867376e+00
-2.651770777659418954e+01
-5.466017013103042110e+00
-1.645881258271669978e+01
1.210868424109148833e+01
3.855095410200712003e+00
1.329688268213477542e+01
1.251291408998480925e+01
1.382164989685369605e+00
2.670663528296937095e+00
-5.870598191521930076e+00
1.511470521001357881e+01
1.871058498070616594e+01
-2.168472135853065197e+01
2.935937048740183464e+00
-6.449312116562448516e+00
1.281485717415122139e+01
2.670384632947832415e+01
-8.465927534251161291e+00
-5.201516978008939418e+00
-4.968459315732317805e+00
-2.978694808868715072e+01
-8.448703557937360387e+00
1.213545550712358612e+01
-1.547069028666949286e+00
1.447710672962011635e+01
-3.386882726236721375e+00
-2.670636920440492279e+00
-9.645963467981786721e+00
-2.013485850450064785e+00
-2.082410288157132072e+01
2.466711149231277656e+00
5.832989193865362409e+00
-1.524614047160188690e+01
2.384356711114634375e-01
-6.584943841042677271e+00
1.991438479909346171e+01
-4.130700802293426399e+00
1.160611212244305079e+01
1.524504403470615976e+01
1.680294778624746144e+01
1.394177937731056183e+01
-7.182469290022086561e-01
1.135375845644137627e+01
-2.818453084576098888e+00
-1.028419170158685958e+01
-4.155985674716748512e+00
-9.955868355703827888e+00
-1.678931732585003545e+01
-2.490481938676539109e+00
1.049872688378216523e+01
-1.375572236175866081e+01
-7.840474344955481456e+00
1.956598692453309241e+01
9.054337522448072662e+00
1.202901360671863529e+01
1.606528990135756629e+01
1.358210583565008811e+01
1.507015771275766802e+00
2.476209214548235060e+00
-4.308540665198728803e+00
7.943093648152629527e+00
2.565945707520917551e+01
4.450438075157993723e+00
2.653714419414360037e+00
1.031922708335550354e+01
-2.303135013290091404e+00
1.963066932061564795e+00
-9.552417195134649930e+00
-7.361205199016515266e+00
2.057028948714291872e+00
1.195267310310980235e+01
2.461047588567149091e+01
3.263110172504217310e+00
4.308643350078080303e+00
1.515593822644335376e+01
-6.581147854142375131e+00
3.929514449377974117e+00
-2.128922844187717445e+01
3.979948559887605875e+00
3.142893434294509181e+00
1.140504475036401999e+01
4.466087880997052117e+00
3.691179395879285785e+00
-1.599800839909813366e+00
6.118976715666126331e+00
-1.177732004274951549e+01
1.447965673672560172e+01
-2.699000649445447308e+01
-2.520529594040326771e+01
6.736102024686884349e+00
8.345641939156823952e+00
-2.588958592344269150e+01
2.275153273840116697e+01
-1.532885916292167927e+01
-1.827814308310482261e+01
1.492162559375379161e+01
-9.468733107317516939e+00
-4.784924199691779734e+00
-1.583204184207049670e+00
4.824326361678725306e+00
2.410786263192892243e+00
1.560502757328378465e+01
4.582103400918636105e+00
-3.374204356093684076e+00
1.107972076213715695e+01
2.521360015459006831e+01
7.456394566266533630e+00
4.067456502184415790e+00
-6.898430955986766477e+00
-8.857204555330749685e+00
9.865016601074252378e-01
5.988148860719654465e+00
1.046092967888330838e+00
1.567987370566796912e+01
-3.056744869145463728e+00
-5.729993608922777426e+00
-2.770044444963779107e+00
-2.206147072769756079e+01
-7.118931794955711823e+00
7.475441721058627920e+00
7.481159948282831706e+00
-1.806928683629519128e+01
9.177217913358351353e+00
-1.829497538460242367e+01
2.228922824981577122e+01
1.605817345150037312e+01
-8.046839119734549683e+00
-8.539788071615337373e+00
-1.950009502582132370e+01
-2.608164559338388955e+01
4.908085878798599033e+00
-2.269882128453308923e+01
-2.677129381075109293e+01
1.864383879848669423e+01
-4.560937507915285849e+00
5.297581245793258731e+00
-3.195392345337746853e+00
1.076504214279013638e+01
-6.632696755824568413e+00
-2.575394128575297259e+01
1.458746407575667803e+01
4.298551948472567830e+00
-1.719931398226000496e+01
6.644003122396969552e+00
1.520652490536772206e+00
-1.325689976390452163e+00
-1.458535181031227523e+01
7.145096461143778832e+00
-2.849728441752420594e+01
-8.662668931315573584e-01
5.943505556884019825e+00
-1.975742433300740064e+00
-2.741081136857896183e+01
8.552790908079257903e+00
-5.419458818543155587e+00
2.133482967581901590e+01
-5.382594123652880924e+00
1.715264782800570487e+01
1.886996602646742627e+00
3.446121430777087369e+01
-1.021623967615802542e+01
1.114912690807890172e+01
7.153688794557015562e+00
-1.308095959969620692e-01
-1.772242021568766290e+01
-1.124745493664650908e+01
-1.011505396363915388e+01
9.065857667844766654e-01
-1.258166176781964296e+00
-7.557966490750622768e+00
-4.272244062194801018e-01
-1.933414410394022198e+01
-2.130619410264697144e+00
3.874361203109992324e+00
-1.645228807349742439e+01
-3.024251003698709894e+01
7.427675738111155113e+00
-1.429753965479574873e+01
-2.254901865870039757e+01
3.121787967264370689e+00
-2.512631950778614964e+01
1.794351020874277225e+01
-3.200955458238240681e+00
6.801885096568286215e+00
-1.428251642100974195e+01
2.834770580114714988e+01
-1.152487866136053007e+01
1.115804338322966416e+01
6.233871070695002459e+00
1.957428815861368321e+01
-4.265558655997978121e+00
3.989848399634821963e+00
7.986251827015515836e+00
-2.075909423999032555e+01
3.056755744669595876e-01
5.496089990998797248e+00
5.370607435120395845e-01
7.510860421548605892e+00
9.809418767810782480e-01
1.413941203954745873e+01
-1.119258404784293859e+01
-2.582280083207766097e+01
-2.182770392691702810e+01
1.017507401676051160e+01
8.644153839479304935e+00
3.749759180399581115e-02
-1.203891674237059028e+01
2.018905106890975532e+01
-9.519220409344459455e+00
-3.471627177972745670e+00
1.784035033856196861e+01
6.351420902418452030e+00
4.092948334308883496e+00
2.120617839068971477e+01
-2.856023999618605980e-01
7.212261467337505172e-01
5.520866185741546417e+00
6.664545752484412944e+00
5.042267517888852080e-01
-6.077847259283322146e+00
-1.414508995692916926e+01
-2.278570655612595530e+00
-6.260412323202908524e+00
-1.278779488652249885e+00
-2.145118457636566589e+01
-2.309952364369864064e+00
-1.425778348522268679e+01
1.269985640903279478e+00
-1.034908732619382737e-01
1.326835997023694702e+01
1.755421522371234744e+01
-4.660802954255123254e+00
2.856492887942921044e+01
-2.720355887361204594e+01
6.072788013602762547e+00
-1.207559831382129634e+00
-1.069301714762284972e+00
2.856442525505612196e+01
4.799951393361275187e+00
1.546397345150569080e+01
-6.260557661923212613e+00
-4.649494084938986305e+00
1.443277392606834653e+01
-1.849201009769322113e+00
-3.063550672177930068e+01
6.663540915561600997e+00
-2.814313351735705737e+00
-1.121995040292200407e+01
6.871864624490657825e+00
-5.923443926253347591e+00
-1.802305288578664033e+01
1.478766949998538749e+01
7.755998596022971370e+00
-1.912032850160727548e+01
1.229844177693512641e+01
5.427457918072690291e+00
-1.200403494348230105e+01
-2.251681239438475757e+00
-7.757664278880799458e+00
1.153391137503327357e+01
-6.119240792127214057e+00
-1.937362640336777986e+01
3.115656434607284808e+00
9.585413419732320861e+00
1.883483136328659668e+01
5.885956989275232587e+00
-1.165459473790798128e+01
6.855199195399062972e+00
-6.662770557145414330e-02
-9.227962520923814083e+00
-9.609796216663534452e+00
-1.986935358102169147e+01
-1.951202765770875658e+01
9.056770022976363688e-01
-4.383884911690345554e+00
3.293521855654298669e+00
9.056491272256440794e+00
-1.213236497377315892e+01
1.154494076930952318e+01
-1.686001107950126254e+01
-4.487217577659790457e+00
8.072365128827387437e+00
2.451714687062471754e+00
-4.135422609300684726e+00
1.616927052058649394e+01
-7.644000720136466143e+00
8.338595391100678711e+00
5.831019211591991436e+00
-1.442896576793487284e+01
-7.017393701319182497e+00
-5.194065287990178525e+00
1.350851385310956054e+01
2.025936445796481777e+01
-8.729843206584781967e+00
-1.273902615251673254e+01
7.003251853087229861e+00
8.800678073082686126e+00
1.216472553641672683e+01
-9.371945373890373077e+00
3.084974680143431236e+00
-4.513628021836277426e+00
-1.256208933790579074e+01
-5.725559220221281720e+00
-1.043852212947164304e+01
-1.937991055281762343e+01
-2.105264201101970656e+01
-2.030964722722806215e+01
-5.552032752025541029e+00
2.436449053734579984e+00
-1.373002403250660564e+01
3.265882272798840358e+00
2.338579511438597081e+01
4.206954429674638618e+01
-8.574832970955441169e+00
-3.175679792298247150e+01
-1.076938102322144175e+01
1.048059209703343342e+01
-1.326203510937854446e+01
1.487976062076171946e+00
1.693546513935456854e+00
-3.967716102325865535e+01
-2.127820043408953055e+01
-1.906597368606500087e+00
-1.263787071006614804e+00
5.488192953540801611e+00
1.227138803160845626e+01
-6.215932873261522218e+00
-1.676204675726259197e+01
1.474071081940044792e+01
-5.231296430706867895e+00
1.465948684928121537e+01
4.831619545585469133e+00
9.774011216002389091e+00
-1.056154432868435933e+01
1.065463514601144190e+01
2.090370832147405267e+01
-1.237307923999800074e+01
6.888422189104983495e+00
-1.210701560343701161e-01
-1.301819637443871969e+01
-5.037612529977179676e+00
1.314353096006333388e+01
2.156265154228270831e+01
-1.794829913852478143e+01
2.975258534715806036e+01
4.556260950850171909e+00
-1.560358509044149855e+01
-5.557174451161750461e-01
2.592909604557947389e+00
-7.519678682425729122e+00
-5.451060410856404914e+00
3.236868275003320861e+00
1.495514782499301631e+01
-1.372684258301659455e+01
-8.215870713994970487e-01
7.317742314551400895e+00
2.752879143776857873e+01
-1.841092161393996562e+01
5.976992846038661433e+00
-2.478282092393246927e+01
1.012819966762345647e+00
-8.085191185358086230e+00
1.490965439383603197e+01
-1.876033645920671233e+01
-1.083368179763407468e+01
-1.178886935817033788e+01
-1.814805168318727735e-01
-3.766377646978190885e+00
-2.713307246378864335e+00
-1.262774931230623920e+01
1.479540033187150350e+01
-1.822198449710349166e+01
7.006543500366102961e+00
-1.075718792330066442e+01
-8.533571898941796352e-01
1.329718125336882295e+01
-2.373105723189938132e+01
-2.595090696090329629e+01
-3.845156825462293426e+00
-1.276382209482108365e+01
-2.930517541653088642e+01
-1.201182666695526180e+01
-2.223608735507370149e+00
-2.508552280966691228e+01
-9.951208685392508357e+00
-6.929260149034441874e+00
2.084701374429559273e+00
-9.064673499361340703e+00
-1.277058707671040594e+01
-9.150382017945720037e+00
-9.307785859396538797e+00
-2.902118508828746357e+01
8.399917197611516784e+00
1.156242290615839785e+01
-7.252221268073302696e+00
6.078885669731130648e+00
-5.656263804231386416e+00
2.860235555060934853e+00
1.634640977962028074e+01
2.198330592959265140e+00
-2.219174399806609443e+01
1.161639918019398365e+01
8.867805055347965038e+00
2.497695347006917643e+00
2.644010216715161121e+00
3.588006635496622465e+00
4.795670866793248166e+00
-5.352576772062505484e+00
1.538846996259855082e+01
1.379015666599300083e+00
-8.083661487379430355e+00
-7.872710358194830782e+00
2.326138369877354961e+01
7.290411578209121224e+00
4.180972688617579536e+00
-1.507808690806668395e+01
1.398466195956038050e+01
1.503359153380407420e+01
6.377547270978163318e+00
1.608894506937389934e+01
2.022895969156213525e+01
8.119134539233524350e+00
1.441595921548124082e+01
2.837235743409322453e+01
-9.616022264266304020e-01
-8.073993619839193059e+00
-8.258008017870291373e-02
-6.953080010064591754e-01
8.624401857348239275e+00
-7.484289079936827793e-01
1.806807770165876903e+00
-1.240128204149919888e+01
-2.149351572639562846e+01
2.269750685878097940e+01
-9.079736634574270937e+00
1.070925434352503913e+01
1.141116032097097666e+01
-1.141873561034442375e+01
1.488119547603118420e+01
4.262609048156970282e+00
-2.301876504694774894e+00
1.991983818930393824e+01
-1.417058237724145187e+01
3.994347122884463808e+00
-1.246523656658725798e+01
-4.428546240201200135e+00
2.749427841815918594e+00
-2.154519621447218825e+01
-3.357582056644263346e+00
7.080970746129461091e+00
1.766708671593895108e+00
-1.987850008584652528e+01
-1.911311737420033907e+01
2.335102872306877408e+00
-1.528950665229046102e+00
-1.342461365858646793e+01
6.007954616406829373e+00
1.114538072951163272e+01
-2.330705527324131054e+00
8.410104637875509326e+00
2.505489944125367519e+00
-1.085084034947477072e+00
-7.965679952270290798e+00
3.430432742730458173e+00
3.098266187746850697e+00
-1.037406335018530790e+01
-2.118105671692589453e+00
1.069771456946820720e+01
7.746819193177341134e+00
1.027669476244756552e+01
1.452214219725568523e+00
-1.300708336952185817e+01
-1.178343195958961864e+01
1.531992687112556339e+01
1.733316459431119894e+00
-5.687900942522633230e+00
1.998021248708106512e+01
5.189382467712368552e+00
-6.583705231450119655e+00
-4.175820926055307858e+00
-2.582282483255742278e+00
1.615670371007504258e+01
1.812585585198067673e-01
-2.282183778300029786e+01
2.255946849549849986e+01
6.960453176802934294e-01
-5.344496353519215148e+00
3.482877692857110574e+00
4.087459546802033827e+00
-1.171081288329070347e+01
5.804937355602686644e+00
9.775278001186098464e+00
1.328610055184889660e+01
-1.156341492435583973e+01
-1.320698625744766730e+01
-1.673245098021805788e+01
-3.956426643706190127e+00
-2.080990112705781314e+01
-2.533846447465105811e+01
-1.399723768799222512e+01
-1.561604495588861496e+00
-7.432159032290682532e+00
-1.628224971075718841e+01
-8.699934917349452235e+00
-3.991806382878629211e+00
-1.005035235648472458e+01
-8.536443612423823879e+00
-2.802605691790993703e+01
3.099225506178485690e-01
-5.343616278621172277e+00
1.584078971309653205e+01
-1.422948431188908458e-02
2.253065270227272165e+01
-1.273826219098977575e+01
3.181121152973697797e+00
7.117055785674642365e+00
7.381775432789552838e+00
1.597792065829329289e+01
1.056209092941950978e-02
-5.575911313922148338e+00
5.214048930898716350e+00
-9.741557430776943249e+00
2.142344702525389888e+00
1.079761181175203077e+01
-3.513099546567011178e+00
-3.941487582923213773e-01
-3.638093538693171425e+00
-1.825324768975768563e+00
-1.182371171736816251e+01
1.416520520848011522e+01
-1.117956310549052645e+01
-5.219948816961046845e+00
-2.015380186380163963e+01
1.314115338125542110e+01
1.434870352377740410e+00
-1.975289189515138943e+01
2.369176378497297009e+00
7.377245822191937918e+00
5.689933770222837417e+00
1.364512514179877556e+01
2.038630432808597703e+01
-5.555228075274646349e-01
1.702819162228707484e+01
-1.274497547678116849e+00
-4.700070094458893344e+00
-1.184255525061535685e+01
-2.536152132866795306e+00
1.180063578945589420e+01
1.591725216042099333e+01
-3.092585922983290203e+01
2.208229914341458056e+01
1.649280613071882939e+01
-2.780092272681829790e+00
1.848737761669353574e+01
-3.787342182653044564e-01
-2.085740565618475539e+00
-4.866019704951172642e+00
-7.884853928736330175e+00
-2.122218664900672280e+01
1.333679751386397605e+01
-2.966494882864870775e+01
-1.967281411098401733e+01
-9.664867925351044775e+00
-1.241899331363212866e+01
-1.810412550095126250e+01
-7.520360078265797554e-01
-2.176114256221783450e+01
1.861422589298482322e+01
3.793960516803560168e+00
1.369506394752492540e+01
3.618708562604328449e+01
-2.076711379912571331e+01
-4.611485921508299057e+00
8.848567134779028009e+00
-2.346990205967806631e+01
9.353653868576460084e+00
2.304685448598757702e+01
-1.217122234001622783e+00
-6.028656246706534994e+00
-7.289536851321798849e+00
9.439394631994652229e+00
4.115345164940335643e+00
-1.950115591241421864e+00
-5.795848230355284514e+00
-1.393073174739204312e+01
-5.899842725282535838e+00
-1.381866228367657179e+01
9.769589880984273833e+00
-1.430434711983566487e+01
-1.406936061851725839e+01
-1.381686059869903360e+01
-1.626953125237928344e+00
-1.178069671826363951e+01
-1.232863723631782804e+01
4.127371864880630348e+00
1.301256567270249143e+01
-1.957917000862106960e+01
4.588558020466235732e+00
1.019023864121811762e+01
8.696384351617902908e-01
2.741803437514529662e+01
-2.495577520759659151e+01
-1.645628149161012033e+01
1.705940057839476776e-01
-3.610877264058576230e-02
-1.860377271238007779e+01
-1.810755361536724806e+01
-1.447503941639591929e+01
1.991995799078606666e+01
-1.898677160853749157e+00
-3.001961790846561939e+01
8.461813464941597474e+00
-1.824480803357767655e+01
-1.333180491016193514e+01
-1.516156402059174368e+01
1.288630158927320135e+00
6.039348732535481545e+00
-4.803174976908251459e+00
-2.418463567062713082e+01
6.246329973699166871e+00
-2.431571774552862664e+00
2.156723031011268610e+00
1.460647478310873559e+01
-1.469091145691375466e+01
1.197349791526265150e+01
2.583142433200920074e+00
-6.660471832261078973e+00
1.347154911556550516e+01
1.328062820653936438e+00
3.541098872003908049e+00
-1.181244693179285576e+01
-1.526606433190333512e+01
-1.166863205894593136e+00
-4.693586208456874687e+00
2.757979903551965961e+01
7.722558745453165230e+00
1.098071294041620405e+01
2.315491725359845177e+01
1.128393922356708856e+01
8.977326753263898951e+00
-1.271262314967431806e+01
-2.565088261506222977e+01
-9.448162574172403794e+00
-1.047224381181895048e+01
-1.021717500990557070e+01
2.707967176890942795e+00
1.773450342576847971e+00
1.337943676235545354e+01
9.752387994302605279e+00
1.023588242240785107e+01
-4.529055445691119175e+00
7.372716816305564524e-01
9.716110272812885640e+00
-7.225065386063048045e+00
9.155632847587574119e+00
1.464785826658307499e+01
1.707295892348420452e+01
2.959051549098782097e+00
2.203472058248161147e+01
1.084096698439962658e+01
-4.216873688962333944e+00
-1.207423388936842557e+01
-6.531947114570547441e+00
-1.023977439633998188e+01
1.313601174628302815e+01
3.528574638802127961e+00
1.832755563945322308e+01
9.836817219476799323e+00
2.581924436297260428e-01
-6.139191325841238722e+00
-5.975658009615649746e+00
-9.448410404873111901e+00
1.113954993406576399e+01
-1.597877517588222318e+01
-1.309507346871493993e+01
-4.519780739839545092e-01
-7.105312457371955048e+00
2.283105074159422543e+01
1.773361329889269200e+01
2.976224722443544524e-01
3.264005039365526217e-01
-3.469068500824320722e+01
1.555466273910078279e+01
-7.691847625710630965e+00
-2.717734487088362272e+01
-2.265005780394714563e+00
1.353480777392482892e+01
1.328927354519208492e+01
5.998323410197428984e+00
-1.740511902367121166e+01
-2.283123437556431323e+00
3.762628682527000112e+00
-8.178175938833115444e-02
3.330985821299051963e+00
-1.210588248392247301e+01
-1.899135584529478393e+01
-1.886221687859258367e+00
1.079266647969360804e+01
7.426942028481988700e+00
4.933473208387816555e+00
1.171513076063937575e+01
3.393808606964262786e+00
-1.085590948240741227e+01
8.194462397007211685e-01
-6.377391685559635981e+00
6.402749287016193058e+00
1.493691071609331011e+00
1.240601087257996005e+00
2.308639448745424261e-01
-2.320209915167593451e+01
4.882345938856012424e+00
-1.048408706892324282e+01
-2.810465881284604617e+00
1.552390749587575414e+01
-8.267075462242146955e+00
2.214241044748723297e+00
2.643627209957809754e+01
1.866270266512479026e+01
-6.705724513344598847e+00
-1.353602913730565405e+00
-7.942077792852595408e+00
-1.938461490662166664e+00
-2.607095610830594268e+01
-1.834512355960609409e-01
-1.499414084270078007e+01
1.229809627868453603e+00
1.475729596338729799e+00
-2.488699016863804570e+00
5.271706494093102435e+00
2.600227530265254927e+01
1.043696248810585203e+01
2.161403313653020319e+01
-5.449908094650930401e+00
2.685798386725240761e+01
3.201537748277366369e+00
-5.792600414531088759e+00
-2.706365289705163768e+00
-7.460407042458038207e-01
-1.072325049113542761e+01
3.073453983475933526e+01
-1.520590100904311193e+01
-6.457052660579452485e+00
-2.007153148725977054e+00
4.375446638145401579e+00
-1.540862758951842615e+01
-4.987984854142903934e+00
7.612418461503775546e+00
1.606163418095688300e+01
-2.887296513535867248e+00
1.677294866306572985e+01
4.520278401719878048e+00
2.529194486527579500e+01
-1.607734186216099914e+01
4.074584465736935002e+00
5.018493343707108423e+00
1.015201818380101173e+01
1.499983242505639325e+01
-7.830302804357566870e+00
5.771920616623989808e+00
-6.561273440582619187e+00
6.957692387853985139e+00
-1.198474091050667667e+01
8.488321057040019824e+00
1.196697009909137854e+01
1.933257468507380494e+01
-3.249739684352759284e+00
1.009978762557343046e+01
6.956314557376407137e+00
7.115998830036232015e+00
1.145075000574336599e+01
-1.317633264259945136e+01
-9.846716581928198764e+00
3.788701995560693980e+00
-5.560141729189766124e+00
-1.344964854809715860e+01
9.721728218729001725e+00
-1.268597300164473918e+00
8.588545410532351099e-01
2.218668943150960615e+01
1.858017104606257064e+01
-1.566865885386313550e+01
4.667188364928547273e+00
-5.723027844758203919e-01
2.372715377829175054e+01
-2.061113632329907119e+01
1.186670133332048849e+01
-6.003599587116743130e+00
-7.936203345983724233e+00
-3.118293503387520538e+00
-2.252013467845945804e+00
-3.945528046872289529e+00
-7.773137823350436904e+00
-3.911540475927590688e+00
2.801109604763669658e+00
-1.451993197788011258e+01
2.451405420605571095e+01
-1.262702952728477790e+01
8.251921903381918000e+00
-9.730959047271269924e+00
5.599670015629925501e+00
-2.666635971570160191e+00
-5.720536356878046291e+00
5.537620666690918014e+00
-2.636904902701424191e+01
9.400286123784999504e+00
-5.631870352603248975e+00
-1.099140372000348265e+01
-6.004185881163648375e-01
1.600445312807124054e+01
-1.397766100769765529e+01
-8.989155176045442452e-01
-2.183877979691418858e+01
-3.307421908204014827e+00
2.463028786301977746e+01
-1.251270581932142800e+00
-3.244044555270009234e+00
6.827565360446403275e+00
5.011032137484590976e+00
-9.617837885214466809e+00
-3.539696760197546155e+01
5.426111885846525595e+00
1.703927155628009871e+01
-1.578734659526050343e+01
-1.315059171834826302e+01
-5.924039364933610941e-01
-8.769715580261245869e-01
2.090967534688027740e+01
2.251250695225530762e+01
-1.534919040304687599e+01
-6.691088397067633586e+00
2.388103326632332823e+01
-5.738145777178755846e-01
6.362664826209055491e+00
6.669478393084816936e+00
1.249686465244820965e+01
-2.313750004067856914e+00
6.290344333527697174e+00
-3.650694728618940843e+01
8.142043675560710625e-01
-2.065511096814832115e+01
-5.336504951094314109e+00
7.687536260279019373e+00
6.693979344372946727e+00
-9.356432780332909260e+00
-4.080662361727338094e+00
3.957319880668001222e+00
-4.159505884794288733e+00
-1.979651814235677154e+00
-2.223125995138603095e+00
1.607505521296893392e+01
1.855917180660433319e+00
5.578868168246950532e+00
5.241694780474649207e+00
-1.083567941538447954e+01
-1.687007640550115184e+01
-1.891473305778055058e+00
2.510321284048431068e+01
-2.877695083361661688e+01
2.031740076136104989e+01
