4.203252713367914062e+00
7.393812614233344682e+00
-6.562220266853097783e+00
1.014662338014574505e+00
-2.970503411679136008e+00
2.694572219085420883e+00
1.223153914991096602e+00
5.482822656381942661e-01
6.074812619227895283e+00
1.761010121125986538e+00
2.284743570009850622e+00
4.197420213881614792e+00
-1.506384077053179116e+00
-3.284554808470717902e+00
-1.061544930698530820e+01
-2.995120463453960102e+00
5.305366105473319216e+00
1.122063921365265227e+00
-3.207654277818643873e+00
5.554722118079646886e-01
4.704726935244647024e+00
3.401013075603437352e-01
-2.941232050489501759e+00
8.118707413957824137e-01
-6.589715679123460568e+00
-2.695035776496491842e+00
2.261782076160823607e+00
-4.981633860915793299e+00
7.580492671266377158e+00
7.655727459404748636e-01
6.987342563592163103e+00
-7.435655586262510663e-01
5.924204539910886247e+00
1.132880888290268340e+00
-3.803931786738900644e+00
2.236164698338790835e+00
-7.540873533947135776e+00
-2.132042035644508449e+00
4.904632732363034542e-01
-1.307025321931857675e+01
-4.908946750858207864e+00
-8.807868508344425251e-01
-6.841185933065570879e+00
1.942219762125957372e+00
4.757197550688176513e+00
4.520923277917322736e+00
-5.054504687774483251e+00
-7.349006738810087702e-02
1.211146501290416033e+01
5.324695418798141011e-01
1.223128444901222522e+00
3.160389769886768896e+00
-3.913945017657460834e-01
-3.371886490750697352e+00
-2.228088457924815469e+00
-6.463193045665161840e+00
-4.232443640718966726e+00
-2.503461609527565024e+00
2.042727979064968391e+00
1.590153195229234129e+01
6.746411188328383934e-01
-4.766450102487043594e+00
-4.496463457477375414e-01
-3.943087337747921861e+00
1.474507728082517399e+00
5.750784840171434542e-01
4.138164881364163605e+00
1.949648809913250291e+00
1.181568463833511107e+00
-2.103066953663529137e+00
5.268707128077200430e+00
7.268718563394640064e+00
-5.141559240547766585e+00
5.570825034588355429e+00
7.034584160171745149e-01
9.472593705584024804e+00
-3.757096778312172702e+00
-2.186147646018956614e+00
-7.149106623856248177e+00
6.426335284654908442e+00
-4.755277686287499250e+00
3.506541831129502462e+00
-5.919924593731237472e+00
-1.182303344706346948e+01
1.435575239298603201e+00
-1.301615968663239009e+01
-2.724839261714770533e+00
-4.389620221782033482e+00
2.493391718737451856e-01
3.733174770455880420e-01
5.224982532605503494e+00
-5.105639288408688081e+00
7.559797804041469504e+00
-1.198254355207463595e+00
1.157599337335304623e+00
-1.298952744933118186e+00
-5.134242872940531832e+00
-1.747467129527072505e+00
6.531672409835471704e+00
-1.539356515089058908e+00
8.582838470288436383e+00
3.276847539955425770e+00
5.618715304602049265e+00
2.768253549580420358e+00
-1.474776741837484639e-01
2.796388256579699139e+00
4.122655276125323454e+00
3.409999593668182616e+00
-1.341397292807051222e+00
-2.404062762233522221e+00
2.265037426725861724e+00
2.469268822919377548e+00
-6.103071909429533815e-01
-2.003059088469222537e+00
2.736543405515497795e+00
9.983840892256417021e-01
-7.898841049617392862e+00
-2.533859397681764936e+00
8.419212790798724644e-01
-6.316155274199100056e+00
1.113045524336079595e+01
-9.014244370528238903e+00
4.365305848488586493e-01
3.518944593367685503e+00
-5.746678383749720176e+00
4.304738890426694553e+00
8.490650503651990810e-01
5.487099005800500251e+00
1.343037540750857772e+01
-8.947907460261774748e-01
-1.893147597839692775e+00
-1.244474649640288533e+00
1.951135696088954541e+00
2.479531350548583646e+00
-1.130634074881706930e+01
-1.590165213163964752e+00
5.805150855096377960e+00
5.266615422101624588e+00
-2.148024215574452889e+00
-6.783338774308620422e-01
-6.484653173874437293e+00
4.912165389129130033e-01
4.254111797742268219e-01
-8.301699974968629547e+00
2.895215034356407369e+00
2.682875450102069514e+00
-1.653635291909275384e+00
-2.013227168972743786e-01
-9.675762740939548578e+00
3.904202058186434510e+00
1.104342060024690042e+00
3.991328689671854946e+00
7.057230247720232441e+00
-7.777011626009116441e+00
1.106289829017925275e+00
-6.721137876777489417e+00
3.947314040963348258e+00
-3.352150244906016319e+00
8.502070260336643814e-01
-4.997570247957830780e+00
1.214158002281068072e+01
-7.293208436644039061e+00
1.227461284557984378e+01
-7.843056735267881052e+00
2.805804271062976696e+00
2.377912442179130004e+00
-8.184544938676280523e+00
4.470307875420639121e+00
-2.907716173545136673e+00
1.992571084331895559e+00
4.007285885906902934e+00
-6.465980145336804874e+00
-2.882424626287727887e-01
2.217683824161071904e-01
-2.886481820573159496e+00
-8.752008205310232825e+00
2.576321665340182143e+00
4.186340749948636031e+00
-1.228478647776279908e-01
-3.160503329716485066e+00
-8.029242291358876571e+00
-5.694540217027118878e+00
6.204258813389452065e+00
-6.526840615826560166e-01
3.421106347665139769e+00
-1.091236308413642675e+01
-5.072807997494759302e-01
3.178143490249070169e+00
1.523077907490401284e+00
7.574427714625119989e+00
-6.034816255119810791e+00
1.589107872365432161e+00
-1.233370578932364348e+00
-3.045311751499742314e+00
-1.135084156757140761e+01
-3.241106066058526025e+00
-3.878934505139751687e-01
-6.229020486318017191e+00
-3.668206308259817305e+00
2.742285781869095551e+00
7.368341331192674204e+00
5.393592124896255946e+00
-5.549715072580014841e+00
-2.939909406758654864e+00
-4.339117529291842246e+00
5.591251076303740852e+00
-9.751619342131361279e+00
7.537224685843576522e-01
5.259880764606065462e+00
-3.188978274361917165e-02
4.240375871105387162e+00
-4.952181446619753347e-01
7.378489330578812400e-01
-1.823251705406653267e-01
-6.947802711050576008e+00
-3.601997597522155647e+00
7.570355903847761248e+00
3.973366261475290262e+00
1.575832028051651790e+00
-1.288227788903894666e+00
7.323318989516780952e+00
8.639803789176527665e-03
1.091413400773597608e+00
6.510107623404628896e+00
-1.384429645254595442e+00
3.355745705573736970e+00
-1.232480771742291026e+01
-1.262215691187346112e+00
7.501046663938392811e+00
7.238014202986934320e-01
-2.505144901951990022e+00
-9.596890624158598726e+00
-4.286759781376985323e+00
-7.686007123416431774e+00
5.934814392333898070e+00
-4.107704770049760867e+00
2.364590405716852917e-01
-3.611825466769484017e+00
-2.329966533368044601e+00
1.184325330796358777e+01
-4.992766837344796649e+00
-1.696445595815941010e+00
-5.492089162842852090e+00
-4.757035731731853012e+00
-3.418239586145047415e+00
-4.340965305594506773e+00
5.978742061891110460e+00
4.836769471309148472e+00
5.907398310764606641e+00
-2.090695928649048962e+00
9.360927668774012389e+00
-2.672735597535763841e+00
5.983816184955213835e+00
-4.016538649515104531e+00
4.718279381049160115e+00
3.831560041551154150e+00
1.911264296996038947e+00
2.190578227756306173e+00
4.699250066253985558e+00
-4.687674715982976359e+00
-3.605551890813969429e+00
-1.942408509347264722e+00
-1.409150528482328690e+00
1.120796993893737614e+01
1.567703822550509551e+00
2.023080645951204737e+00
2.286128725456066935e-01
1.315056568314842345e+01
6.903483962497272142e-01
-2.867840756190424223e+00
1.584949730071034679e-01
-1.105924525398930314e+01
2.196740735864322058e+00
-2.509229635270085801e+00
2.904750162690476145e+00
2.006147333404424415e-01
-5.451574706942339255e-01
-2.395493873325749590e+00
3.957021579313175330e+00
4.946196732648848737e+00
7.064284444658459616e-01
7.896690843210220301e+00
4.856461005122388208e+00
-7.044271777408017687e-03
-9.297673220494083068e+00
3.386106369990100617e-01
1.491429302204666296e+00
4.940500556406748345e+00
5.943191706958173448e+00
-7.706204401513817359e+00
-4.048057485000906563e-01
-1.600377713687454628e+00
-6.701094644454979488e+00
-1.420926171678801753e+00
6.090385668820218257e+00
-1.147700109388592793e+00
4.198054928639856520e+00
4.818487850146145668e+00
-4.274598932719070987e+00
-2.539848509111738650e+00
-3.314509472534832302e+00
-6.401519023212492776e+00
5.766561773449862649e+00
2.871179013968515381e+00
2.579910315261408904e+00
1.857939664378378986e+00
3.171870654674348255e+00
3.039150182532476041e+00
7.198454596464952893e+00
1.071799059913740360e+00
-5.945232023707308855e+00
6.630009370577757188e+00
8.989042455641765850e-01
7.723228592771244294e+00
6.045893844251998495e+00
8.232404830724727063e+00
4.196708464753411860e+00
-5.939192714110074212e-01
-2.441955363464455075e+00
-8.221922763598797923e-01
-3.065973095389628700e+00
5.194557732950275675e-01
9.143560196982258859e-01
1.113827818870674058e+00
-2.204028193569013805e+00
8.177148356126637818e-01
-8.634027051770850392e+00
8.138292657672282715e+00
1.947589801198908344e+00
5.184798419564529581e+00
9.699724147417109199e-01
-3.557337161480542242e+00
1.872307883043816013e+00
3.995566741690222745e+00
3.609167460059527155e+00
-1.633642228683776398e+00
-1.278788072082723826e+00
-5.417746890804663984e+00
9.764895898540565611e+00
2.674332966167616732e+00
-2.796521678272893219e+00
-6.050802690618410473e+00
1.089242349525141096e+00
8.411532496721086938e-01
7.274375390802296337e+00
3.194335455483818809e+00
5.082444120769994633e+00
-8.503031692790960605e+00
6.997930489311476876e-01
5.932679681041111763e+00
-8.106110883354254781e+00
-3.815923737218542833e+00
3.143759858198146517e+00
-1.775253993300766886e-01
-3.647059139880486356e+00
6.265687528339488610e-01
-1.111418254733903765e+01
-3.288865911930853869e+00
3.201851257559129582e-01
8.802535087263191116e+00
8.436730567470085873e+00
-2.180026264118769319e+00
-2.700428804404809924e+00
-5.615433407618521500e+00
5.364842622192135480e+00
1.564712669371497888e+00
-2.037421815356123211e+00
3.276472730467654415e-01
5.624864298932791939e+00
6.462728009213944524e+00
-8.572514481823736432e+00
-1.494466810335912110e-01
-3.710043264157776854e-01
5.153734128790444124e+00
-5.622155625675311796e+00
2.870713808229497399e+00
6.783403114498217867e+00
3.425593928191227988e+00
-4.449703260585652909e-01
8.902550179699022515e-01
3.663495293034133571e-01
1.588082248208747771e+00
3.233635734713655729e+00
1.667357891064888520e+00
2.429531113284311594e+00
4.480168344999538199e+00
1.343705802693089257e+00
-8.066371984202824308e+00
-4.542793027098169789e-01
8.969118925223493743e-01
3.044732532757784327e+00
-1.884936937506294985e+00
1.247754687406885132e+01
4.278077023487595554e+00
7.145278091507536899e+00
-6.587253917826016547e+00
-4.780517454294002988e+00
8.401858141093617505e+00
-2.795611401043124888e-01
-4.345648201185629833e-02
-4.695243811047747684e+00
-7.696508581552684802e+00
7.854757698176914715e+00
4.656620093037270536e+00
-7.791639165073092954e+00
3.643134253319807225e+00
-1.129054731243090415e-01
-3.011472986028342014e+00
-2.780159831926440894e+00
4.999647919426128961e-01
7.518619156271047821e+00
-1.180334924250011491e-01
-6.581703774551209918e+00
1.762857286193848072e+00
5.011558389733750118e+00
2.092002826236657231e+00
2.248147827874236615e+00
-3.067270854225586874e+00
7.535429598074620650e+00
1.246202905038890663e+01
-8.967500234074519128e+00
-5.915678248009441198e+00
9.567544784914922218e+00
-2.405849059262531231e+00
-4.903909199787697126e+00
9.290159882909383882e+00
-2.656908038485289447e-01
1.002727708922662941e+01
-1.420878756479280636e+00
-7.772077945201256277e+00
-7.715789266104033040e+00
5.443284836110970026e+00
8.839398779886131763e+00
9.675562398905423578e+00
-1.146742082841200272e+00
-9.961074935567005184e+00
6.414932054934388006e-01
-8.545598613553673228e-02
-3.426974629506298609e-01
-4.261465466737967667e+00
-1.565312839166665304e+00
2.412982191543910915e+00
-1.559935807001785690e+00
-1.931405378932790295e+00
5.797380894387906380e+00
3.358065942133233950e+00
8.026793203135815347e+00
-7.131325815639529608e+00
-9.604296666371336944e-01
6.779000358591230402e+00
1.458922377062669806e+00
1.204821365286894208e+00
-5.166072435297998311e+00
2.350259789264055321e+00
2.007225925985523851e+00
-5.956347837096853670e-02
-2.339686355546801266e+00
1.836770011158386895e+00
-3.449894805865558300e+00
-2.592435020855570205e-01
5.770913554624036657e+00
-1.994213777237417551e+00
-3.302413564189190076e+00
5.367150250731461902e+00
-8.271946868279917098e+00
3.003423891913728827e+00
-7.704256845540167653e+00
1.511940365776309569e+01
9.064600044510942922e+00
-3.205166887324228053e+00
-1.285042491715876034e+00
-9.377162622750826459e-01
-3.769135247690029722e+00
-6.776710090221946814e+00
-1.492812506599512368e+01
8.359849360776614446e+00
4.808050259859090403e+00
-5.584625068006210391e-01
1.062598446276714848e+00
-1.630958879162451192e+00
-1.117130421377238747e+01
5.448611509242577977e-01
7.216276583060108329e-01
1.960421776797048210e+00
4.416937387463903519e+00
-2.554712857544388704e+00
1.353668256117017688e+00
6.585846255635599000e-01
-8.194075456561369819e+00
1.236149482004588407e+00
5.018102160460209404e+00
1.455515005338068768e+00
-7.317537319089046921e-01
-9.734141590390865684e-01
8.576007303969356954e+00
8.040398283620277198e+00
1.034384346345891181e+01
7.302856508632698862e+00
-4.640379238805766526e+00
1.049139426656957497e+01
3.078755013210124680e+00
7.683662855728092822e+00
-4.905563087576999770e+00
1.985733070940245870e+00
1.738026963815754611e+00
-9.851807816877895974e+00
-1.293049399096825702e+00
3.738964708498492939e+00
-3.978780383896081574e+00
-7.554498033552676794e+00
3.863042861747257861e-01
-5.242820449410357853e+00
8.188803599981826054e+00
8.648435282556751202e-01
-4.426715800712643478e+00
1.273438455575863992e+00
1.062242729315840073e+00
-1.896883616993471300e+00
2.370600368529910629e+00
-8.048440479036413464e+00
-4.059822439068990541e+00
1.244183619758598702e+00
-1.015653086135110073e+00
1.645682111837502237e+00
-1.924416954596810836e+00
-1.656281789192172393e+00
-6.332664213992143409e+00
-6.211385646819280737e+00
-9.097804350711015786e+00
-2.328775258006694937e+00
-2.260658312447584528e+00
-4.129546759298720282e+00
-5.444120722876254703e+00
4.406574987612436267e+00
-6.877035468828380793e+00
6.426789169729950402e+00
-9.942459685879520559e-02
5.357126818127412982e+00
-6.607727648770618245e+00
7.591408651629818927e+00
-2.115195369228976663e+00
-3.645385125244979818e+00
-9.226348475032592589e+00
-4.169524846372763882e+00
-7.348830952530012617e+00
7.858949013193112343e+00
-1.773393044354998338e+00
-2.258843754757243527e+00
-1.888890185624316320e+00
-4.287091872635768297e+00
-7.367941596098899204e+00
6.952353100827462384e+00
-4.537718938704991878e+00
1.646556871884015560e+00
6.188166650230692234e+00
-6.208233106383848288e+00
3.959902123856211098e+00
6.941533481948797935e+00
6.619168524443906243e+00
-3.014348843947264101e+00
-7.087155906938191308e+00
-1.431110120810490605e+00
-5.224100943708274158e-01
-6.567996622602304768e+00
4.074758518465910306e+00
-1.537177185646325106e-01
-2.112334684297453968e+00
-2.137495764327391079e+00
-2.937167945746693931e+00
-3.490326478545245692e+00
2.469934029470179371e-01
-1.693532932210236375e+00
-5.848152271477539799e+00
-3.779907183899252621e-01
1.968402973250534815e-01
2.246670910893973083e+00
5.609298845510679143e+00
7.840504139788914806e+00
-4.234943340758150487e-01
6.712888490137697062e+00
3.862750751402226346e+00
-2.887613826251980598e+00
1.386111135535067262e+00
1.311761558290317708e+01
-1.513950845862054173e+01
-2.425482468968483296e+00
-3.546454928958203467e+00
5.532439664406499702e+00
-3.217678566295550713e+00
1.672350009966703022e+00
1.220544742962721640e+00
-2.750995837776326614e+00
1.018642016725073374e+00
-1.323211488668572500e+01
-8.460497056247771042e+00
8.972789426861881523e+00
-5.914796126833465451e+00
8.747193870582194108e+00
-4.185668576057316237e+00
-4.070643529559388796e+00
-1.564869518417474126e+00
-1.304066560327417257e+01
9.130305625235498823e+00
3.964126083799034639e+00
1.138946592940885683e-01
8.181724063344638864e+00
-6.755516710519171575e-01
-7.759974547012451040e+00
8.062624913736426535e+00
-4.353498392477257894e+00
-6.376890634561974025e+00
6.217374457424442724e-01
-6.803231852839651594e+00
2.650784741578377512e-01
-7.071977482946155469e+00
3.598603288987253457e+00
1.273225607403734472e+01
4.043682778330791372e+00
7.369566099373069612e+00
-8.049228435968064588e+00
5.168027086616614696e+00
6.237370901227700770e+00
-1.987549234221699379e-01
6.035058488194998461e+00
-3.460547532790857250e+00
7.645151008054679842e+00
2.943705486255141945e+00
7.198444358317373393e+00
-7.874226264445852941e+00
-2.533852321711408173e+00
-6.587058230454032604e+00
5.376418088955219332e+00
-4.666945383468361186e+00
-6.285318746897008424e-01
-3.936683472136729200e+00
-2.772432591879956387e+00
-8.870215114328388051e-01
6.328130999188924299e+00
3.802128297590276151e+00
5.571491246990589730e+00
-9.694824248084521479e-01
-8.338866382320447856e-01
5.820015095794772719e-02
-5.526874242948180083e+00
-4.563082581550001571e+00
2.328291948988007842e+00
7.520490855703285682e+00
-5.910163422786069987e+00
1.040382233497269215e+00
-4.203250806766057335e-01
1.231296945624958639e+01
1.764778893192476827e+00
-7.078995739088282946e+00
-1.622052960301327840e+00
3.523445158409413747e+00
1.166909914465433351e+00
-3.315338885352639320e+00
2.893480147417262671e+00
6.438682330825158395e+00
6.449781536997025277e+00
-2.478153630986984712e+00
5.506211574041296686e+00
-9.473969039355265576e-01
-3.720336466784832097e-02
-1.798767911822890087e+00
-5.171139087290849368e+00
-7.384755386820760492e-01
9.519721251205856660e+00
3.705745901387665908e-01
2.901347973825155080e+00
8.253585930041865026e+00
-2.547459138199891893e+00
3.650817115277553260e+00
1.324416159909686197e+00
-2.346093077858399489e+00
-9.956224658823323637e+00
3.464928117463895951e+00
-7.081279501112709707e-02
8.273579112198142127e+00
-1.168743993882748189e+00
-8.881621897026054313e+00
-9.001837535448951044e-01
-3.352710693849870971e+00
-3.551446280599024785e+00
4.361704568397024140e+00
-1.945884950594180651e+00
-7.342367994015519983e+00
-7.383731019055371547e+00
5.126145392548385971e+00
-4.298022747881380390e+00
-3.474729511833520856e+00
-1.462586052030689032e+00
-5.878469318953011502e+00
2.799200609913611526e+00
-6.655750079246208095e+00
8.252656822291455363e-01
1.245683904015020493e+00
6.207940890157321867e-01
-1.047950143695221925e+01
-2.766369985499371964e+00
2.996284328954784471e+00
-4.407409070839217513e+00
-7.400966246708799989e-01
-1.243556678629374801e+00
1.713432682412758812e+00
1.673963429580773488e+00
-3.874756153319898200e+00
-1.994829311038850417e+00
1.308559632867338340e+00
-9.548900353017688580e-01
-1.923820990066139824e+00
1.351996595160138259e+00
2.224499418667048367e+00
3.113448327990087083e+00
-1.453639306584929081e+01
-3.892193595678860696e+00
-4.611390997168347550e-01
4.941906688415949489e+00
1.399931850302552760e+01
3.348161825963869909e+00
3.711805474713099073e+00
4.033879461293667923e-01
-1.007207334419494948e+00
1.630192371599878953e+00
5.711257854596182959e+00
2.080101113012573499e+00
-4.537029916837187038e+00
1.725079627003994309e+00
9.278412413732133324e-01
-3.212715592474747694e+00
4.817003921537126310e-01
2.628582685324647894e+00
4.790648009002794083e+00
2.495975778085180341e+00
-1.230032171833414090e+01
-3.405849917370733060e+00
6.943606889830326034e-01
-1.027590253270314058e+01
-5.562016268123467277e+00
1.320523897836688665e+00
2.982773487703541893e+00
-4.127891759457797960e+00
4.851737699799172354e+00
-4.335802662710764865e-01
6.365820247517725683e+00
2.451168115447600826e+00
2.142266874761328932e+00
-4.778173790642759600e-01
-4.569357259014211969e+00
2.895252058309150556e+00
1.607461779594345774e+00
8.528730476733013433e+00
-2.002617019888999206e+00
1.446717751845266964e+00
-3.805242684203755665e+00
6.299833406541848646e+00
-5.148482561272371250e+00
-8.019543906945653333e+00
-1.655174360326995497e+00
6.561100567186912258e+00
-8.208327096556992331e+00
-1.469541139353549797e+00
-9.982480365828687141e+00
4.940730936488637148e+00
-3.091468686313555647e+00
-2.611995118642066682e+00
-1.102451974604387352e+01
9.542912933934664110e+00
3.495401421785330420e+00
9.769923641573845519e-01
8.645254500332017145e+00
3.306455757024138631e+00
-5.851550491049444247e+00
6.687864175892288543e-02
2.581544130958251859e+00
1.384929116001648364e+00
-1.467786686625954395e+01
-4.633808301033216281e+00
-4.827155167412898074e+00
1.083582079030621514e+01
-1.465251743090334458e+00
1.205952332229751889e+01
-5.816573804785157620e+00
-1.580416269549809405e+00
4.786455823732748804e+00
-2.436891115322270984e+00
1.179919762118994520e+00
-1.806947561794330070e+01
-3.933222069456242309e+00
-7.775227198847296961e+00
6.041453096257561661e+00
6.363623345116148577e+00
4.205281092655517305e+00
1.324537418682664836e+00
1.725951280664486021e+01
6.175351080041476592e+00
-4.603871692383293635e+00
1.059941283725418737e+00
-3.448157914567259841e+00
-1.147511892513819198e+01
2.840585193047937107e+00
2.100158767711891583e-01
3.749516730205578741e-01
-6.972677868195972906e+00
3.605429402696747943e+00
-2.374216393080099685e-01
3.596263280665601414e-01
-6.363895084763335319e+00
-7.813188738557144575e+00
3.584824387378241495e-01
8.460047277598626181e+00
1.299682777557768398e+00
-1.135017051021374890e+01
1.008150635376330939e+01
5.667369079900712592e-01
3.291125466728042959e+00
4.476421927277223212e+00
1.145354580233017572e+01
7.338280254265182379e+00
9.223469607803126635e+00
4.889336447124201790e+00
1.373432419673920934e+00
1.079071431724766406e+01
-4.032144457222829104e+00
-3.203823495944897015e+00
3.595441471354418717e+00
2.557158460143139411e+00
4.108177179711027804e+00
3.613973195476476441e+00
-2.223216654062433850e+00
-1.020712923692195950e+01
4.928805930367692767e+00
4.783348017372656358e+00
-1.542032805891581648e-01
-1.188871510592445446e+00
1.102577527557269343e+00
-2.522368688330146824e+00
3.826285286731666790e+00
-4.873468832296051545e+00
9.477961788607199622e+00
1.381044508253971514e+00
5.176765028325093887e+00
5.330460078352562192e+00
1.068593091625113090e+01
9.078606688009813741e-01
4.957240673242785944e-01
-4.446310557958120524e-02
-5.350059354316256233e+00
-3.974656520333955001e+00
1.327955729285679842e+00
3.924307636019821466e+00
-9.990894861795327486e+00
-3.933892704963784404e+00
-7.421028224084333047e+00
-5.700141939987009465e+00
3.765178462569843898e+00
-1.293517602995727600e+00
3.915140368122369985e+00
-1.487809308490900539e+00
6.845178073960100029e+00
-2.742659163872879002e+00
6.159133061982079660e+00
1.149732619738904127e+01
5.096013944527943096e+00
-3.430435253422690955e+00
-4.770199271349745196e+00
-2.999366827778709776e+00
8.129425718029631653e+00
4.231007004156441376e+00
6.536306682351476383e+00
3.280648350467743946e+00
5.338361153125172009e+00
8.639418500742415574e+00
2.181122823995526705e+00
2.678972048980646115e+00
-6.618183165835671566e+00
-1.322239797824077812e+01
-6.748337756513113739e+00
-3.310272578356521778e-01
-1.205469755690374178e+00
7.796996735475190121e+00
2.639565321957644706e+00
3.938795360384290234e+00
-4.091553787194204261e+00
4.369109387683733914e+00
9.420972076876779067e-01
5.405564266769655735e-01
-2.586907319696880592e+00
1.864534060218248301e+00
3.023918620654925338e+00
-2.008344628856512326e+00
1.114544929066140444e+00
3.931704918494475010e+00
-1.594955538727317101e+00
-9.431271533756101277e+00
7.717969547047958123e-01
-7.917646990342726454e+00
-3.876606001362891130e-01
2.879551397075874153e+00
4.737752602689043968e+00
-2.928166591166782018e-01
-2.438417234469147044e+00
6.943445388866235746e+00
-6.410433147666702025e-01
-9.678497725804702245e-01
1.485683713346094947e+00
6.630516382465020397e-01
9.045230851922761772e+00
1.269315086147809746e-01
-7.432188009842240817e+00
-3.295738889122865167e+00
-2.470941922009555647e+00
1.111505843766657975e+01
-9.773839606945271541e+00
-9.304370426038509834e+00
6.882257692646589931e+00
-2.465294046263457162e+00
-2.079066027661402138e+00
1.366750273439617303e+01
2.676425553465955787e+00
7.093817483148540326e+00
1.121321244524405625e+00
4.709009556921055051e+00
-4.754403396003215931e+00
-6.052031449056202383e+00
3.010624678171100577e+00
-4.557398267059195263e+00
7.241225751261717747e+00
3.631276642819983191e+00
-5.502827890835614966e+00
1.086474623628759240e-01
7.988597002696788962e+00
1.711296859974777984e-01
4.612106692256087825e+00
-4.376516066758410872e+00
1.333441737890326939e+00
1.250264351254693596e+00
1.637986253082361454e+00
2.876972532338884392e+00
-3.017998030107164276e+00
2.794754001934507404e+00
-2.330264084431069804e+00
8.646689991893337091e-01
7.380649731718409434e+00
-3.940266635371024950e+00
6.913614015879250729e+00
-9.447456726267992044e-01
-6.141370269357140366e+00
-3.914201170033382304e-01
5.200336788124909404e+00
-3.247207471689435909e+00
1.309313226311440737e+01
-1.334328049706257513e+00
1.870537903160154114e+00
3.232132997043539291e+00
-1.085412450165766884e+01
4.575423847850450088e+00
-3.242440087999698850e+00
5.017964849263612415e+00
-8.703081448009774235e+00
4.271026277676430283e+00
-9.395586898621374417e+00
1.601244773031763158e+00
8.935202964045185325e+00
2.782429240031544015e+00
-8.833056573887856366e-01
3.948666905019518225e+00
3.814368047323864808e+00
4.856949644264152433e-01
3.370949029191022905e+00
3.359330757255400091e+00
-4.040994636641908500e+00
6.052969688232005652e+00
-5.157175498920890000e+00
8.560684789776406234e+00
-1.163900042512786470e+01
-1.127272769428590893e+00
6.011064501105488844e+00
1.154946594193356990e+00
6.850807549201653579e+00
-4.618249684822806067e+00
-8.191500350587297419e+00
4.783067716820688986e+00
-6.858994625042251769e+00
-8.525444977743761310e-01
1.199373547739281243e+01
-9.272043743636196211e+00
1.386642163392002303e+00
2.655688735134079881e+00
-4.162556964862694775e-01
-1.561571048201001455e+00
1.524265013910064859e+00
8.640168824818761806e+00
-2.033673938921252589e+00
3.106646486510089566e+00
-5.143719706691533666e+00
2.721022876413938363e+00
1.217360375883465906e+00
7.448191709348714440e+00
-1.066793432942056619e+01
1.097650907217253824e+01
-1.477672991550632364e+00
-5.646832808040792351e+00
4.463814617260732476e+00
-6.254733182205422182e+00
-5.649068712524716318e+00
-4.403072926304851809e-02
2.896431135279396774e+00
-6.130599772273740200e+00
5.397205080968467072e+00
-7.686694016295856358e-01
-1.675684417382891533e+00
-6.233782417709722523e+00
-3.576357691829383789e+00
2.253809223821837016e+00
5.713444007568813987e+00
9.129904363766248920e+00
1.485683625403550145e+00
8.839468772931864393e+00
6.005325729766096465e+00
-6.704586363033871343e+00
4.277383922253942927e+00
-9.795148588346949126e+00
-1.560067261233108304e+01
-1.844958160117259549e+00
4.527709523497807531e+00
1.295540014512594595e+00
-8.322415988983802304e-01
9.570329132775484027e+00
-9.196730978812258650e-01
1.046845029810380551e-01
4.621811090970847857e+00
8.348212640600747747e+00
-1.005442287316120442e+01
5.358979617307556786e+00
-5.084888314996916847e+00
-1.673359027299748947e-01
5.969046413167149012e+00
-8.149821553476409575e-01
-1.587664798890043194e+00
5.727420791948328649e+00
6.024225863457032482e+00
-3.980643724733007538e+00
6.347812527776909519e+00
6.002102205487034325e+00
9.842151417112000589e-01
-3.329315470335453941e+00
1.981107713577053175e+00
1.526074156615786936e+00
