-4.414628163427433694e-01
-6.256379415947015410e+00
5.249977564588630408e+00
-6.815223730396322566e+00
5.441572818863984473e+00
7.325878562854962972e+00
1.545868003665711088e+00
-3.298302043528296590e+00
7.006715370945239663e+00
3.998937525344770538e+00
6.093006293298071085e+00
-3.916358645679637318e-01
-1.238678017473900184e+01
-1.362114818827435592e+01
8.278750679827400205e+00
-1.799485685702800097e+01
-8.744162757883813697e+00
6.029888042978651441e+00
6.356306330908838120e+00
-5.674091291840415607e+00
8.554012005827239307e+00
1.691206028413305917e+00
-1.466932209583501745e+01
-6.386131091022321904e+00
-1.549746425949363093e+01
1.599953354441894504e+01
6.076452584001213353e+00
-1.165246149580786206e+00
3.409323927686730649e+00
-2.333717428646452374e-01
1.360653942831620000e+01
-8.259420977904786909e+00
-1.256048905780626690e+01
-1.424168377053998924e+01
2.191160332838082425e-01
-2.777098747964240388e+00
-1.144845850890174432e+01
-4.630556321511663853e+00
-3.023679595071634640e+00
3.143880402690154341e+00
5.879882398697904300e-01
2.840309380521079063e+00
1.246298477439576047e+01
-6.265953441797908141e+00
4.245239963292779528e+00
-7.816110856439438592e+00
2.601711525943308345e+00
4.071378734006170674e+00
6.490008173547022752e-01
-1.032468982817481562e-01
1.087646830029162714e+01
4.608784770101840067e+00
1.535512424849148072e+00
-2.286690340815210831e+01
-1.346036708178627528e+00
4.037447800808873666e+00
6.144792050484391588e+00
6.857985423537744651e-01
-4.602359131419976990e+00
7.384372823737775704e+00
-9.394130761248286055e-01
-1.263279562743047313e+00
4.040241369666421889e+00
-8.707188086064165944e+00
2.523394682754244833e+00
5.952709619962170962e+00
1.089495317804702434e+00
-1.086633505789659715e+01
7.409663990395841893e+00
-1.161971227823084796e+01
7.328115306540145646e+00
9.726584743401799571e+00
5.464144696885500085e-01
-2.254691376532901081e+00
9.203417308019384180e+00
1.742045435342763682e+01
-1.111834282277432351e+01
-4.955843743024563430e+00
5.295322063496920251e+00
6.746927680595030452e+00
-7.015837294707189642e+00
2.501883030713351275e+00
3.924251853240426358e-02
-3.204513980413030261e+00
7.259817674080153438e+00
1.134765083074394099e+01
-3.128910577476010424e+00
-1.395169103125118770e+00
1.498584278761565614e+01
1.678197618522623058e+00
-2.822405458912049525e+00
-7.064242472802838790e+00
1.050905579165940518e+00
-1.467718502686605309e+00
3.709206547120597719e+00
-6.968857815878112483e+00
-3.880765507593451513e+00
5.387583582741128918e-01
-2.005047503234239770e+01
-2.572054742097410251e+00
4.696570940754871692e-01
-8.934570359281959639e+00
-1.990347275143693473e+00
-9.493530948974964190e-01
-4.251442547642568570e+00
-1.790398518824348750e+00
9.678233851069956151e-01
-3.024060785152088648e+00
8.885332284532529101e+00
4.364155887788268018e+00
-5.815315922294393980e-01
-5.724913454238902411e+00
2.319805124051618428e+00
-1.654686179258237289e+01
9.865035209109274561e+00
-1.976165195406659691e+00
-8.879834376783966476e+00
-4.891751332792867224e+00
-4.557353995590577966e+00
4.381051065040127312e+00
-8.338484215515504783e-01
-9.181251708525235422e-01
7.567681386534299559e-01
2.203233931436903603e+00
-1.735588704976903429e+00
1.554919012265574807e+01
5.335019169486496793e+00
2.125460072961760094e+00
-4.057744386791961588e+00
-7.070530126686995764e+00
-2.266672591210591836e+00
-1.530563664878048957e+00
3.330363448348105049e+00
5.484083754718667159e+00
-5.508707057690082287e+00
3.531892163882299318e+00
1.100352518557918824e-01
9.137960591104399288e-01
-1.666627104138919080e+01
-1.309402409733426031e+00
-1.976850054310745897e-01
4.717585647973653984e+00
5.540902496009912248e+00
-2.467980411478812641e+00
1.019338631566146169e+01
-1.473161844762982620e+00
-1.110472301798165340e+01
-6.296139405779066500e-01
1.671233753959473267e+00
1.009509256594718707e+01
-5.498130922716861768e+00
-6.243241935563446088e-01
6.356819644684134296e+00
6.781666613041657854e+00
9.349889840649174388e+00
6.842323363774250211e+00
4.574187965118806432e+00
-1.555466039142167034e+01
-1.208205950243579174e+01
3.803954344093675388e+00
3.216134238849437388e-01
-3.617174969478795354e+00
-9.162379580156170267e-01
3.263505662332471857e+00
3.184457627418916026e+00
-8.516852167306241839e+00
-1.245273022216566439e-01
-2.543274623104849752e+00
8.973298227810673211e+00
5.183998294747830471e+00
9.628299604625011554e+00
7.100905817799373132e+00
7.970674735237381014e+00
-8.653451462034880137e+00
-6.654244174647646837e+00
6.994615839031823157e+00
-1.395584143853945358e+00
-1.910153189344732105e-02
-2.140037628392203128e+00
-5.065403046269860710e+00
-1.807436910514390860e+01
-6.742812181502100266e-02
9.582052096824408949e+00
1.190849760761120368e+00
6.379938552001675589e+00
-3.065880386742406039e+00
-1.223112384132987707e+01
6.124909004479173191e+00
-5.541803233250580663e-01
6.342540852187598333e+00
4.864249100994842978e-01
-6.811761402468230919e+00
-5.005347381771594328e-01
8.934937893331075243e-01
-9.560151196551579744e+00
7.356008601851903528e+00
-8.737019790988165724e+00
-9.859065192211208029e+00
1.091574698436751234e+01
-3.377724040603504285e+00
4.440953445790256637e+00
-1.931358358085455640e+00
3.724966155434447757e+00
-1.839950509820593050e+00
-1.758018911569992460e+00
1.304066006084200646e+00
8.295652325965011897e+00
1.888684877961740227e+00
-7.288825308936983660e+00
-5.480948260081457413e-01
3.876298657926135593e+00
-2.342762942562683293e+01
3.422053555701220162e+00
-4.006093148236601564e+00
-1.066411593063907048e+01
-6.783278679040497749e+00
-7.100613442296026534e+00
2.878522147579340551e+00
-1.688917293885070947e+00
1.794662011043854477e+00
-8.607428587558588973e+00
-2.632840285289988813e+00
2.698903607552414652e+00
1.318104457917033834e+01
-5.468227752343202575e+00
1.694752694598691711e+00
9.687017663116003874e+00
3.104304524874983429e+00
-4.981003311509851095e+00
-1.194395268073379945e+01
2.496764237344163417e-01
-2.868794900589373142e+00
7.741243223696192999e+00
7.851960184263518272e+00
2.460403977184365765e+00
-1.249771159187757874e+01
3.322049156243484624e+00
-2.506228638045552071e+00
-5.793231892845446040e+00
-3.766890908548944150e+00
1.383953676219291573e+01
1.609681557764877091e+00
-3.539940789801934162e+00
2.193207862533708585e+00
2.433125877429468620e+00
-1.484924473549128621e+01
7.504671239306267339e+00
2.065663376075705493e+00
-1.611308819517823121e+00
1.382341357301775986e+00
-1.285079414263580855e+00
2.243163572657008054e+00
4.988237921330895830e-02
-2.908670502160078719e+00
-7.909600942166555848e-01
-7.437706193065464433e+00
1.169945119517880094e+01
6.866035495291484381e+00
-1.130281681234104418e+01
3.770172756889483168e+00
1.172432462157050770e+00
1.574700789258077194e+01
-4.992979427776214507e+00
8.422114797265065178e+00
1.550397155177037023e+00
-5.797493242848556605e+00
7.445532813214672530e+00
1.047954167852977747e+01
-9.702124703454822807e+00
2.142814172112788018e+00
-1.212738898697639955e+00
-1.847001143659575106e+01
1.704713235119973191e+00
-1.078218085878275545e+01
-2.584062059018936264e+00
3.408627120680178368e+00
-1.243741032407168134e+01
9.774993494141096306e+00
-1.559964183501886259e-01
-4.564646174543435464e+00
1.841479220103681769e+01
3.809329065676618775e+00
-1.330437856896408277e+01
-1.561530956211324650e+00
-1.777216540991335858e+00
5.052235964535823243e+00
6.729571465254219120e+00
8.534343238610023974e+00
3.406111910508218266e+00
3.524213879170511543e+00
1.481127342306545858e+00
1.633899899002127842e+00
-1.236965866545712611e+00
-4.827696844941815613e+00
9.076443002098377733e+00
-2.598222681852571991e+00
1.419702548695535027e+00
-5.028574077348837434e+00
-5.390064566444451089e+00
1.187847500332504858e+01
-4.692271997224802149e+00
-1.528429500348008174e+00
4.349069094649779643e+00
2.962421748121295551e+00
7.559274250522062033e+00
-1.693156389996004263e+00
2.636663501932877018e+00
6.988507033194385487e-02
-9.781464613114792428e+00
-4.873724311767607453e+00
1.532439830836823891e+00
-1.917484918106472946e+01
-6.198907945114138229e+00
-1.188705402125003863e+00
-2.434692310244249480e+00
-2.229162162687975179e+00
8.182970194991918689e+00
6.718502453922432949e+00
1.511122841393028615e+01
-2.678562148384631136e+00
6.894259148455372355e+00
1.425339287293654333e+00
-3.673887537027627381e+00
-1.095663749918616325e+01
-2.873861858870520258e+00
2.562141148242993438e+00
-1.284254955409000054e+01
8.230129960383106846e-01
-7.099860820686958895e+00
1.274185558704964194e+00
-2.441044619724730325e+01
-1.146443715766687887e+01
6.024814918650612583e+00
7.828710303833080530e+00
-6.690397364004102343e+00
7.750873487710505216e+00
-4.464849719369220482e-01
-5.335298958081673426e+00
-1.221698469669531306e+01
1.048092572237866982e+01
-3.476249371385885745e+00
3.600240011579740163e+00
4.656422027340945569e+00
1.320190517652405049e+01
-7.345109194282715137e+00
1.900622660416186660e+00
-2.136841980997550738e+00
-9.980011463879872480e+00
-2.343001193738733168e+00
-5.450102053208373931e+00
-9.251517403426339214e+00
1.018361074838363578e+01
-6.706892046156886167e+00
-1.713686134427987540e+01
-3.647519205933585695e+00
8.577884783204421382e-01
1.023823241089242053e+01
9.371848612904054576e-01
-2.619059573975492938e+00
1.136175455743791085e+00
-1.189712765700477126e+00
-1.800134416746395516e+00
-9.350143628495755088e-01
-1.512424849536643912e+00
-9.233968812251340808e+00
-8.770214423853762042e+00
9.906946262579288121e-01
4.031917021993438155e+00
-7.416153539897170965e+00
-7.217460270398674993e+00
1.455867110392014663e+00
5.677217787374933877e+00
-5.231379958364977156e+00
1.105921765127974865e+01
-9.941096494219998192e+00
-7.563046904778147450e+00
3.869435330065574608e+00
-4.577457332480050489e+00
8.837333627202322850e-01
2.438836871206349510e+00
1.552298366627048898e+00
-2.854562123530248741e-01
6.037965767465242051e-01
8.871910223642281323e+00
1.147105299591689054e+00
-3.737339190061531813e+00
2.240246840490583313e+00
-6.910338769525406377e+00
1.134959812512363264e+01
4.154353330050713389e+00
1.468423624377084913e+01
-7.634256872284364004e-01
-8.971350198873425441e+00
9.531627365871553792e+00
-6.004360690405392553e+00
-1.639336480169979993e+01
5.615802081177153404e+00
2.861616984948914588e+00
1.075534007358070632e+01
-1.601690656253216050e+00
-9.388492511242546357e+00
2.548601420249188010e+00
-7.020449678576165198e+00
-5.316647958173006394e+00
-7.106551443886156783e+00
-8.104741407049338431e-01
5.512322663953630020e+00
9.703584702677186868e+00
-4.371205875667769192e+00
5.598195668436697581e+00
-1.322228002510926359e+01
-2.551847558647203140e+00
-1.557864111185440548e+00
1.065365397835500794e+01
-9.483661101843157581e+00
-1.706375812262664837e+01
-9.530068280834566252e+00
-1.744405175593861212e+00
8.516689737534514748e+00
6.286025877771872494e-02
4.839102173756546499e+00
9.091825603232157604e+00
3.710373846579468893e+00
3.979105900387950090e+00
6.904571194787509469e+00
7.177762680899299141e+00
6.206810445152102229e-01
-3.855859895097597079e+00
-7.955156929538209631e-02
2.520867367855554431e+00
2.261251793284006606e+00
-9.658469866426472095e+00
-2.701407760172755967e-01
3.314079195890098806e+00
-1.160854317628565946e+00
-4.392210376852077047e+00
2.490902106348469314e+00
-1.910798662080317456e+00
-9.561732616864665246e+00
-1.006265050226966551e+01
-1.053494038219606566e+01
1.048390140850575136e+00
2.798213139610929989e-01
-2.180146016171459422e+00
-6.966940160794269588e+00
1.177259541222796102e+01
-5.051286142850085703e+00
8.936427911731781748e+00
-3.232948881465511626e+00
-1.086017078389395074e+01
4.579278421688806944e+00
-9.220872450591290459e+00
-6.083841102277120605e+00
1.540136236528109936e+00
3.030847251415385024e+00
-9.533991738410746430e-01
7.066582656109212657e+00
2.015810335289192068e+00
-6.654789354827382875e-01
9.431770385547366686e-02
2.761299296447979668e+00
-5.759406259658161886e+00
-5.551678363834403385e+00
2.184826855888696784e+01
-3.559968027324957873e+00
-6.882728625615937013e+00
-1.021145551482544178e+01
-4.956775842253739128e+00
-7.469342124216074907e+00
1.370165662460501643e+01
-3.707946905676982041e+00
-8.710929672116760614e+00
-9.397247584203951121e+00
2.458411064965021264e+00
-1.040202891585624556e+01
-1.122850210768493184e+01
1.773286457348374512e+01
-2.593454173079498215e+00
1.627997680345012244e+00
2.944841727262954123e+00
-9.586537667892909287e-01
5.406696700344835627e+00
-7.963014938258625719e-01
-1.209196040973940001e+01
-6.661191074016881153e+00
-7.560881513708584301e+00
-7.014198811114023435e+00
4.711802011328897422e+00
5.653785038597098023e+00
1.302706678605220159e+00
-5.729322065763794214e+00
-1.129076728071072111e+01
-5.194189655376351133e+00
7.114124969500633000e+00
-4.725069129887624619e+00
-6.743376437530966605e+00
6.579037342762948271e+00
9.846600415134460604e+00
-9.026313182867081730e-01
-5.025868228565602003e-01
6.721745780663011871e+00
7.597939290151856540e+00
-4.456575082632783236e+00
3.511035441428782988e+00
-7.280469155039000384e+00
-5.503202640043927119e+00
-1.810315222308808814e+01
1.084485471087818809e+01
-8.725362392862949790e+00
6.031033247209795611e+00
6.406471605824813231e+00
-7.807963468485509040e+00
-1.534326349080502361e+00
-1.240252883878330437e+00
1.529270691455025322e+01
-6.680344766337002582e+00
-5.319092275596061015e+00
-5.605287616082368807e+00
8.515867205201415047e+00
-8.906367869818907934e+00
1.389876234729158222e+00
6.644370490697243170e+00
8.849351163335166248e+00
1.192891983690079094e+00
-1.260028197440352571e+01
-3.775989567601614638e+00
-1.090299384189303744e+01
-1.008801559930679215e+00
5.724973658830572631e+00
-3.884905502621398998e+00
-9.474674554787849701e+00
2.463784010665329482e+00
-8.747914527766123882e+00
1.482173005955980116e+00
-1.105955041462582500e+01
4.573339122678674151e+00
6.899543131409928698e+00
-5.157565822848791948e-04
-1.101986700985586598e-01
2.699445319893062356e-01
-1.654595644062369031e+00
-8.754702331585633601e+00
-7.040824026578730299e-01
1.703185635755070537e+00
-1.250687494983349524e+01
-1.001554226048252616e+00
-1.391485320352244592e+01
-4.311625918039296401e+00
-9.784313559616558464e+00
-6.900159120748337038e+00
-7.060575288209689937e+00
2.664621505631004084e+00
-6.665910131173156117e+00
-5.727168704984366698e+00
-5.642182648311840687e+00
-3.797361039071446953e+00
-3.567043948137635923e+00
-6.153486425915960512e-02
-1.202888371932828937e+00
1.805631574526703975e+00
7.728228964154832070e+00
-1.602817217438082409e+01
-1.841496198394203532e-01
2.841781443948833363e+00
2.623833882190840239e-01
3.904318286222772105e+00
-1.009088684858885898e+01
-1.855221101046704568e-01
4.879334233611745120e+00
3.308636699377717427e+00
-1.740590098537740715e+01
-3.012348879311469219e+00
5.360861539074530668e+00
2.046479162425267617e+00
2.064138671690763704e+00
-3.872276436550332157e+00
-6.411604886585955398e+00
-2.911518616524832570e+00
-1.406557458638264091e+00
7.572952697939361322e+00
2.508121431303933946e+00
3.015762303852942416e+00
-8.501825605638169137e-01
-9.764499164607469694e+00
-1.286752846472916900e+01
7.722304825430913455e-01
5.034623136040757174e+00
1.999234094431049602e+00
-8.100855604799875209e+00
8.078599089566715463e+00
1.344874199759513367e+01
-1.266696860536426428e+01
-9.762369873476391291e+00
3.276695311071758265e+00
1.302402121219607078e+00
4.959470808218075177e+00
-6.422181986125447217e+00
-2.041702197685293818e+00
1.421081177055213640e+00
1.604146731287394934e+00
9.917250014430836202e+00
-1.427418697201323639e+01
5.308382606277438853e+00
4.325666570960772006e+00
-8.146027636212082257e+00
5.003787982855278926e-03
-8.245567599757793076e+00
-3.918058664213693199e+00
-1.430095137711746567e+00
1.079549410975790380e+01
8.932165336531108224e-01
8.053610660058684090e+00
-4.584796789833513131e+00
1.407270372704179984e+01
5.040308496315561548e+00
-2.410762352105771722e+00
-9.072585772266291926e+00
2.264995331128350831e+00
1.193874770104571326e+01
1.168884662443543654e+01
1.620229330133033052e+00
7.266388899345423091e+00
-1.257898512551908210e+00
2.990837647181956882e+00
6.564667217604003291e+00
4.072561149738961994e+00
-1.727094653624470233e+00
1.957411844858279126e+00
8.353470594359528434e+00
-2.479123009660625598e+00
1.331760893101733290e+00
-2.018192111119201826e+00
4.553630534817638242e+00
-1.466997716185415612e+01
-5.976587899181595720e-01
-8.054011548051969172e+00
-3.172799550556939963e+00
-1.039199031482520041e+01
-3.229501719636669321e+00
3.940528608790562437e+00
-2.642624846315913434e+00
-5.128213855218042738e+00
3.534957862317561705e+00
-8.924177271446202653e+00
-5.629785008292556903e+00
4.706679477743501039e+00
8.590194627426346319e-01
-2.723310965519671889e+00
1.386569627321451614e+00
1.084867181160023719e+01
-7.370565945939261399e-01
-1.388837040105438181e+00
-7.074379158963584935e+00
5.508761566762673034e+00
1.681103240428226187e+01
-1.556755319993161635e+00
-2.367100096209765425e+01
1.318481888585420769e+01
3.415074750838590134e+00
-1.094980931727503659e+01
6.826980029094212199e+00
1.257614602517035074e+01
-8.278065086773460646e-01
4.034617307617471837e+00
-1.185407516492220381e+01
2.944760117446379333e+00
8.982311390704774468e+00
2.505572709575186741e-01
-9.922867912269916602e+00
1.087971813266927512e+01
-1.409956563302296217e+01
2.971676843155569792e+00
2.286221504592037768e+00
9.222063838163693461e+00
9.488379547787709756e-01
-4.439156067099895964e+00
-5.234926957647399348e+00
6.369233119910114205e+00
9.582448128896028372e-01
-7.968196165082380489e+00
7.300013928119263973e+00
-3.255667075282834944e+00
3.037355610425741759e+00
-3.931896262263186337e+00
1.911472340827292626e+01
-6.527657981178657920e+00
-6.716595612627106249e+00
3.374036075621351660e-01
9.250409574857490824e+00
-7.131717890352601508e+00
-1.379487718766727822e+00
-5.947534317967700934e-01
1.197578252691783263e+01
-4.486039175469002771e+00
3.944048753970574417e+00
-3.606134901690635886e+00
6.058857412411788879e-01
4.130835173332444654e+00
-1.095073199892769722e+01
-6.324875400186239283e+00
-1.121447631894413988e+01
-1.722962498254121844e+00
1.687336111112503545e+01
-8.833876872146035453e+00
2.540605893796693771e+00
1.501303889004770298e+01
7.179860631509897395e+00
-7.242239096557373301e+00
4.786566684939094429e+00
-2.630864103423031342e+00
2.958733247833095215e-01
8.664084411449874068e+00
1.377623338765871530e+01
-8.375517631233813987e+00
-2.170649212115336901e+00
-5.021935227870382157e+00
2.552849077857637372e+00
-8.693143791160004241e+00
2.635830715009856995e+00
3.924844407670363911e+00
-1.130748011472512182e+01
8.730188866695328898e+00
-3.981337686610025628e+00
-3.310080305660603628e+00
-1.467475341550574797e+00
-7.871827913055332360e+00
-6.665239869080363810e-02
-3.600621761823257216e+00
-7.976684260612673327e+00
2.345988811294811960e+00
-5.260615446383439142e+00
6.977716998558095796e+00
8.033200012923511935e+00
5.406298327162855522e+00
2.875070921681083469e+00
8.233201464024038074e-01
-7.935057429828238362e+00
-4.688990956169375224e+00
9.504386362452157400e+00
4.331852564272241857e+00
7.596499599963344451e+00
8.026096707254762208e+00
-1.015124058613320202e+01
9.788697311045003957e+00
-3.052220600709970810e+00
-8.256784318562104374e+00
-7.531406816280934891e+00
-2.658313168906115909e+00
-1.649797206045065856e+00
-7.548399829531861727e+00
-4.527987250513883843e+00
7.863911149737030648e-01
-7.196093901414275074e+00
-9.506138897483980443e+00
2.042365923862589128e+01
5.769973492873160303e+00
-9.730546131489480999e+00
4.852686412619132916e+00
-3.965851941551339799e+00
1.090978819088897112e+01
-5.263549519296880419e+00
1.166151074948697364e+01
-6.101568114447211144e+00
5.975679304154657423e+00
2.759501056759331217e+00
-2.181556302575911488e+00
1.813193402965950085e+01
-9.487945604350809248e+00
-1.900561674572539062e+01
-5.732230437876788542e+00
3.737969805484676833e+00
3.688721023497063545e+00
-4.498052475772060799e-01
3.448673920353032329e+00
-2.249675216194177985e+00
7.900987393695398708e+00
-2.068334226491168160e+00
-1.148363237542567816e+01
-4.554381054284910135e+00
-1.516824266533468446e+01
-1.022855962805997221e+00
1.884109457962542677e+01
-4.982124519562952658e-02
2.042571831137625971e+00
3.659535551806579967e+00
-3.086465469910412374e+00
-5.551947299269638592e+00
-8.431543528884171579e+00
-2.715724649721807715e+00
2.409605628420087076e+00
-1.841495877071894105e+00
-2.629308319226240087e+00
2.138470440932228378e+00
5.353870612305012822e-01
-7.643446932227934809e+00
1.385368924432768623e+01
6.207270606497496956e+00
-2.501638820201698810e+00
6.698424517080265872e+00
1.093960969019573781e+01
-2.384434124033714575e+00
-3.303007979798454063e-01
7.214967511612355722e+00
-5.583258135926240762e+00
8.023059990672841479e+00
-1.716334075518815894e+00
8.145601382802807322e-01
5.219239792640585129e+00
-4.800185789369179612e-01
-2.575093899605717773e+00
-3.291516223644056494e-01
3.358262365902836333e+00
-1.916594846031907551e+01
-3.945730217823830266e+00
9.489828324987865216e+00
8.216428459860544820e+00
3.251700921620806373e+00
4.875587671838117032e+00
-4.614879380910533513e+00
5.018334358516585159e-02
4.276252609836682872e+00
-2.246898039433030458e+00
7.459674196333706320e+00
-9.382197699805425728e-01
-7.263042994184386814e+00
-9.266060558406499226e+00
1.063517343489926148e+01
8.499803110738588074e+00
-1.979167362350396031e+00
1.569703747925254511e+01
-4.772019670726062479e+00
1.177424277474786507e+00
5.049726735851630011e+00
1.567596792196860545e+00
3.955706411682364365e+00
-1.137977743184403856e+01
1.122668310133954783e+01
8.610590885416344875e+00
8.618630981310028361e+00
8.335745258501747301e+00
1.993103449321207066e+01
2.847194474245950513e+00
8.383313592423599303e+00
-2.774477558487523421e+00
1.296753497088860207e+01
-8.390785170550266514e+00
2.404663679849396996e-01
-1.039328162251491783e+01
5.106510155400400208e+00
2.001221734352352843e+00
-1.257057102056879927e+00
-3.760371896683000426e+00
-3.209442709199310073e+00
1.431024767911379314e+01
2.760346613321577713e+00
-1.599488355520269911e+00
-2.842274519497849816e+00
4.361967359714976844e+00
3.135011414605341606e+00
3.300258091311436104e+00
-1.003661745747446155e+01
1.367436323457761116e+00
5.269338224786671354e+00
1.202750801965261962e+00
-3.353578813818594462e+00
2.577482180122420807e+00
-8.354452580416591445e+00
-5.014440832953336979e+00
6.158800214502770487e+00
8.285792466424641844e+00
1.642067959952881040e+01
9.737937813421437383e+00
-1.868088047483458425e+01
3.758008409358096991e+00
8.788651193584056109e-01
7.978953558144890934e+00
5.861276242860992136e-01
2.680849211461753256e+00
-1.416699679066743878e+00
-1.413284899148375073e+00
6.187926602712614077e+00
-3.615041756331510481e+00
-8.878770622065397689e+00
-5.115698000685261704e+00
-7.637251333111241269e-01
1.281260608872655915e+00
1.008761466663962714e-02
4.129886282831945366e+00
5.941756872398453737e+00
-2.216030241315063432e+00
3.010199047794671845e+00
-1.236771559060767345e+01
-3.798149864030609280e+00
2.020762746020295375e-01
3.049523431506751425e+00
9.690673344544556755e+00
-1.035304683180882712e+01
2.981876521281147330e+00
-4.669209845188242447e+00
-5.498827568733991034e-02
-9.176554169759215895e+00
-1.325994666244958431e-01
2.475718620712592077e+00
5.263294708064490957e-01
-7.963644131905579293e+00
-1.436716224802406039e+01
8.025025588737962678e+00
3.741978964072656844e+00
-2.342774378025405113e+00
7.692395877653297021e+00
-7.848802601554619507e+00
9.987131833856846441e+00
2.298306931814679821e+00
-6.166243321282932399e+00
-5.536854162394769574e+00
1.266738306921123325e+01
3.669421563696969368e+00
4.440408076494350986e+00
-4.575861841118214812e+00
1.414231947348012497e+01
8.273875025747278400e+00
1.797644602063870334e-01
5.068810859218132236e+00
3.782510822297116881e+00
-1.171910980014529358e+01
-1.246846592956064370e+01
4.013354127183230702e+00
1.699335380633481218e+00
3.358892317693966234e+00
1.522200363042839788e+00
-1.569400963086642564e+00
1.153802486154401485e+01
9.223472115553303041e+00
-2.963704512152718351e+00
7.233543253166015319e+00
9.272830678130288273e-01
1.903392833939510531e+00
-1.352341329054203012e+00
7.418682320228020544e+00
-2.395832344691157800e+00
5.620246904349446737e+00
-8.226321905587168359e+00
9.877537035648266794e+00
4.748512809651192157e+00
-7.029805927525738518e-01
1.884844197316192238e+00
-6.654840607650869266e+00
-2.801053240284421708e+00
8.144881957469177536e+00
4.968563557454445112e-01
-4.747981074797872125e+00
5.627320825253709025e+00
8.094896179724980101e+00
2.907479698122954925e+00
-1.115688799892603456e+01
-2.171876659108259222e+00
1.192131376732647352e+00
8.782277069340427289e+00
3.201559105611648803e+00
3.997200773402740381e+00
-2.200387491711107479e+00
-1.169123282001145014e+00
5.766162045001206327e-01
-1.564789103214103028e+00
-4.250216532631805322e+00
5.304954567261272125e+00
-3.682669397536295630e-01
1.213840401681031800e+00
5.453157476393086789e+00
1.199065640294648816e+01
3.987268650193681374e+00
-6.408385863679287198e+00
4.315363207996632866e+00
2.237159615131071866e-01
1.473346512494232208e+01
3.919953866747093674e+00
3.064124597939259509e+00
8.575517140097804969e+00
-3.982366596962571670e+00
9.892256727438724084e-01
2.174337042918087715e+00
-4.823834243136821409e-01
1.055650601424347101e+01
4.904618845192704191e-02
6.249033535700715625e+00
4.698761272860594862e-01
-6.384922406582168586e-01
5.304745784125382002e-01
8.022403296133948203e+00
-3.558557529917039552e+00
-1.822035729145566441e+00
2.017712947016423009e+00
-3.861742052531327740e+00
-6.836299972869522179e+00
3.282095194021384721e+00
-2.715084847857938577e+00
3.105440785746082177e+00
4.924463503639397999e-01
-4.280016667652108531e+00
1.962480908839255633e+00
-7.320065622413114426e+00
-5.480330689866761418e+00
-4.138072520364542761e+00
3.736313830884154363e+00
2.386822734038070992e-01
-1.497670439782355878e+01
-1.556987105420342576e+00
6.119498748489119677e+00
2.480900452317566618e+00
3.411095913851625028e-02
1.167886730522291039e+01
-1.270205026409342963e+01
1.333989411457698893e+00
6.626665402061068910e+00
-2.953856519643818235e+00
1.966992921258092331e+00
-4.867190225207974841e+00
-4.276252881463226352e+00
-6.153931379891397491e+00
2.484276151519118070e-01
1.283143764537351927e+01
1.970681045501761153e+00
-5.698129069204409092e+00
1.196996389538917960e+01
-9.713382162864418135e+00
-3.093823750405587436e+00
1.825885294039186979e+00
-3.306610946293608411e+00
4.743494959477628115e+00
2.870656633708313699e+00
-8.138245497027513764e+00
-1.051487027772650329e+01
3.119830055452941231e-01
-5.030425478680982110e+00
-2.958197565619807290e-01
1.257398740082976119e+01
-1.136348594239268550e+01
5.423028573381042605e+00
-4.687105098475443654e+00
1.447421179004076741e+01
8.525486897259076713e+00
6.829870965480723477e+00
-1.646472688275444085e+01
2.784932993193121931e+00
4.354307400393073735e+00
1.362820913271424850e+00
1.076417998281279820e+00
7.798882924593057986e+00
-6.951422766800511965e+00
