1.723319788911928896e+01
-6.079950006083373637e+01
3.840638194877009681e+01
4.727430398088766594e+01
1.135991359486187093e+02
1.183764212637785249e+02
4.313204348695825985e+01
-5.483303938533940425e+01
6.576815167498736514e+01
-1.784029736596179916e+01
7.415879628385572175e+01
-1.044643725829972283e+02
-3.984212136684556071e+01
-5.113241765922246218e-01
-3.645189150805791201e+01
4.322486982413023782e+01
-3.833786441741965945e+01
-1.832205916097707998e+01
2.549020864905648409e+01
2.848916554423481529e+01
-3.688102004754276919e+01
3.702347897436997926e+01
2.385361203874876068e+01
-8.301124302401637678e+00
3.529443876628370447e+01
4.578752270556754667e+01
7.193395386440870709e+01
6.506037119704066640e+01
2.762630802087562643e+01
8.768617163655451918e+01
-1.425626743309853239e+01
5.762058216939865929e+01
2.876749293560784793e+01
4.702229773597051121e+01
-2.394434662940932412e+01
2.213636845543780396e+01
1.506885237638078365e+02
7.402514429221122327e+01
-1.566230458553093730e+00
-2.323913317774147202e+01
6.441587327720894152e+00
-1.895969045454774005e+01
2.091557342178103518e+00
-2.711126745232588675e+01
5.486152187155001059e+01
1.494420049291621240e+02
1.636802484415040482e+01
-7.061768877230340991e+01
8.275443645384368097e+01
-2.998897044857315564e+01
2.411826945016945345e+01
-8.876659787362842735e+01
-5.594896726066401982e+01
-3.740010389065455243e+00
-1.033486448391375632e+02
-3.345021342100542938e+01
1.237633785606383441e+01
-6.947636451586518547e+01
-5.643217232551553764e+01
-4.064426017145463277e+01
2.028833816660196021e+01
-7.351368938986865942e+01
5.243698697332051495e+01
-3.320040121427138047e+01
-2.833493404861295062e+01
6.752866607779832009e+01
2.247598363947773237e+01
4.467930067895532886e+01
9.800349069677037050e+01
6.794585144878124083e+01
-3.024328221526976535e+01
-6.522928910748302656e+01
6.416764816489504142e+01
9.239081733835794807e+01
-7.464045118212703755e+01
-3.506761209547367741e+01
-6.102531884054595679e+00
8.473201097559733341e+01
1.069929620455326535e+01
4.772567026016598390e+01
-1.548736093424882654e+01
3.625110261960831792e+01
-1.089181123191299960e+01
1.160547266206322803e+01
4.206958162398352385e+01
6.513265747828646113e+01
-8.288420531310119799e+00
1.316959044998839090e+01
-1.128547766503305638e+01
4.770765830520905126e+01
1.983279588234431756e+01
5.520071757082634178e+01
-1.717673422672432437e+01
7.348275188359769672e+00
2.507312705515280982e+01
-7.599500520075389431e+01
6.542246508337487398e+01
3.163544064977580206e+01
5.358237518331088722e+01
4.643932458718465739e+01
5.881300824487531109e+00
3.705436471921508712e+01
-5.435861802431242040e+01
-2.062250087246431995e+00
2.295265991183142873e+01
4.213889826965081653e+01
-8.556200842682308405e+00
-1.315779770214571442e+01
5.171080550482691507e+01
2.368632828119859823e+01
-1.190631758692254323e+02
3.651096712890576867e+01
5.683855033278999258e+01
1.922069586044076672e+01
1.957176716122995686e+01
2.189997345650617433e+01
-9.209773588224709329e+01
4.632140446599545824e-01
-1.258715219038725053e+01
7.075412819017471122e+01
-5.848470242300400912e+01
1.787282987475367069e-01
-9.120669149204346127e+01
-4.355827665865091625e+00
9.676691295181937491e+00
-8.640701107910640388e+00
7.472109100084335864e+01
2.981030125335968251e+01
5.201365612469690802e+01
-6.800967606113489694e+01
4.356351776520293839e+01
-7.322005082589456038e+01
-1.082988837498648138e+01
1.621213864997767118e+01
-9.747315241488438531e+00
-5.385217109415656012e+01
7.456285606776256714e+01
-2.468074990178354966e+01
-2.975178884965607295e+01
-4.894889853084947617e+01
2.563534552833302982e+01
-1.373999176968399993e+01
-1.717596330294568219e+01
1.370059818921473038e+02
5.251591237341385110e+00
3.249804377306034553e+01
4.388987010855545634e+01
-3.951909384388901003e+01
1.759188747180359158e+01
1.017237526969850876e+02
4.473665174788300192e+01
-3.994706116274077345e+01
4.188975151436792999e+01
-7.021087553161484607e+01
-7.223043732884747214e+01
-6.219097403030603743e+01
3.942506663543641565e+01
3.233650063284972020e+01
-2.562935625722147392e+01
3.003928956827091667e+01
1.992903587667531795e+01
-7.180925518017245679e+01
5.075541169174493916e+01
-8.624069212504535287e+00
3.882224858754405972e+01
1.908976088316902064e+01
-4.897543428449478142e+01
-1.444568598321025377e+02
3.428509334794314611e+01
-6.990923485333516396e+01
-2.051864300213667391e+01
-4.990169755787766803e+01
-2.300124011731578122e+01
-5.377069030935533078e+01
1.675629799957696164e+01
-5.436024207480156178e+01
4.013339159414483248e+01
1.021923366089511944e+02
5.923640307862129362e+01
7.727722977503665902e+01
5.795127515979921640e+01
3.503918106388454135e+01
-5.419070561281380805e+01
-1.214792086346373594e+02
-1.086346115168129067e+01
-3.732707697511856537e+01
9.104298441555817689e+00
3.761456269576679290e+01
-3.942879734333608610e+01
-8.149335582374190778e+01
-3.632704559704900760e+01
5.383891784597609131e+01
3.819434211728821538e+01
-2.133773218663772120e+00
-1.713033370790781973e+01
-2.239963599250035742e+00
4.242981591831436106e+01
6.577847866932276588e+01
-8.109677261125725067e+01
-3.544949416995687841e+01
3.218659087957359333e+01
-4.617308338591827521e+01
-2.738860252061547484e+01
8.469247842613098953e+01
-1.733128274355503429e+00
-5.000938497554243156e+01
-5.455888166300224995e+00
1.936172722595248175e+01
-5.744323767685995819e+01
-1.876288788797942075e+01
-1.497602779340964219e+01
-1.008412393600939616e+01
-5.707519500199481399e+01
-4.068414067239812937e+01
-4.476334711664050303e+01
-1.330814627659479186e+02
-1.734857501951598024e+01
-5.702992459699510164e+01
1.013164089307139193e+01
1.242505619075660306e+01
-1.347851771896739947e+01
-7.957807510053079625e+00
-5.987977849876153780e-01
2.006679530861264737e+01
6.123995418858444850e+01
3.668251771562731989e+01
-1.925526452775033093e+01
-2.108745127214780268e+01
3.174710579316526449e+00
1.163510625557248090e+02
-5.004079152129539665e+01
-5.326342713389142602e+01
1.697742230867692470e+01
-5.421861761568089122e+01
2.272729313195969780e+01
1.896377119035874514e+01
-4.205350049081479824e+01
-2.393028985449882384e+01
2.306401889449669795e+01
-2.095887166457962536e+01
-6.332516756678267456e+01
-6.494229559660501749e+00
-3.736367056544496279e+01
3.068601943646367758e+01
-6.090335756424924085e+01
6.257011361793899340e+01
1.897136401377172277e+01
-6.297646869924022894e+01
-9.601382854335414052e+00
1.270963575145506752e+02
1.518628708691992202e+01
-2.327160339828008517e+01
9.731893026971293992e+00
1.325223590035751542e+01
1.054353785559269170e+02
-4.596939245780903605e+01
3.235017965111770089e+00
-3.507566781173730774e+00
9.807460891470931585e+00
4.830186557740380238e+01
5.759638540419685171e+01
7.276108264425923267e+01
-2.457931299532210900e+01
5.936101735846878447e-02
2.409098356762742554e+01
3.602729318660371405e+01
8.514507533056271882e+01
7.077216228166292922e+01
1.260464191637414757e+02
-1.074520214039010853e+02
3.581724253099118016e+01
-1.351300251929147489e+00
1.080385763773804264e+01
4.057070723023363712e+01
-4.521010951499575015e+01
-7.531822562921666986e+01
7.498530087329714888e+01
-2.183102623087702909e+01
-8.163611643011613239e+01
1.377849793861528660e+01
2.768673510516543601e+01
4.790341110756713050e+01
5.165069804032503953e+01
7.011194162536436458e+00
7.810311980571744073e+01
-6.580445816182984231e+01
-1.618716842438698222e+01
-5.592363409055320034e+01
-7.465525313814177366e+01
-8.302420571778677072e+01
-2.419921307186833204e+01
9.709694400948036375e+00
5.185607095034561631e+00
6.478227862673713311e+00
-4.132601209002682197e+01
-2.530031693014442595e+01
6.902425457105448459e+01
-4.462045931788916420e+01
-5.052790823954435240e+01
6.395693781890107488e+01
-7.045569126797616377e+01
7.010929076247374780e+01
-4.848939479675276942e+01
7.466922266578785639e+01
1.895080984149709025e+01
8.459679133105144189e+00
-2.634810159417249764e+01
1.021523681455533250e+01
-3.601791852515710701e+01
-1.981503800331240939e+01
-1.593831922826830692e+02
9.502256390232433070e-01
-6.005016570146587185e+00
-9.362658611375391615e+01
-6.263957467827034975e+01
-1.250535872549785310e+01
5.536728417151955028e+01
4.711776238338734046e-01
4.560547728978781912e+00
-2.064515157347672414e+01
-4.017461168320343745e+01
1.041085108673767650e+02
2.115537762270414390e+01
-1.692844965018653980e+01
-4.006298768911633346e+01
3.268637899023916304e+01
-5.040086251854206978e+01
8.483362497674118430e+00
5.624381574173128229e+01
5.058158974698145904e+00
5.976692712934882579e+00
1.694236333667118544e+01
-1.692022236960653174e+02
2.561133457006067093e+00
-3.006784622555271369e+01
1.421289831517532321e+01
4.058410021796703404e+01
-1.068776217434639975e+01
1.963302174361477626e+01
-9.999671989291584850e+00
1.115869339931029991e+01
5.511142293119218749e+01
2.416466714263613369e+00
-5.881705936112826549e+00
3.168148393668441543e+01
3.277204417918079926e+00
-5.692024764865865905e+01
-3.745868571664917113e+01
8.229034690337874380e+00
-1.405151420631172154e+00
-5.493188423561214506e+00
2.430974024043320014e+01
-4.973350873363061453e+01
5.608828450874433713e+01
3.429643258915390902e+00
-1.384770886014671021e+02
9.415959323358551103e+01
8.483489547243354423e+01
-3.648731564227932012e+01
-1.550983559938144074e+00
-3.885147725990365331e+01
1.056673070055704144e+01
1.859531164614515220e+01
-5.130393981498157530e+01
-9.257750620176469880e+00
1.339525191571750984e+00
-1.226306874033081229e+01
-6.946706777048293091e+00
-1.167075998017288674e+00
3.960322366861204557e+01
-4.086398216748311540e+01
-5.828594314167975909e+01
-8.815911361926787038e+01
-7.708036387915246479e+00
-8.510540771106748537e+01
-1.800842291738986489e+01
-4.577284548818948196e+01
-1.041338065379254552e+01
-1.922983285608997051e+01
3.050760877515805447e+01
3.793081820499004664e+01
6.470697579017256373e+01
-2.973363285788964561e+01
3.182322548638305904e+01
-6.861651306695566888e+00
8.120303342566668192e+00
2.981574768580261292e+01
1.057816898501619391e+02
4.113809113948455831e+01
1.311063757708438970e+00
-5.111292443608311586e+00
7.938586092178350384e+01
-1.869485395528728233e+01
-7.138954297101138025e+01
-3.117078150412521609e+01
1.483542423277681799e+01
-6.498884817628095334e+01
-4.914689598949567539e+01
4.793070042544056264e+01
-1.865567135384688324e+00
1.160966129296081988e+02
5.901801457538707041e+01
1.342234985516802759e+01
7.374829074150596853e+01
9.013293129469730047e+00
1.149782853623639056e+01
-4.512340145876063957e+01
-8.380839428511373512e+01
1.266796443950720459e+02
-5.436147257764859830e+01
-5.559916182554475839e+00
8.503752847024375683e+01
-1.864201389136407983e+01
-5.491005374107062664e+01
-3.272797829618063048e+01
2.130243136953673400e+01
2.195432801001172862e+01
-4.395926461652833694e+01
-3.955224431210288571e+01
-5.468365979762459261e+01
-4.121921706737466273e+00
-8.775300894777768690e+01
-1.082329811968459410e+02
-9.437245348704567505e+01
-4.407367577226827393e+01
5.085301881701194127e+00
8.417822701829769017e+01
3.577659578175332911e+01
-7.164360920689939860e+01
5.295196263530640834e+01
9.822814908579303506e+00
-8.808753861254412953e+00
1.431228227155601829e+01
6.920888632420561848e+00
5.749047067018480561e+01
5.041592496253933575e+01
5.124685655350095459e+01
5.190558925648269195e+01
-3.673698882873391369e+01
1.558640719229410898e+01
-3.336917241112303856e+01
-4.867272952327740398e+01
8.512136955939563876e+00
1.153609276418352749e+02
3.760855418006083539e+01
6.031379402149910618e+01
-3.596687864575334004e+01
-4.422494343289705654e+01
-2.053458046927888248e+01
3.829433006813081164e+01
4.828874853329391215e+01
2.956652060155494155e+01
-4.012687211614618121e+01
-2.981928115480428687e+00
4.846266550839510501e+01
-3.602148410750396579e+01
3.587289386991746909e+01
2.600712164395881931e-01
2.696838328892511782e+01
1.678524498769750073e-01
-1.425593140413949200e+01
2.391740458717781337e+01
-1.262423075760726192e+02
7.768737854573822688e+01
1.314421966035289202e+01
-4.165403253541823148e+01
4.845268759469566078e+01
-3.003176144931840952e+01
1.020642371708934775e+02
-7.183859718599521216e+01
5.904737110687514701e+01
1.008175524806265244e+01
-3.337329061236994932e+01
2.525307821659290397e+01
-4.716780272200294633e+01
-4.606274938075181069e+01
8.366215945675508081e+00
-2.961178741512842549e+01
7.102725840614415631e+01
-8.760445085628126094e+01
8.896075048400935259e+01
1.140072962146521540e+01
2.796021648972872242e+01
-7.594310285671982186e+00
-4.587781188842193814e+01
-1.340975211084133356e+01
2.343760434429621498e+01
7.926110050870735790e+01
7.886089416417468634e+00
-4.172177627199962302e+01
-4.098237659707503866e+00
-1.909920144357926119e+01
-1.189096693426399440e+02
8.131716844116608556e+00
3.288994258315074859e+01
-1.050309788976543501e+01
3.315082182088246299e+01
1.823177369782261792e+01
-2.385958325736267227e+01
4.437815699869908315e+00
-1.902804437890973333e+01
8.797391742538653148e+01
-2.448739507425615969e+00
7.555042338364738264e+00
2.772080889017549765e+01
1.859927583564316222e+01
-2.523845994730680786e+01
-3.242276050615625849e+01
-2.779557774645264345e+01
3.451257873835963608e+01
5.089322278521461840e+01
-8.654046168386778959e+01
3.421819748101294323e+01
-7.456865644847673025e+01
-6.201207952089577979e+00
-7.421648991920781668e+01
-1.917065916156656158e+01
6.651608823666038894e+00
-4.928328398434319269e+01
2.311641742789886678e+01
8.942804099064614931e+00
7.757305095982763632e+00
1.266021535234729356e+01
-8.819076167604549710e+01
4.628689928756122640e+01
-3.317991256892327812e+01
9.274757586770846274e+00
-7.038719397745437334e+01
1.519932245601541467e+02
2.829916102262294331e+01
-3.195961627670504157e+01
1.987790926015944848e+01
5.487014730075505042e+01
1.729173031725795084e+01
2.938677774647349139e+01
5.474932464012500333e+01
-3.415088739470091728e+00
5.850541783001241924e+01
-7.691734072587155424e+01
-1.202076837626430361e+01
6.380826236935748597e+01
2.149415507535820069e+01
-1.554527341098283273e+02
-1.628957748501820646e+01
-2.300561945343464032e+01
-4.620158259669136669e+01
-5.935475218186695656e+00
1.773743611283135024e+01
1.702213339578152329e+01
-2.977947376675875901e+01
-2.456398043915402596e+01
-7.211000246424208626e+01
5.756174357234469596e+01
-5.525478835225034402e+01
-6.201870489029208500e+01
2.507929787579859138e+01
-7.540775102089965287e+01
1.042407346429466770e+02
3.695703027625445714e+01
8.816355089126145117e+01
-2.160211596569536852e+01
-1.149228870959293545e+02
3.564562398343040428e+01
-1.448561560692571675e+02
1.950815113291145053e+01
3.289150009304637479e+01
-6.276640066790606909e+01
-5.976375617273188823e+01
-4.400456720130786437e+01
-1.014016761007651297e+02
8.947831237588812314e+01
1.169973166166539258e+01
-3.669878346717763407e+01
3.080210096968204070e+01
4.319813596703883718e+01
6.454973852711772153e+00
-1.248034426306399602e+00
-1.961611007829267450e+01
4.227781498622584877e+01
2.708227516014934366e+01
-4.371886980791242650e+01
1.714702509205100700e+00
-2.595732665969504183e+01
-2.222029707909160834e+01
2.099736370986184752e+01
2.866006089282412361e+01
1.322888487835347959e+01
2.048979793696230800e+01
1.447232405164569968e+02
-6.551843037682475668e+00
-3.691691641680164793e+01
1.850036230809784854e+01
9.046851081054171573e+01
6.687298057067476975e+01
-8.705151403336687110e+01
9.749732865046239283e+01
3.474170634230873844e+01
-4.218755591245556502e+01
5.319390949689648096e+01
-8.967465578099482748e-01
-4.731952760060573837e+01
4.523306079904774180e+01
9.879821455320133339e+01
1.065600319532092186e+02
-8.186672252899246160e+00
3.019455735679172648e+01
-5.193626161565734201e+00
1.663327357208251556e+01
-7.257802148283579413e+01
-7.312548028490091667e+00
-1.284488916050847029e+00
8.774134380047085457e+00
-3.983872723887887446e+01
1.801765358338187539e+01
-7.876873114625986716e+01
1.230533036582694528e+01
7.204678325168119102e+01
-3.390854423041425036e+01
-3.757804934153746501e+00
5.797696526809853879e+01
-6.816069637792292468e+00
-5.194448080897630859e+01
2.160834660032618970e+01
8.395422106247173133e+01
-2.127687426093363854e+01
-1.324598969656453562e+01
-2.680420289057438055e+01
4.120475576406325757e+01
6.083814872151232578e+01
-2.486449189447163732e+01
-2.745142955885181735e+01
-1.443556820946902874e+01
-2.398696769325176348e+01
-1.390667298016081688e+01
-5.131583504369456250e+01
-5.460538778374328217e+01
-4.456377126313462611e+01
7.065831927473402629e+01
-6.480851472910720190e+01
5.243745372537745908e+01
1.187354692939303789e+02
-4.501705521412293365e+01
-5.334014629562076948e+00
-2.651814640687798885e+01
-3.098701768928060485e+00
-2.103611217421729407e+01
-1.136839175604012695e+02
1.225527797094826177e+01
-5.176959317765735591e+00
-3.050435190982061329e+01
1.630763948971805277e+01
-4.217376722261292343e+01
3.074424878898599189e+01
7.064097789319236043e+00
-1.593371012443675205e+01
1.493167179590425064e+01
1.810496272336573398e+01
1.053494704245478353e+01
-1.499763850996124859e+01
5.098867672479373780e+00
-2.294385842258927255e+01
1.048309549942201713e+01
-9.896401153025244923e+00
3.234581029974027899e+01
-8.921048357550248609e-01
-5.014992130144675286e+01
-3.632630667686584758e+01
-3.380873976500453892e+01
-6.555961158820568357e+01
-2.030122040865233046e+01
1.743095194125811487e+00
9.271624138709978524e+01
-4.071228532949860579e+01
2.520762658972967074e+01
-6.767032870553964585e+01
-9.120246486722814439e+01
-1.031225260658507459e+01
8.128927247689901492e+01
8.167074933055630481e+01
-1.119438300056162916e+01
-3.267351132120748503e+01
-1.823054205708741193e+01
3.296879989724006066e+01
2.994333995007847804e+01
1.250875685305810237e+01
2.993246669016016881e+01
6.683129972660457163e+00
5.644128295233547021e+01
1.331956115557887443e+01
1.019472475687857980e+02
-2.068552107473430368e+01
-5.177281747329284656e+01
-8.041836891794595488e+00
-7.131521333500316473e+01
3.068746990693456689e-01
-4.641199792020396231e+00
-1.131724463384972239e+02
-8.587821850091543752e+01
-1.085756083370588954e+01
2.120332284899827613e+01
5.001372457571953589e+00
5.038277339608519867e+01
-3.236847166024890043e+01
3.917524565856387397e+01
3.398360230587522324e+01
-4.586397040659380053e+01
-3.103080684926753108e+01
-2.966343174828229223e+01
-1.141246417081320530e+01
1.095510312850830985e+02
-2.548939087756850341e+01
-9.011015424641184879e+00
6.769364752889976522e+00
8.795022158132431045e+00
-1.171286957692865656e+02
-2.504868744859578200e+01
-7.145520942547897825e+00
7.682133220264535112e+01
1.146263766389176553e+01
-1.150177123275908713e+02
-8.601524407696453522e+01
-9.944281546500356450e-01
-2.855312229959199399e+01
-7.615896563144215747e+01
-8.477095629448086811e+01
7.354734212014525951e+01
2.833101771452251327e+01
9.581308977921159453e+01
2.923066803283222015e+01
-2.749916150523738878e+01
7.547534295701170493e+01
4.717618539654308663e+00
3.556906084166135429e+01
2.189559293000075257e+01
1.548584311787303713e+00
-2.018148555709580450e+01
1.536672001425056777e+00
-7.967863916470864893e+00
-4.124324482971205441e+01
-3.804706327811599920e+01
2.878345970906102380e+01
8.138987103501596820e+00
3.470549446666353788e+01
-2.704064985547848465e+01
-2.813702529531820318e+01
-1.736020087937416534e+01
-3.048728187425106029e+01
1.449224054708778020e+01
-4.036294593220577553e+01
-1.314225889072876541e+01
1.224251097842024016e+01
-4.307847911925163231e+01
-5.652746646395658559e+01
3.132005772327091719e+01
6.255577589406203565e+00
2.882546882982115477e+01
4.612825878007556923e+01
-3.827092740552809857e+01
3.146164440965364051e+01
-3.171729713943887585e+00
2.888879668815676638e+01
-2.126931132689180970e+01
-3.806319920441605120e+01
-2.057959586733344537e+01
-3.438973447681176054e+01
-3.455058110688051443e+01
-3.667247923291256484e+01
-1.164853677582657099e+01
-6.743090498454378245e-01
-6.555479631756961112e+01
-1.350450586618955526e+02
7.977948096908903608e+00
-3.481634912812734228e+01
2.758373612148869114e+01
-1.865361743276390172e+01
1.165369336242560792e+02
4.565476373582193759e+01
9.401296206060583138e-01
-4.891959627668011024e+01
-1.519891479666329426e+00
7.043014631207459786e+01
9.376156454802357487e+00
8.304940495159744529e+00
6.799525390988836193e+01
-1.284313964600858782e+01
5.368597949863391250e+01
-2.997266794979297089e+01
-3.389728034762631381e+01
-3.770004353225581895e+01
-1.253128604722922468e+01
-4.319955296193407435e+01
1.901830211035396445e+01
-3.396645456836448318e+01
1.857850633649918137e+01
-2.390718873980387738e+00
-1.576571658511389629e+01
3.428777082259055220e+01
2.100876765275155833e+01
1.476896319681980074e+01
-2.270808120377337147e+01
8.739530212652577745e+01
-3.048592794904599401e+01
-5.667663276695945740e+01
1.951708992130731701e+01
-4.294656451693764154e+01
2.179180582729095050e+01
-1.098790808831635815e+02
-5.944957053510464107e+01
-4.700062131967509060e+01
-2.680647147113103301e+01
2.208645569436434641e+01
-5.796901547188728898e+01
-6.940297171629711670e+01
-2.966729870435877814e+01
-1.241443908328682255e+02
1.067296728068197922e+02
-2.236884435837215079e+01
4.268138565786475880e+01
-8.568544050248938504e+01
-4.154978967568833781e+00
1.118029658143497613e+02
7.659785327560663859e+01
8.918840827034999563e+01
-2.748829741800997084e+01
-1.989665878902192020e+01
1.075643173148440157e+00
-5.343791623865212159e+01
4.057392431930170318e+01
-3.890000257133173989e+01
-8.095190973591888550e+00
-6.666863465605678130e+01
6.415355516988995532e+01
-6.609257700373548516e+01
6.175728923037158147e-01
1.528104225270331007e+01
-5.985600009639576058e+01
-3.679192100557311562e+01
4.193864102824564810e+01
1.200813173361708550e+02
1.773277080393366845e+01
6.519894028775453876e+01
-4.452596396084369701e+01
6.489959998770493144e+01
1.180017588918262277e+02
3.120930641860016230e+00
-1.647584270141492624e+01
6.404512876256328013e+01
1.266362875047499443e+02
-4.168126960214492138e-01
-6.095819077562675403e+01
7.072610671641893276e+00
-8.174505725629209962e+00
7.900055808833542415e+01
5.525271088178523371e+01
-4.227869537943938383e+01
-9.841677349196976010e+00
-5.033860973529921523e+01
6.407640063852954881e+01
-5.629746300689144078e+01
-6.039599169648683485e+00
-9.799048166140931215e+00
9.648060099488052543e+00
3.577216884264336727e+01
-2.936475810253265806e+01
-2.218453068077715429e+01
-5.593906922465419740e+01
-3.095093597410313890e+01
-8.432174666489829917e+01
-1.218796338796301981e+01
1.303902210344358714e+01
3.501218426072010459e+01
3.824205881461359979e+01
1.904548879419508722e+01
1.505371009429672569e+01
-3.916178870712708715e+01
4.061338363617849012e+01
6.088664341066292174e+00
3.554007714400774631e+01
-5.975525233083259025e+01
2.500805814184796105e+01
-7.540007787141957962e+00
-4.421658994579082957e+01
4.841924820840423749e+00
-1.283106031671698588e+02
-7.066268013697600736e+01
4.770276597238510163e+00
-6.214815508611746964e+01
5.546049309743603573e+01
3.979816730032403171e+01
2.175809945817986701e+01
3.647913350663148435e+01
-9.575164498422239490e+01
7.667411271582413690e+01
2.696435181814651827e+01
3.064045570049857758e+01
-2.360814677158927566e+01
5.247212453043687219e+01
5.220616663115454514e+01
2.463652178249451197e+01
-2.164539912934879240e+01
7.309729548262225762e+01
1.904386417371477291e+00
7.351561479241415498e+01
-1.412079094133882506e+01
4.722602969624159641e+01
-1.085416729450823681e+01
2.889539317355190917e+01
-3.309835879467804887e+01
-2.917705981686614081e+01
-1.592344678751851461e+01
7.630475765262463028e+01
1.128553784682563332e+02
-6.054696068623742633e+01
-8.279936344258064196e+01
1.424901880704777923e+01
3.018734578483612818e+00
4.632056323673140241e+01
1.833158232862005299e+00
2.405048500162478931e+01
1.022413525162651915e+01
3.229231935889571758e+01
-5.098939469614711584e+01
-1.387124220130173491e+01
-7.518939429842281186e+01
5.314261077026653624e+01
-6.788721451038543364e+01
3.681051362151505080e-01
2.858318264290909383e+01
4.342849914548308732e+01
4.267736224955746138e+01
8.727955412460313767e+01
-5.707927222675170498e+01
-1.753584773926555229e+01
-3.252351089070127443e+01
3.809940824835017992e+01
1.184021515306751482e+01
-2.611041609849553780e+01
5.546270066646022201e+01
2.204965624081413011e+01
-1.034002065541759521e+02
7.493174226982003461e+01
-4.002244083683484632e+01
9.389224738400520209e+01
1.033664280585031925e+01
-3.801846430278872813e+00
3.744496840212923416e+01
3.136240943939142056e+01
-1.897650864881737576e+01
1.088051255670701067e+02
-6.838214078724143974e+01
4.022891234310345787e+00
-1.150719722972680259e+01
1.056962507382388772e+01
1.349941888808114072e+02
-1.801844255089189772e+00
-8.875932005657423929e+01
7.124691374158699375e+01
-4.189427509002506156e+01
2.504148093760674243e+01
-5.830381156084119887e+00
-1.208320409495278227e+02
-7.086521621513840330e+01
1.296070872415048703e+00
-2.021108333311108041e+01
-2.288531643589154640e+01
-4.437814403490084203e+01
4.793432251522331455e+01
4.666348162369766328e+01
3.537780419124184306e+01
2.990972637631230668e+00
-2.636690785807726911e+01
-9.210529404804623255e+01
-4.185889392464184766e+01
7.187698856502969136e+01
-1.180495701654642460e+01
-3.673785884414967740e+01
2.680034474468268968e+01
9.910206449267352014e+01
6.803063341753006199e+00
-7.998693819673134087e+00
3.085549809090762352e+01
-1.817254906029176453e+01
-1.016386708715826046e+02
8.620390224947023228e+01
-1.715771835790160793e+01
9.297180668161234962e+01
5.101038765818297804e+01
5.938311291608150810e+01
-6.376496656301108601e+01
3.413617399916542183e+01
-1.259022369415478693e+01
5.503181569657022010e+01
-1.005745385353550034e+02
-4.792483643493162049e+01
-5.506123110635031992e+01
2.369229716611968239e+00
-1.181032512368419845e+02
2.432911240964614308e+01
3.635477297265620678e+01
3.740901042419959310e+01
-4.474474451594512914e+01
-3.399615366674282058e+01
-2.633852961457801101e+01
1.369425999689600459e+01
-6.988360797388335754e+01
-8.545903330362193628e+01
4.543480997162932766e+01
1.054660627323112294e+02
-3.319136735689345130e+01
-3.817406650319041361e+00
-5.754338035057948275e+01
-1.093729397382674904e+02
5.047243245760590469e+01
4.280535367215952292e+00
9.533960062768592536e+01
-5.387122863693182495e+00
2.728320026865241132e+01
8.817890026481251198e+01
-1.213201207207788102e+01
3.093778812712863058e+01
-1.874362589654423417e+01
6.425759410884833756e+01
-5.027427433221204467e+01
-4.788813748522555613e+01
-1.246500816482773644e+01
-2.440579701633939891e+01
-2.618257622395697126e+01
1.013988348721302835e+01
-6.255702201596980672e+01
-4.683774568383521597e+01
2.920033299976197938e+01
3.373128963661288537e+01
1.320508823242835916e+01
7.719749835557550455e+01
1.301628639820011983e+02
-5.429463420739962487e+01
2.075804693438594839e+01
3.748904418339179756e+01
-1.902337032371928061e+01
7.298159649622296286e+01
-4.669553589768403867e+01
-5.981173106556596508e+01
-4.594123885099617155e+01
-2.900912620307038736e+01
8.179799199228062889e+01
1.741727481247852793e+01
-6.009953911761908785e+01
-7.500678223807132383e+01
7.446923183333257867e+00
