4.840525049389181156e+00
-5.387724628480532019e+00
-9.733998933341499793e+00
-1.598875354125210002e+01
1.643405941572700923e-02
-1.803093783560878194e+01
2.496488554072817223e+01
5.703292166193232315e-01
-1.576039631013615328e+00
3.360209541304427283e+00
-1.692608647201155492e+01
-5.836547504822116039e+00
-1.570779599736059673e+01
-1.500773858968061880e+01
2.102333911760051688e+00
6.264697047079042846e+00
6.917837861125615717e+00
-4.095004615794724856e+00
-8.774655091212496316e+00
-6.978239741633407434e+00
-2.550667758381890415e+00
1.384802183146820376e+01
2.385277023743549218e+00
3.841462371800917541e+00
-6.606312208973411870e+00
7.686601674348138680e+00
-1.388541718941703884e+01
4.922368282792191074e-01
-1.843273027046103074e+00
-6.400848428287516434e+00
8.072143655502413750e+00
1.152953847611547733e+00
-1.448057581334879496e-01
1.515821768125251978e+01
-6.988866365937758118e-01
-1.261095631943798923e+00
-5.810453252428773752e+00
2.408818564433543230e+01
6.936023595693773913e+00
-9.087538808123479583e+00
-5.792992374394033916e+00
9.217233424446392931e+00
-2.219809783622794797e+00
-1.003623331367938221e+01
-7.691927706761422456e+00
-2.947799103504281959e+01
-1.863474577036488000e+01
-5.748055175992910826e+00
-1.805054849873671330e+01
8.690054219649658407e+00
6.044255370858075516e+00
-4.616050261090106410e+00
-2.331497767094851525e+01
-1.609501619708079811e+00
-3.084664330205896032e+00
9.767843023454773288e+00
-2.832756078175905579e+00
-2.935138553442315335e+00
2.226247255154070182e+00
-1.042089008613624301e+01
2.789623146718722246e+00
-8.240312760805126757e+00
-1.286771117276996890e+01
1.012549656926466390e+01
-1.813391623409055597e+01
-2.263789683429401833e+01
1.083342527908901509e+01
2.174662234150647322e+01
4.445650073367669042e-01
-6.662350003680686861e+00
1.354062598594725841e+01
-1.044082883558263175e+00
-2.326885776862573607e+01
2.607186708159534128e+00
2.004510299616240054e+00
1.145254213285887701e+01
1.078758357925835742e+00
-2.787370905242080532e+00
1.243566486475355504e+01
-2.084660783795441397e+00
2.766482820930911402e+01
-5.129811411481865591e+00
5.598331717001304497e+00
8.735913125988176375e+00
-9.204789472746888634e+00
2.932162560654154149e+00
4.739092827035104705e+00
4.194204067394958990e+00
1.020230513115697590e+01
-5.421971108052445754e-01
-1.640780139919339575e+01
8.877262640433144725e+00
4.233954546290298104e+00
-1.560740623698590213e+01
4.147981083741742125e+00
-5.202762543466118217e+00
2.537924984818025198e-01
1.346888199923716556e+01
1.070249114931442058e+01
-4.583311396314076802e+00
5.205812818068114467e+00
-1.582379968701613393e+01
-2.116695207802933609e+01
-1.894878728987362759e+00
-3.230762838746038312e+00
3.289221927229310172e+00
-1.084889733069903528e+01
4.995368163995884458e+00
-1.365333561184146838e+00
-1.963494273572193549e+01
4.015822704947627386e+00
-1.064478230153227933e+01
-3.478257186882922625e+00
-9.071368902408572410e+00
-2.283578905978810969e+00
-7.977066732917741376e+00
9.330784352683362926e+00
-3.768984920488056556e+00
-2.156368266614277118e+01
-1.007546833941015763e+01
7.210815263904186700e+00
6.108498528242591874e+00
9.204030738593685257e+00
-1.333503271340111596e+01
-5.951606812483476894e+00
1.362585123761166983e+01
-2.174014433770734200e+01
7.021378423588354067e+00
-1.583760394865990051e+01
-1.996341035248528240e+00
-1.109179369519767366e+00
1.971478903662050897e+01
-1.239066837650664610e+01
-1.772107505883203205e+00
-1.719377419894762582e+01
7.547340159146825656e+00
-1.110828791479299582e+01
6.619883545925697277e+00
-3.286247703812801735e+00
-2.484581737116481559e+00
1.058928060994653819e+01
-1.316031414572578884e+00
-1.720636847473296882e+01
-4.817950377216277391e-01
-5.978838952508296334e-01
1.448557408260396784e+01
-1.364751480708286557e+00
1.930186559066995322e+00
-4.174206248855605317e+00
-7.745043588347805041e+00
-4.171834843810733773e+00
-4.829336791770184156e+00
-1.704768207952433556e+01
-7.265139711987965931e+00
-2.479697553603075644e+00
2.262696626873889338e-01
-3.158071601125531647e+00
-2.205885482707840684e+00
1.436548542843390130e+01
-1.158851683918174480e+01
-2.865507578291749269e+01
-2.291018882156346859e+00
-1.105218436118842362e+01
1.537317149479343392e+01
3.229245532252064788e+00
5.299628397440723226e+00
-2.565517643022734973e+01
-2.094952934759740870e+00
8.407199882415600456e+00
1.000598505650828862e+01
8.316048131786692998e-01
-9.843714111694799485e+00
-1.848017512122999406e+01
1.008253052625063617e+01
-3.117566045432730859e-01
9.772534382960509358e-01
-1.521604976593640357e+00
7.557008179822636507e+00
1.479655299412095637e+01
-3.841424100227814886e+00
1.145720411638959746e+01
3.604515587166140733e+00
-4.634568310529958879e+00
1.307376184977064604e+01
2.414078999248975421e+01
6.561244633587620001e+00
-1.969878832528687695e+01
-1.345532252566903786e+01
2.424129686290770636e+00
-1.520766562797295496e+00
1.051387124424657138e+01
-1.575088269454864243e+00
1.866075553077851978e+01
-8.573431434605527812e+00
4.283249616491010769e+00
5.253927383772003523e-01
-2.068072785813852477e+01
-4.364697849546320896e+00
7.111959784080973179e+00
-1.009896292343373858e+01
-3.786708173418291690e-01
6.525059916967756557e+00
4.252346896674276344e+00
6.630253655228823817e-02
1.018894734951974357e+00
-1.931689627819364929e+00
-1.068976395432246207e+01
-1.710274893531746443e+01
3.646819503321093503e+00
-1.008181945403179824e+01
-1.650477897580185038e+00
1.217266373655768419e+01
-8.343675508852827605e+00
1.360144170400941022e+01
1.761933102653180683e+01
-9.298482868418112446e+00
-6.278068734176188492e+00
8.351054476817624916e+00
-8.103609269707099827e+00
-2.322434634757355010e+00
-1.778664048461468639e+00
-1.167891833044495442e+01
1.653110188801024671e+00
9.838216128152815543e+00
6.660370894754657378e+00
8.472422315099578327e+00
1.330155499119018003e+01
1.281045619678071468e+01
7.123254138558261062e+00
2.893367867719828013e+00
-2.223006230563042696e+00
2.752553176360218679e+00
-8.784326570185712058e+00
-7.848869609903575295e+00
1.237967592539973261e+01
1.109148743223482469e+01
1.254352431161986248e+00
-5.418734088178834840e-01
-6.330792194615479040e+00
-2.710295814789958069e-01
-1.265370134354972365e+01
-5.402563872652160093e+00
-8.454170833880972680e+00
-3.628609107913681520e+00
-4.438339743911813073e+00
-2.428148234075460099e-01
-6.314773642073920001e+00
-3.006878015603388477e+01
1.577645473453393521e+01
-1.903026530637816194e+01
-1.212413032802884238e+01
5.954522012497622363e+00
-1.001062183545947981e+01
-1.172641448158444000e+01
-2.398163775291415334e+00
1.876012634370490817e+00
7.044069603062260931e+00
-5.330869600002984932e+00
-1.620934938397442693e+01
-1.158725370487352002e+01
3.972387705974312677e+00
1.860483858516872857e+01
6.117823536943762797e+00
6.790990219372831760e+00
-1.658096543082226981e-02
-1.127209923621670740e+01
-1.086684225351017474e+01
-7.572315905020735372e+00
-5.887803062739854099e+00
3.096512133780116027e+00
-4.510793239634590002e+00
-1.247668097972676193e+00
-1.085421591895958748e+01
1.260909691097144236e+00
-4.207789637595488408e+00
1.373415811444636958e+01
5.556599185857942658e+00
-5.474462989058372919e+00
-6.322282099578773185e+00
-7.954671915226189327e+00
-1.117056589152779278e+00
-2.118465664758763189e+00
-1.455100508688943606e+01
4.520142558581845549e+00
-9.129957487050274878e+00
5.391343445670568890e+00
2.656060487347068122e+00
2.003360746648970192e+01
-1.345034190443873356e+01
4.768506472234220750e-01
3.826131900884347292e+00
1.058979249593325900e+00
-9.923972620307530690e+00
-1.001580361613437731e+01
-1.022218734618716951e+01
-5.482571474778423770e-01
-9.497834875989916270e+00
1.306008936787813823e+01
-8.647517756965763525e+00
2.138370600396688026e+00
-6.448773657374759161e+00
9.503081600424557962e+00
-2.295971946349143167e+01
4.408711466465506490e+00
-4.313862193282615110e+00
1.995139758707037458e+01
6.740353014298572809e+00
-1.620230317296273270e+01
5.448226351747201157e+00
-1.230342242867194713e+01
-1.721002820400076772e+01
-6.605039209268188660e-01
6.525848609535781719e+00
8.730289184167563832e+00
-1.839824704373081588e+01
-1.768512993978480807e+01
-1.062060089106969940e+01
8.126847533724795625e+00
5.119653831157692458e+00
-1.182732996363433653e+00
-1.312125841539446647e+01
-5.503028150976764898e+00
-3.236557243000755868e+00
6.184849982940778368e+00
-1.646716481595773018e+01
-2.244372049238184630e+01
-1.423465573386804461e+00
-9.132899700029589951e+00
-9.364554816687808980e+00
-8.122001165869658479e+00
9.354279470366151372e+00
-5.283751438758169883e+00
-3.183896279618325220e+00
1.354723568907562381e+01
-7.857380249433431274e+00
-1.645843777291349674e+00
-1.258471844298144404e+01
-5.598031038524321268e+00
-6.357272003612070677e+00
-2.067082306622988597e+01
-1.833820545288331605e+00
-4.238824247495885378e-01
1.356000564886718962e+01
3.442051994345769916e+00
2.402144407319594777e+01
4.538178242530792161e+00
2.709175008213490776e-01
3.940438539247279159e+00
-7.562947664458774533e+00
1.205565565777516923e+01
-3.154780473348325343e-01
9.876616831535767194e-01
1.129925021650257122e+01
-1.156431390802335102e+01
-4.192210637465645817e+00
-6.275650173811284205e+00
1.034977443052467549e+01
-9.101030464388131236e+00
-5.624213910442116493e+00
3.675350187502866461e+00
-1.558641047315775463e+00
3.792022571711555656e+00
-9.015089739454527518e+00
-2.484015712190688507e+00
-9.847845364268133395e+00
-1.224525112179973085e+01
-1.361125252657081930e+01
2.642882776689820190e+01
2.086369618745757037e+01
-1.978715753967826885e+01
8.988186062243727292e+00
3.288096336209543580e+01
4.281885121311917786e+00
-1.312107573951829131e+01
9.425874383866228001e+00
3.090493096691789177e+00
3.822588497099560279e+00
-1.626598630709714044e+01
-6.460335766756476694e+00
-6.556499223965595036e+00
3.272868964335723163e+00
-5.533593887505292130e+00
-9.012322564508904676e+00
-7.899511590031090158e+00
1.173144044098282812e+01
-1.195352499586312867e+01
-5.930492998530539239e+00
-1.823176024178697219e+01
1.452218697651528245e+01
1.615605124243412050e+01
1.185465811651426193e+01
1.152221644966206959e+01
-5.343146015489204537e+00
5.917889115353770713e+00
9.828269787207421615e+00
1.207040349083351671e+00
1.159554835123414662e+01
-8.195829633312232687e+00
-6.894356086838115516e+00
1.694125120716940813e+01
5.805017620980861714e+00
7.637178216458980096e+00
1.128560539161097154e+01
6.102678822888882415e+00
-8.696922957378053098e+00
-1.712042412146686132e+01
2.320042651910092069e+00
-2.861754255143077241e+00
1.899459387056343929e-01
-6.293193352206419178e+00
-1.960530304368334242e+01
-1.379547938894153836e+00
5.846649721533613508e+00
1.353084357856898912e+01
-1.246053981356008400e+01
-1.197551307914537011e+00
1.840098674678106505e+01
-1.686300342527828278e+01
3.568780033657888762e+00
-2.531542180383994367e-01
-8.790040245209553404e+00
2.020541363810058222e+00
4.534220099502009660e+00
7.294897511677665314e+00
-1.203464458923587443e+01
1.012040175346516335e+01
1.279665041573173312e+01
-3.415985028614118679e+00
-7.874236918592274037e+00
-2.433104683647625777e+00
-4.915703869158726036e+00
-3.673119419452982815e+00
-1.417346662741920404e+01
3.648041735048074496e+00
2.827519626506752815e+00
7.180957338375560717e+00
-3.859050192987422356e+00
3.441670490558411011e+00
7.315849109549262153e+00
2.168635845033682230e+00
-2.992630293474085157e+00
-9.903312585857889871e+00
1.289249544822538063e+01
6.004357676525012621e+00
-8.237469150981455712e+00
-1.608210301403875109e-01
-3.224901887949684465e+00
-1.047798728928738399e+01
1.642922942616478821e+01
-7.621223382560446069e+00
1.515313168864367555e+01
-1.534728768206653271e+01
-6.960043129466221501e+00
-1.778623642110979475e+01
1.045674190706443518e+00
2.068308066670609069e+00
-2.146047936046095117e+01
1.687893075329899162e+01
1.906655819367755456e+01
-2.543913479820806511e+00
-1.804297495899109816e+00
1.401583874960503451e+01
-1.051585164056204214e+01
1.506472508393342302e+01
-6.698403253391970402e+00
-9.401158198922381359e+00
1.636078487122061631e+01
1.171111433911049815e+01
1.469646803115711364e+01
1.050471124952542112e+01
-1.422435391187310216e+01
-3.568887848255164474e+00
5.543256309000695659e+00
-4.832068821569909467e+00
-6.438961284318928335e+00
-5.434036205305694978e+00
-2.147211586503042824e+01
5.527129503348627182e+00
9.818415175509514370e+00
-8.608042561808643356e+00
-4.404686338359645070e+00
7.758989286027795806e+00
-1.134480418959555692e+01
-1.284299409135334002e+01
-1.771971882720145075e+01
1.826171721886887411e+01
-8.416192556133040625e+00
7.450237256670314778e+00
4.281576644391560382e-02
-4.658876285995139810e+00
1.007033373674953936e+01
-7.975972772397414978e+00
-8.391794582151836934e+00
1.430933089488086729e+01
1.483052450332242422e+01
-6.219422249873418629e-01
1.662633061183228733e+01
2.806229445878149154e+00
3.503053791792069660e+00
5.062568994859562466e+00
-7.872530695510389975e+00
-6.731560607130878005e+00
-5.909019252409252410e+00
-3.149930707046477707e+00
6.433109501942539943e+00
-3.647977360470353592e+00
7.093559309515280020e+00
7.858928835828772108e+00
1.458935296819103655e+01
7.053486784133410126e+00
2.812103136899981592e+00
3.822845114541769007e+00
-1.558450659048447706e+00
1.538036747823887040e+01
-5.479028464515234731e+00
-5.012774483860563457e+00
-2.222554525399339909e+01
5.763193274909254704e+00
-1.012574679567051916e+01
-1.039434556589560010e+01
-5.084952876705834512e+00
2.597341029216557473e+01
-2.572915556850246865e+00
7.940049106817657076e+00
-1.731084201008001600e+01
9.714820131139743964e+00
1.292076797789301068e+00
-1.053058341306446088e+01
7.791500476135235331e+00
6.642258774801817367e+00
-1.344819300190711164e+00
1.423155512765987218e+01
-1.875762873560795185e+01
3.380291288693137997e+00
1.141204619410852494e+01
-1.633248866598564319e+01
1.722646258205514158e+01
-1.336490282589428524e+01
-1.761550237436826372e+00
-2.310872651218550011e+00
-1.731670254650781260e+01
4.532375982745422860e+00
-3.383413425471887503e+00
-6.600757142651937137e+00
-5.404627090772152753e-01
2.351560627474817977e+01
-5.692263740906293279e+00
-3.294294146217475827e+01
-3.201588543059127545e+00
2.461216724984157977e+01
-3.066230910323159975e-01
7.714038402500135172e-01
-5.407861360804899320e+00
3.975625004214821345e+00
4.766721512290261309e+00
-5.885505472343075528e-01
7.301075830701533320e+00
1.306637616695094373e-02
-2.423916875138794502e+00
6.476481989010746787e+00
-1.801842095220496542e+00
-1.580703086529309154e+01
4.511850362218545740e+00
9.204733457145232833e+00
-1.892020213084074598e+01
4.311437764041990306e+00
4.145357667234923049e+00
1.657951051951251031e+01
8.629114526660405460e+00
5.281887577356084940e+00
-3.333084337699232513e+00
9.500510511922181323e+00
1.017724743641617557e+01
1.347910836001255852e+01
-3.960746876118595772e+00
7.927973031484402355e+00
5.914785771771633449e+00
-5.736028476057638770e+00
1.951713911072055652e+01
6.369577330310055352e+00
-1.601783439219674676e+01
-4.951978449481019950e+00
1.146292260595220469e+01
-1.432974058236150050e+01
-1.198840488854018838e-01
9.013624168492243571e-01
-1.419132056350029458e+01
4.430998645780426237e+00
-1.355285238229301292e+01
7.790815957974258410e+00
1.642680531249342124e+01
-4.931286954076976592e+00
1.416876423929035056e+01
1.812252170792004291e+00
3.669908781269349163e+00
-5.194024821149539228e+00
1.439279299724265648e+01
6.708366268263707966e+00
1.221484546615162969e+01
1.123521157461450981e+00
8.913491783070149665e+00
9.854400903069340245e+00
-8.531140501695190892e+00
-1.055481867346335179e+01
1.190148211305054549e+00
1.536579322711151008e+01
-7.710915690556215951e-01
3.224866228974447302e-01
1.122808580635813946e+01
1.607519570557597888e+01
-9.394838517614257256e+00
-1.000999602275720868e+01
-3.843643572909264616e+00
-9.205440865121847338e+00
-1.159190750309060824e+01
-1.472888587574365182e+01
-6.422703853484150738e-01
-4.111167718119987491e+00
-4.494891824317168272e+00
8.232701953452938426e+00
2.353163948598412603e+01
4.067288184890185399e+00
2.844620816900553351e+00
-6.304691997192392705e+00
-6.728941142838307243e+00
2.262577799495823605e+00
9.829712557375843929e+00
7.725339891726976660e+00
-1.873932745676838607e+01
-1.191366835954805081e+00
1.681009137816831256e+01
1.650454160519946978e+00
2.556421502786452749e+00
5.162455283589486577e+00
-7.536910552077441316e+00
3.634544066075521496e+00
4.203197009402793505e+00
-1.081593126773046531e+00
-4.725379503105924250e-01
1.711698488306914623e+00
-6.316846690166709521e+00
1.755483791925032122e+01
-5.802509294583486188e+00
8.413404639778168104e+00
3.773456750182383690e+00
6.141493294076497911e+00
-1.644980522114004984e+01
-2.316490552306877859e+01
-6.818590245907886205e-01
-1.562088593114479984e+01
-6.172383021924033208e+00
2.099085635605740574e+00
-9.811283254821084654e+00
-1.171386988003091645e+01
-4.885821175110584669e+00
9.321607705231061303e+00
5.912254281282836921e+00
-2.811076387818931988e+00
-1.104610754091177371e+00
2.722032394364114438e+01
3.800662001906423004e+00
4.790895751045045614e-01
4.128722738945683091e+00
-1.297248286961078101e+01
8.979893221222720712e+00
2.919219910207264679e-01
1.106202795554678531e+01
1.531272069351286547e+01
-2.430377718358295525e+00
1.273974369777399529e+00
-5.340351849829078290e+00
1.377304398156462639e+01
1.303903651146369747e+01
1.113633476446194415e+01
4.958347326512605235e+00
1.607998557962624364e+00
2.093328453875975992e+00
1.755577489498846067e+00
1.919382977693349313e+00
-8.747724704473283097e+00
-3.086826172283590797e+00
3.991717547470202909e+00
2.891235295100598535e+01
-1.129382546607432580e+01
2.710553021749117608e+00
1.795313463250743879e+01
-5.619308348315459334e+00
-5.316278275673040454e+00
5.277436594812566995e+00
1.820231682042533938e+00
9.043115179470785137e+00
5.994402540329696549e+00
2.008629643511508434e+01
-3.972346609874375822e+00
1.138088686231795243e+01
2.904429413350611355e+01
5.286579502926152863e+00
2.176549717361226755e+01
2.024205415727803725e+01
-3.078706393525411311e+00
4.014565073341504586e+00
3.855026213438907945e+00
-4.754184389109948228e+00
1.214627594978098246e+00
6.499819905282622656e+00
3.027290812030429379e+00
-5.079116121032789088e+00
-2.279805768667474553e+01
2.277583399486200477e+01
2.091599588016992683e+01
-2.611605599969616165e+00
-1.966562758313063208e-01
5.278565113727498037e+00
8.485200597151612456e+00
-1.376344876547834772e+01
6.599456398755298103e+00
-3.614002335790395204e+00
-1.447338560286952180e+01
-4.869622836347314632e+00
-1.082647489081554282e+00
-5.556884978245727469e-01
-1.531943203989333568e+01
-5.355212408892374043e+00
-1.571405432609071084e+01
1.852127130174110681e+00
-9.356401065531078087e-02
-3.513768601924292412e+00
-8.510691464475780066e+00
-7.170300291884911914e+00
2.810757301362445837e+00
1.000616238953106318e+01
-1.168873546944304564e+01
-7.513156249187410651e+00
-8.996696011335981069e+00
8.288933017512524870e+00
9.306917500518609998e+00
-3.376949717014929853e+00
1.452279499944649821e+01
1.181714489591142758e+01
1.266766703723149234e+01
-1.182973911634240771e+01
8.121288242432028071e+00
-9.371548679562629047e+00
-1.597807910543540544e+00
2.882793995232110773e-01
-1.229300453356390044e+01
-1.093122675784923281e+00
-1.522314412844250597e+01
3.364315441620010505e-01
-7.690207919047252538e+00
-1.602925890603123626e+00
3.041354090469357896e+00
-1.604308014405648919e+01
1.399072670634476268e+01
-3.708471559275649643e+00
-1.375065533299336451e+01
-3.291044200762987426e+00
9.155380399581082074e+00
-1.503275484210682400e+01
1.790746287858177155e+01
-3.599667549318240845e+00
8.478423531555948855e+00
-1.514261027418990224e+01
-1.530770878835988835e+00
1.024561843857509036e+00
-3.936545391899963775e+00
6.858138316894523356e+00
2.680397018772144868e+00
6.741065852006592474e-01
5.469633202481078982e+00
1.517573373421887517e+01
5.464654752405681215e+00
1.021556347212367122e+01
5.481129663799220175e+00
-1.821036596613658576e+00
-3.069960752482969735e+00
1.570592431007345979e+01
-4.692633333377097316e+00
-2.224479494208415886e+01
-1.067811648895949084e+01
-5.268078747844144871e+00
-5.505759858073075108e+00
6.122013461233466458e+00
-2.919262121917688635e+00
1.619897829077684293e+01
-1.353306114980157027e+01
-3.687394808953937009e+00
-1.644801244025924092e+01
5.774983854827431262e-01
-8.098269885689129310e+00
2.771328484769109757e+00
1.770325875325187326e+01
1.782932028875015007e+00
-7.693999766580791544e+00
6.006616798850012096e+00
-5.872146532156181209e+00
-1.396756667126116236e+00
1.477570406860098196e+01
7.332532948823141439e+00
-1.549416235961580668e+01
1.410080259730949592e+01
1.844722521493100587e+01
-1.245450056738290812e+01
-4.042196104554784064e+00
-5.068092465850163819e+00
7.371661184174640447e-01
-8.422302542846120677e-01
-5.130976738479795518e-01
-9.461347341551725521e+00
8.398820712701157376e+00
3.144629506329363444e+00
-9.720850381280494723e-01
-4.282464521795078305e+00
2.705235176352760895e+00
-5.331769577666034543e-01
-5.205343052007048499e+00
-8.073598680353299972e-01
-8.421328152718187354e+00
3.194927878865493343e-01
-3.893514389121706110e-01
-1.242585348916533405e+01
8.667024745231390881e+00
-4.670663112712941434e+00
2.143595414337266192e+01
-1.237825527298545225e+01
-1.626039149730760514e+01
4.240875950008223150e+00
6.371334158085692145e+00
-3.012458736538651483e+00
3.772826899519873045e+00
-1.218319811905970340e+01
6.943509624896107013e+00
-2.776333032799882528e+00
-1.116285861293504311e+01
6.091142926707791005e-01
-3.059158158347518697e+00
-1.417493944257991245e+01
2.897858851014907255e+00
-5.324173077148908195e-01
5.895727157262314222e+00
-5.012469744519536974e+00
5.734505656007616636e+00
-8.652819517885600220e+00
1.008374303092359314e+00
2.337592914489787788e+01
1.697150284920320606e+00
-7.272390111261564982e+00
1.042722387243399851e+01
7.074954169711222818e+00
-2.894619385885604856e+00
-1.403113340277467103e+01
-2.497936546541581926e+00
7.857652754145362906e+00
-1.859121037839428681e+01
-6.393364897867772179e+00
2.159101278129345758e+01
-4.223183379867094800e+00
1.246537762052461318e+01
-1.195337505533248024e+00
-3.228522199690051053e+00
1.321788200129235058e+01
-5.209244157039861989e+00
-1.662726867578660228e-01
-7.895831310339029407e+00
2.928363196247878975e+01
-4.029489402276384968e-01
3.093170544509363129e+00
1.345593634359895541e+00
-1.352996880697083348e+01
-9.980402671024775074e+00
8.971603174164970440e+00
1.106642477694813209e+01
-1.205529712762708705e+01
-3.000283383581284991e+00
-9.052354117084691509e+00
-5.342284406002003827e+00
-2.177053486364522072e+01
-6.787222941127518894e+00
1.517503520019763741e+01
-5.507188176926941736e+00
-6.244371096307538949e+00
-5.176891793508549888e+00
4.900895640183295043e+00
2.446779701865511569e+01
1.227734431168453177e+01
-1.435812937016905089e+01
-1.000973134408373788e+01
7.147510840232051521e+00
-5.812294772619008398e+00
-9.402886346751284208e+00
-5.975589875950721108e+00
1.715768019620710128e+00
-5.231338160597048592e+00
1.864893577455938001e+01
-6.666725609080919490e+00
9.803023807192021266e+00
5.050548204419950338e+00
-1.534436693004142072e+01
-5.324651321348952138e+00
4.359015819870273312e+00
2.363494162894030914e+00
-2.518583921860216179e+00
3.704001036024320292e+00
1.388245281432507028e+01
7.073488128503189643e+00
-1.831433071939943424e+00
3.761321480345701129e+00
-1.361475037563326396e+01
7.394020709269273794e+00
-5.427126699378032049e-01
-6.431557525656195651e+00
1.243614149017002646e+01
4.616129469763652904e-01
-6.796426858699825324e+00
-5.820274636954318126e+00
7.936239897752748185e+00
1.100169493948732091e+00
-1.034963625207844196e+01
1.333453464303890001e+01
-7.062754918873443977e+00
-1.116335305714406800e+01
-9.101342659407240632e+00
-3.001116018195680635e+00
9.556663948275476272e+00
1.841814674883658043e+01
-6.064001870807164352e+00
1.294978072403799629e+01
-1.854539881020908609e+01
-1.574985027978705432e+00
7.930464201121921519e+00
-1.721311193257590855e+00
1.333766138455005645e+01
-3.952222188131656599e-01
-1.632446709119159323e+01
-9.592263699915774211e+00
5.998289510864397656e+00
-3.885476038235850638e+00
1.094375399286409234e+01
8.033599749567164494e+00
-5.587424413224202802e+00
-1.121434979777105490e+01
6.778869404980882862e+00
-7.624499571154468747e+00
-7.575434292987970331e+00
-4.452013536490264656e+00
7.272180527830116148e+00
3.414553113516979987e+00
1.591919969136604252e+01
7.101319114306982705e+00
-1.545929276775941830e+01
-4.868047284566482169e+00
-1.135911562178216627e+01
-1.028967050971933084e+01
2.098261568339881755e+00
1.487211665090211188e-01
6.664975033119229231e-01
8.038874636144814900e+00
-2.385929953890494915e+01
1.221664323537519081e+01
-1.357246421790961666e+00
-6.356361587282308712e-01
-1.133022520907176300e+01
8.146953557353344699e-01
1.270861985601992927e+00
7.992179704638452620e+00
-9.738361063836283193e+00
1.164699748155754122e+01
9.218533497198592386e+00
-1.028096409361968355e+01
-1.112359861621899526e+01
-6.959906955785950533e-01
7.991492243585763156e+00
3.226961713412762833e+00
-3.523733734724852518e+00
-1.848273421866928956e+01
4.135668657519767089e-01
4.750755582738903082e-01
-1.319379386945478672e+01
-1.322863081148013720e+01
-1.215554301458868203e+01
7.639475230461223454e+00
-3.978815129497970560e+00
-5.672578843403275783e+00
-3.917045446474418657e+00
1.017822501911816246e+01
4.224594497898729983e+00
-6.182656662529162350e-02
-1.153848668411578871e+01
-4.627845820035298985e+00
-8.837209115073264343e+00
1.593306703431006444e+00
1.029181845120210426e+01
-1.478001157703816126e+00
-1.239863728721689817e+01
-9.722314793282425427e+00
-1.740593015907235497e+01
3.689900454526641393e+00
-4.304203543887453520e+00
-2.415683850142227840e+01
-5.612094503493768372e+00
8.311822023059002973e+00
8.239542071198279416e+00
-1.196150656104791921e+01
1.090575266308391633e+01
1.586109697845885869e+01
-7.446879417097669318e+00
1.705823801801080286e+00
-2.093714294727358549e+01
-6.943197484663097718e+00
-6.561599881060861783e+00
-6.169185453212697734e-01
-2.404003278178678471e+01
5.891458334179260348e+00
1.466680004222550515e+01
-7.873619220348041736e+00
-1.339184658339257039e+00
-8.639242984858071850e+00
8.683768896302360929e+00
4.286611944931982165e+00
1.968501632011453673e+00
-3.919265316120394971e+00
4.473143603816461145e+00
2.542667529982624242e+00
-4.304982050311965125e+00
6.080391691520069308e+00
1.558002643469091097e+01
2.338045325561031262e+01
-6.492848692591163484e+00
-9.126884317211324316e+00
3.474643890562060911e+00
-1.354215432433806710e+00
-6.749481144287976520e+00
5.163730286184184948e+00
-9.573530059065054054e-01
-9.090861808508979180e+00
-1.659534344020106911e+00
1.523095408741896861e+00
-5.738257116049686246e+00
8.965765407622887651e+00
-1.944022114650363164e+01
4.408598410644178678e+00
-1.281688522981485612e+01
9.838588614209477612e+00
9.139776311324931513e+00
-1.827875920732985104e+00
-7.054249008333464133e+00
1.063847320944708663e+01
8.220344156926900681e+00
9.449797861102682717e+00
