1.010540161032493334e+00
-6.233674944244265159e-01
-8.404681939466186691e+00
1.226386154477355772e-01
4.187770546976818942e+00
-1.476233420770070692e+00
3.308137571172443669e-01
5.014640062702954815e+00
1.464696984239477251e+00
-3.896624972474478810e+00
-3.840892938861058425e+00
-1.228327643460065399e+00
5.290630565108478400e-01
-7.193213105252074246e-01
1.154818275763058510e+00
-5.313386933044075278e+00
2.311353628038574914e-01
-7.336634737677584894e+00
-7.157509728187183562e+00
4.921368110848032273e+00
-1.018013835641840226e+00
3.080297160758469932e+00
2.277517814879495894e+00
1.022077244285863173e+01
3.470717398204192783e+00
-3.335648593001313778e+00
4.159458375584216050e+00
-3.346299523304534507e+00
-1.161851014603900945e+00
1.962739232569716386e+00
1.181705649335955455e+00
1.742784530671367627e+00
-3.911779557899791371e+00
-1.301347805387730316e+00
8.493360620473158207e+00
-7.559023626362119108e-01
8.586104772933934370e+00
-3.074782650806341944e-01
-5.631162991977622490e+00
2.681764098366021365e+00
-3.349030874765663857e+00
-4.113910409113648470e+00
-1.298618409580042599e+00
-2.827398903489628523e-01
3.666345753463635115e-01
4.659390715869913713e+00
3.570804427643083923e+00
9.627963655197342874e+00
-4.069002236891519964e+00
-4.727609649440915884e-01
-1.898788282361277169e+00
-4.195962954903059483e+00
2.892449667903323363e+00
6.011225805215956619e+00
2.410605285786912244e+00
6.557611036221713263e+00
-4.393849001501020091e-01
-4.080069723328727527e-01
6.809054594589737164e+00
6.130465357977649354e+00
-1.554073215178636280e-02
1.747218532262560187e+00
5.320197463817034844e+00
-6.974523371194457866e+00
1.160418995828081501e+00
6.928774453363481634e+00
-4.768578657387119613e+00
-7.467022247773696719e+00
1.751684753959997343e+00
-1.965219627793594714e+00
-5.155673637304794887e+00
3.113278255222996727e+00
-2.730180789133188846e+00
-1.805355498372047118e-01
-1.101057710450220606e+00
-4.733733645104271304e+00
2.673500898117708857e-01
-1.352747435274945786e-01
2.542020225881002737e+00
2.379885036369040918e+00
4.735790471135306490e+00
-5.758379610935289605e+00
-7.349915272611676764e-01
7.950437431358786888e+00
3.631478839232831213e+00
3.193213544114369196e+00
8.590130571397088799e-01
6.113377198268611368e-01
6.775482842767416969e+00
-2.422417275991724850e+00
-4.436549938467015508e+00
3.587587629846569648e+00
1.066279859358853521e+01
-4.635517766253679284e+00
-3.031866125341891594e-01
6.861467692442160704e+00
4.647778510575797384e-01
-1.209197001090961177e+00
5.383579675448164181e+00
6.746490990757827433e-01
3.249736860996627286e+00
-4.050629036411990569e+00
-8.768416557335552142e-01
4.081000647842680351e+00
8.748229510858367419e-01
4.148825756981510793e+00
-1.702810976008429789e+00
2.399394102318900934e+00
8.026725249968740261e-01
8.959636825713799269e+00
-3.432693289700171402e+00
-4.453646771123079162e+00
1.113572282594114338e+00
-1.021170876361629531e+01
2.935902273540526242e+00
-7.549780711627614993e-01
5.282831035263388930e-01
-5.752878409939118143e+00
-3.391558725003674724e+00
3.065641081118918088e+00
6.038586034607414277e+00
-4.305043674616696237e+00
-5.417196599279136215e+00
1.030396593647702197e-01
-9.896828742050189476e+00
-2.285832188438595036e+00
-2.196070102665932833e+00
-5.101541344185132942e+00
-1.128431372313209735e+01
8.253255051756731575e-01
-7.786445930028824236e+00
-4.558254309736069487e+00
-9.858665381803575212e-01
5.757296569482354798e+00
6.650680871341733136e-01
-5.203525050178677169e+00
-3.548174997343429116e+00
4.710441632562902825e+00
4.386570441835202061e+00
2.577487225749460542e+00
1.686379437068124432e+00
6.849805045588031938e+00
-3.435697310551140138e-01
-5.900229894308631984e+00
8.101658731873477848e+00
1.526454219542235258e+00
1.625325730725927675e+00
1.172358960430216923e+00
3.484992624555452778e+00
-3.011831545255071241e+00
3.332320783455227531e+00
-6.077946126698006601e+00
2.027416286976647886e+00
-2.435461008555144691e+00
1.561458509407303907e+00
2.209082206488160338e+00
-4.469859559275062288e+00
1.506096491987570563e+00
-1.558520409363265635e+00
-9.634625045094126206e-01
-1.936050784505457312e+00
-3.420051169112999112e+00
-8.002014623174337871e+00
9.554201877483428973e+00
5.899648595133577977e+00
-5.139993545053053836e+00
-8.379730438452833496e+00
-1.593436665142740516e+00
3.234193848058267484e+00
-4.863231276287080185e+00
7.416791206580056972e+00
6.834763897997224724e+00
3.604723797015189746e+00
-1.099015489541890211e-01
-4.735552291401056157e-01
-8.227005328646274762e+00
-6.723532286685216519e-01
-7.333022645109780413e+00
4.464194704485292320e+00
-2.477964022154976576e+00
7.363063932822186963e+00
1.096067986783030745e+00
-1.661746199777710320e+00
3.967580664111894917e-01
-4.348169639424597221e+00
8.270756296211988712e+00
-1.088352296808542174e+00
-1.800182094596256777e+00
-1.262898978957298857e+00
-2.169413276716783301e+00
4.639473524308236563e+00
5.491398400874364150e+00
4.062202728642178684e+00
-1.906413168577314465e-01
5.021550346925464758e+00
3.940169953960307225e+00
-2.870759829630781024e+00
-2.440175762187842157e+00
2.574043359809192300e+00
-1.877742040719615479e-01
1.204331971165903070e+00
-8.314259746397935302e+00
-3.280173599213868751e+00
1.734455445599631940e+00
-2.369791087586097689e+00
-2.449971731329382951e+00
5.520210726676298307e+00
1.322781844105351823e+00
5.690547176786938444e+00
-5.356563335044229213e+00
-9.541333122170518877e+00
-1.247573682204760281e+01
-1.945363802410577270e+00
3.650938330938546805e+00
4.110121441711388490e-01
1.102044698911896070e+01
3.855642228052553744e+00
-3.120062872093937179e-02
4.193078419650791311e+00
1.186462856582746195e+00
-5.522177936840055867e-01
1.866975060770779127e+00
-7.034043037766299022e+00
2.940338514040867768e+00
-3.351787644449787162e+00
-6.209171683538047271e-01
-1.917744779263604871e+00
5.501118731738056766e+00
-1.196791011634609214e+00
5.054519357564581927e-01
2.768407152636476187e+00
2.379655795839721311e+00
1.940369567782239013e+00
-2.586251160313294939e+00
7.485278981741918081e+00
-1.225118739786299260e+00
-2.775097791170478168e+00
-8.922397790336675794e-01
2.270188791392854899e+00
-4.894857363606787359e+00
3.741880219613156644e+00
2.481786647500761056e+00
2.724036381446900634e+00
-6.960981299554005464e-01
-2.993965611288686435e-01
3.406065926358271767e+00
5.584949619338935634e+00
4.439603508392905518e+00
-3.050858787827692709e+00
7.808089698185693983e+00
2.954681452735996583e-01
6.015223342808384555e-01
-1.941980068843221829e+00
-9.475431773593115281e+00
-2.246896494494517338e+00
6.190080618380346067e+00
3.613273988085425437e+00
-1.968502721800631461e+00
-1.365116025851601744e+00
-1.849836560814401176e+00
-1.472976783539727830e-01
-7.667966746247659060e+00
-4.983632071563175892e+00
1.868465382836647759e+00
6.810820341550838819e+00
-5.523757615008497268e+00
-8.079821999115505804e+00
-3.443467031048387028e+00
-6.585173174120412254e-01
-3.699805162021654326e-01
2.446111082492264277e+00
-7.382181226657212880e-01
2.765780339963700207e+00
-1.141716079082568447e+00
-7.711298515982112356e-01
3.640337645046282766e+00
-5.937071521157039067e-01
6.677607955906465165e+00
-1.557524604949623859e+00
-1.147162849174701460e+00
-1.018983009891534230e-01
-2.282762095502396171e+00
-1.113879412527719603e-01
-2.807953530077595961e-01
2.622478619390124166e+00
1.275088805203770104e+00
4.033420841367631127e+00
-2.129553432712859018e-01
-3.271508677146964583e+00
7.723459372887795382e+00
-3.618827982597124571e+00
-1.781774508476506202e+00
-3.467668295764216868e+00
-1.183054591533127864e+00
4.126977591240897247e+00
2.640857592449563640e+00
-7.087123428235257094e+00
5.265473085980111989e+00
2.597925278645332625e+00
-7.836741055029917691e-01
-5.339621145779338995e+00
-3.717611274232364593e+00
4.814888555263086012e+00
-4.062970738555327088e-02
1.065377094886501563e+00
3.706461428426328641e-01
2.513341748555633526e+00
-6.626088517009272039e+00
5.317728779426834862e+00
3.227732984014656470e+00
-6.810359844830569109e-01
2.776238714771215754e+00
-2.905374846294221491e+00
6.018010636380910050e+00
-9.567435243723239058e-01
-2.158476182341373395e-02
-4.301272354894635441e+00
6.044681344259434042e+00
-6.086211877597911268e+00
1.150766791616518070e+00
2.411644181977527612e+00
2.809397586828965121e+00
-1.874718938929879286e+00
1.324133017964320036e+00
-2.873112655714633146e+00
2.431547536707563406e-01
5.290662410055119169e-01
8.029924851421719190e-01
-8.241893518349291625e+00
3.160496271654146483e+00
2.049795613360105850e-02
-2.267995594214103239e+00
-3.593805723500867799e+00
-5.402075355155023573e+00
-4.744530707362134558e-01
4.838167172220567913e+00
-3.064725069236196031e+00
9.893742057177624671e-01
-3.919601051361574662e+00
-4.677363362652428691e+00
-5.562727513941229773e+00
-3.822509907740176516e+00
-1.547623970653212222e+00
-6.088550389742628965e+00
-4.405357865070580026e+00
5.390055756886420468e+00
-3.850105466593324977e+00
2.043267279629041588e-01
-5.306261067539996823e-01
1.732941082263509402e+00
3.985966529235795974e+00
-2.788058382146965997e+00
-2.159054174281738181e+00
8.122946511518570389e+00
1.956648364417536090e+00
-8.030114720558408692e+00
1.592913019322575563e+00
8.878881731455645632e-01
5.393379124803834301e-01
-6.532312228065158877e+00
-3.161817819638737870e+00
1.068234162934710962e+00
-3.154898160042355570e+00
-7.088032509399607051e+00
-4.517704211296290850e+00
-5.927003593666859693e-01
9.458944869348810958e-01
2.969920204012372889e+00
-5.971522258436143815e+00
-2.488619471707276265e+00
1.846450439931634824e+00
-1.179999963480744984e+00
3.991776684324157554e+00
4.155109193241608434e-01
1.958495839114348547e+00
2.753090725722022292e+00
-2.175042540183448114e+00
-2.518124716687314635e+00
3.404389573353887588e-01
-1.337286502018580681e+00
8.089255012395492273e+00
-1.001956936227808903e+00
-7.756669310760618830e-01
-4.731377717100130553e+00
-1.360471901974473763e-01
-2.924385926310956396e+00
-1.051656101549312616e+01
2.578591442600183470e+00
-8.255893984288301013e+00
-1.213203146311210956e+00
9.447821246572848386e-01
2.199880082683477234e+00
-8.488586104358211148e-01
-4.906858213744555997e+00
-4.710897606668587034e-01
2.485652245192475185e+00
-5.315601960513639312e+00
-3.468005807917645011e+00
5.465718669780478933e+00
-2.246431391399353661e+00
3.917153187837761230e+00
-1.148153344611899218e+00
4.286594884395096283e-01
5.111128027604288526e+00
3.467134934077745534e+00
5.015499930735283662e+00
3.106891395174187664e+00
-5.133870237723909824e+00
6.395361665192651479e+00
5.470600515019874877e+00
1.858756195040637937e+00
-1.672336266600122245e+00
-2.118181801365097705e+00
2.105763464631808191e+00
-4.047546617718349893e+00
1.719075843941396231e+00
5.153011237990511972e+00
-5.297630710309716662e+00
5.821964083938492074e+00
-4.734434639633445130e+00
-4.368143416611513175e+00
-4.644633377629530102e-01
-1.200669257895510489e+00
6.239349103658862639e+00
-2.406035735327666458e+00
2.576744011412869462e+00
3.882843052576308018e+00
-4.469337313096558573e-01
5.776419408339442896e+00
6.257217387591563096e+00
-8.421393924552895704e-01
-5.115560077836679431e-01
-4.470631772768605572e+00
-6.552198389983560745e+00
8.368052286202766199e-01
-4.534267482724496645e+00
2.071668270638097553e+00
8.243842929127263019e+00
-9.643043153370729481e-01
7.756954625262264535e+00
2.877683390547618902e+00
4.443669630493639389e+00
-5.614766155457813213e+00
-2.932627863407240021e+00
5.172052049261892215e+00
7.501676152053282642e-01
-5.340286586818344006e+00
-3.456293428083615282e+00
-1.871994627339413908e+00
-2.697653984781495096e-01
2.203231739047653903e+00
-5.483030078777758831e+00
-3.488561016527371272e+00
1.803217764256730415e+00
4.521126177363309351e-01
-4.605372144010699831e-01
-3.850650260949147752e-01
5.494618904718238106e-01
-4.222097842311611338e+00
4.003428657141645530e+00
-2.052476787011596193e-01
4.622535373126399616e-01
2.357112404285496066e+00
-1.560924432782672122e+00
3.127968169803249321e+00
-1.431621023675581483e+01
-6.358190571156908888e+00
-6.181493462965324426e+00
-1.486443976201241135e+00
-9.499327510653881035e+00
-2.450519406025706004e-01
4.075632256088765892e+00
3.442245609530964146e+00
-2.154465762554369057e+00
-1.179998370190110668e+00
-6.712407705057135132e-01
-1.789164731440235689e+00
2.539824496260795872e+00
-3.944635316309892836e+00
4.559008423273300803e-01
-5.810744186798336486e+00
1.107603413643440726e+00
2.232252274311433915e+00
-5.066347567429804855e+00
-3.346830966196603363e-01
3.609255898319097877e+00
1.200355525014622504e-01
1.096512061325118248e+00
-3.540509189065559781e+00
-4.076935940765353372e+00
7.768184631814175845e+00
8.665353649708306127e-01
-3.216618064570695879e+00
5.749272226243012929e-02
-1.624952478079767282e+00
-3.642100158160401779e+00
1.772368905009939821e+00
2.921872319991410727e+00
-3.858035311829408176e+00
-4.296026732319896624e+00
5.316825676248305044e+00
-2.860445541882577380e+00
5.077491346865171451e+00
-3.064291014935804913e+00
-3.777908227154690657e+00
1.067852443766598114e+01
-3.969911032656230798e+00
-9.235762565218706754e+00
-2.218761556310519634e+00
-7.629454964807999673e+00
-1.782494678643877783e+00
-1.695662385308816411e+00
-1.730395301753582915e+00
-6.940634003177144074e+00
-3.026485577348933198e+00
-5.197246254373001584e+00
-1.267395447553723020e-01
4.024577421109631459e+00
8.483300957190667901e+00
-1.448328276201415354e+00
-3.654873452186847338e+00
2.401530031528523068e+00
3.783180655890451050e+00
-2.770942846654449010e+00
3.578562103411875306e-01
-3.460604044894269649e+00
3.026532436968627060e+00
-3.533901897400473224e+00
-2.653917032375006979e+00
6.199285542071285349e+00
2.105464900240562542e+00
6.161822283812249168e+00
7.059372218992582271e-01
6.038730412388384927e+00
6.891773137929700921e-01
-1.835483924811156520e+00
1.343470830190969245e+00
-3.466324887971896640e-01
7.840243563587540265e+00
-3.513677598419033377e+00
-6.715817401512693685e+00
-1.356539903914450562e+00
3.984885735740971491e+00
-4.224504091105805159e+00
-1.704056380384625591e+00
-3.953751871546193009e+00
-3.220248546112197907e+00
-4.526353625212373721e+00
7.663153722615749786e-01
-4.073917111228947618e+00
2.813671573469201270e+00
5.508815509562906776e+00
1.733835854132364851e+00
4.151834616949036771e+00
5.654642488354437724e+00
-3.569966337478736484e+00
1.250197941562718462e+00
-1.784787424114788301e+00
-4.808782076825336205e+00
1.912853476772023331e+00
3.718649795204316710e+00
-6.159755551750868641e+00
-7.697474475724705556e+00
1.237751127122096451e+00
2.287443641199314204e+00
1.711845676756063250e+00
-5.286356366784774607e+00
2.564677836567713864e+00
3.427688047148921058e+00
1.399838868627903077e+00
3.575110200909464631e+00
2.417666450991523330e+00
-1.690099520098466979e+00
1.063677264972043268e+01
-3.629216092998808763e-01
2.568103628059347887e+00
7.265591387644919408e+00
2.431762658813912736e+00
1.002814021645558817e+01
-9.416946401765754260e+00
3.644591234648724143e+00
-4.191767485396285409e+00
-2.090628324507648017e+00
-1.435636028089848582e+00
3.691672730761807575e+00
-1.783117190512235606e-01
-7.649526939817733684e+00
-1.624454521893121672e+00
-1.430083902669492257e-01
-2.094078135370545990e+00
-3.528525446170543312e+00
-6.025912769167124594e+00
-2.547827003206098340e+00
-6.639817930003777846e+00
-1.905006240885790625e+00
-1.541463836597301462e+00
-3.223509117065673557e+00
2.927654659102724377e+00
-3.283975624354603884e+00
4.876605024194844873e+00
-4.686462178003492518e+00
-3.094422652796223527e+00
-4.880806931480745625e+00
2.475118588844706036e+00
1.266129316598279875e+00
1.987911404078731126e+00
-7.396450438518724635e-01
4.769988845909506558e+00
8.699036821174143341e+00
5.837221310815521313e+00
-1.741057058972865557e+00
-1.105817209652910016e+01
-2.674633641862503186e+00
4.405266726023834067e+00
-5.055898449028385144e+00
3.816945255455605590e+00
2.007107344325998355e+00
4.975247519160135745e+00
-2.914805113135217507e+00
-2.710987277120029404e+00
4.848012253398003013e-01
3.714679959929380604e-01
2.234776182670356270e+00
-8.192001026480478787e-01
-5.073443195476758927e-01
6.044388792607273686e+00
-4.017621384483908820e+00
-2.553009113355434234e+00
6.292125135721624574e+00
4.980983746210902119e+00
-1.963611544280716270e+00
-4.876453323903056081e+00
3.652685054246634699e+00
-3.999424961470289919e+00
-1.127621787386708041e+00
2.580569848067440830e+00
-7.063361411490058472e+00
-5.823418870936468039e+00
-5.152449926358776189e+00
1.078357117366340212e+00
4.818627694093444269e+00
3.991597505351816011e+00
8.102073504155745454e+00
-1.203984235091689392e+00
-5.707876667917624935e+00
7.384961672295938584e+00
1.943757316680933878e+00
5.759610546430830702e+00
-1.067799370865496922e+00
-4.942083890545714731e+00
-2.793899907611862687e+00
3.574620066418736641e-01
9.016900792436469914e+00
9.708768500255263945e+00
-5.621381754749773307e+00
1.156034411394477601e-01
2.729401733591776846e+00
3.649940197104652562e+00
-3.385129054775089408e+00
1.983612378083238870e+00
-3.519305068386505475e+00
-3.829623666159022832e+00
8.763439155273042402e+00
-4.823992458892244706e+00
-2.285324850728430945e+00
8.157842655741593063e+00
-1.422615639905028928e+00
-4.140946016921527750e+00
9.825620356813583811e+00
1.189889471008863886e+01
1.117099253223054589e+01
5.056990111171653979e+00
-3.349883956090454529e+00
6.273665300830714386e+00
9.436171575047914928e+00
3.968592162580017124e+00
-7.243796258508086172e-01
-1.168272524516411170e+00
-9.070849311048579944e-01
5.816655990557522138e-01
5.282561175821986588e+00
8.937700007578747829e+00
3.543035001694070374e+00
-6.949377632009489325e+00
-8.887476127078797195e-01
1.111944720964121025e+01
-2.192658517550546193e+00
4.122329959595344206e+00
6.228822108080435349e+00
-1.250858758534395099e+00
1.185606939652369851e+00
-2.223224317095852776e+00
9.283061563179414222e+00
1.089353127810601896e+00
-6.448179637298045996e+00
-1.701022589150396502e+00
2.275363119776174781e+00
7.131066689874326237e+00
-3.411584149871087490e+00
4.855468996907448265e+00
-2.094458915017977096e-01
1.362599193606112813e+00
2.451907411968690109e+00
-6.130595208496718573e-01
-1.001480561437149142e+00
3.975635277409161894e-02
1.308788626627372498e+00
-9.357274967780481845e+00
9.298209863909754347e+00
-4.782548719550535843e+00
3.144330223740075425e+00
-6.831546323889895689e+00
2.096089189410021092e+00
-1.873609215982074083e+00
-8.397745493917516679e-01
5.260308863227185494e-01
-1.383302040476211747e+00
-2.240883641072891841e+00
5.076841828856197836e+00
1.583778844996862611e+00
4.750236504444957042e+00
-4.962439693443139177e+00
-2.231251909984253601e+00
2.708193295146476665e+00
-8.496266361471983553e-01
2.080461588939044759e+00
1.404671632241522872e+01
-6.502701776626767405e+00
-6.596691526258338989e+00
1.345873004941288142e-01
-4.112546274628325449e+00
2.948809116021596566e+00
5.737859892449962196e+00
-4.317362159022963830e+00
-9.601066937169441928e+00
-3.517874952515676057e-02
1.587594756823230924e+00
-6.406566745348611036e+00
-5.538048147245073771e+00
3.453135157666110011e+00
4.342635649666499731e-01
2.434360133177720265e+00
-5.414866652657906343e+00
2.061008898352161278e-01
-4.791798565824429978e+00
-2.918110260676086032e+00
-2.519914771227122152e+00
2.015884033161944533e+00
9.323929546596465556e-02
4.040159924049965490e+00
-1.084587599777885814e+01
-2.339630018101833908e+00
6.577525685902288366e+00
-1.125242901903214854e+00
-1.024961495813599521e+00
-4.107032991606594408e+00
-4.795669807472570767e+00
-1.799906474752859475e+00
-1.001571901481949212e+01
-5.532225303800577088e+00
2.400829576254519537e+00
1.045297051411932188e+00
6.946820851130395269e+00
-3.825601655133722190e+00
1.042023879303966893e+01
-3.522552267725251429e+00
2.706716398966480530e-01
2.050250785312392132e+00
-4.064718569804790960e+00
-1.736682379556340416e+00
-2.180170001843499072e+00
-4.199158494400045072e+00
-5.539895045283295794e+00
-4.395836437914121930e+00
9.457961908736676193e-01
4.995046744532705141e-02
-1.573083821269767313e+00
-6.230348246830050840e+00
-2.678188770936205998e+00
-1.304177989965669138e+00
2.845584527675532716e+00
3.339618017571039044e+00
-4.114665782917756864e+00
-2.492695441639480425e+00
-7.144764576197585981e+00
2.045414544729171169e+00
-1.476332451113415045e+00
-4.271304361330730437e+00
-9.331942913167027953e+00
2.212211236052934016e+00
-4.006384672539179626e+00
6.160066095011460519e-01
-8.636051576552818076e+00
-3.601337540781578639e+00
1.524837986524453903e+00
3.991946085826873158e+00
8.040955504551011046e+00
6.575935976077385003e-02
3.851142166284278190e+00
1.349922431248616439e+00
-1.852077609248081735e+00
-8.163385570347200249e-01
-4.208043527330169731e+00
-1.084172220348414317e+00
4.982760655968728969e+00
-1.150161349740750127e+00
-7.011685873702560912e+00
4.805386760468222107e+00
4.340183456623858405e+00
-1.596947906944074180e+00
-3.855522281797311379e+00
-3.410617461427408514e+00
-5.817345132479649017e+00
-3.903026172518808679e+00
8.419437013830071148e-01
7.433903092741013019e+00
4.925168958909248218e+00
-3.347135973936574138e-01
7.011042274777820049e-01
-1.863270678396306890e+00
4.190710872018765798e+00
3.481544332963879551e-01
-1.033316024174490533e+00
-3.963179789860990176e+00
-3.521479154656386612e+00
-7.906708763893694147e+00
2.131172383592222719e+00
1.492710523916421339e+00
-3.728005161448404881e+00
-9.716629456452062996e+00
1.579860333661683214e+00
3.571392006198299551e-01
2.664425252889777607e+00
4.524625870111767867e+00
-3.104589977542398849e+00
2.290613406846440103e+00
1.634866000837286393e+00
6.986269431947322417e+00
-1.068802528340465852e+00
7.714324552305218852e+00
7.981713667003156765e+00
-8.727650852265503856e-01
-6.957872277468990951e+00
1.051371180586011711e+01
-2.753303623513064569e+00
3.112931168370908885e+00
3.998615923214281054e+00
-3.566188772341369884e+00
6.981150174208109682e+00
-4.215662885341232347e+00
3.523498851012845989e+00
3.719829525664712921e+00
2.052005051836915950e-01
2.462297106267790525e+00
-6.044357729914906496e-01
2.138442152264138141e+00
-2.676587638302414973e+00
4.553574803581631691e+00
-6.491004925712562823e+00
-3.002921775267837212e+00
-1.866208860442347017e+00
3.723031682640177920e+00
1.574538419109346332e+00
-3.680744039333735618e+00
-9.093602447348414497e-01
-2.500459817816199859e+00
-3.805456465001120225e-01
-3.268328750119661841e+00
-4.953382194087552648e+00
3.048435505453507499e+00
1.968941124983536017e+00
-3.295882992837157577e+00
-1.426542060223388697e+00
3.700732538423895601e+00
-8.779104790551668813e+00
6.407579123210174643e+00
4.075026212591661867e+00
-3.226485765418513285e+00
5.176281021252952641e+00
-4.677897444993525333e+00
-3.110742808039271612e+00
-8.830978508538456229e-01
-6.314776066352381534e+00
2.116667114470967892e+00
4.832854002691253648e+00
-3.569241569346605747e+00
-7.033498407345507353e+00
5.955260663802907750e+00
1.608261288694769586e+00
1.313955347462927747e+00
-8.298389944586253009e+00
3.421171802442316778e+00
-3.428538144854625713e+00
5.889179300457598742e-01
7.820770570364135921e+00
-3.262144763499177369e+00
2.484958094692536257e+00
-8.142674291200846515e-01
-3.808879673883315942e+00
-4.345665633591282884e+00
-1.606034424818117312e+00
9.738792401253352438e+00
3.508271904795423168e+00
-6.621120520054590841e-02
1.873888410731885834e+00
5.390413471475119067e+00
2.983272744358525408e+00
-2.810584677628175321e+00
4.207520325973587383e+00
-1.584879381158921241e-01
-4.926357167876275867e+00
8.904290944024644272e-01
5.307351728589663864e+00
-4.957970694359183916e+00
3.114677179088647829e+00
2.192481974811415935e+00
-7.225145863496131859e+00
-5.502528808059808929e-02
-4.630033159127901143e+00
2.352029039336133387e+00
6.106110815821068627e+00
-6.811815039364266244e-02
-8.900983862998828045e+00
-3.019609246113095224e-01
-1.588833465058610006e+00
7.464405798817835835e-01
6.286237238299572816e+00
-9.372345442029628160e-02
-1.676685869302193765e+00
3.770949278552174100e+00
-3.625670413899397371e+00
4.058721350260898753e+00
1.238557876154282589e+00
-4.018250161197773340e-01
-5.836442234767279302e+00
3.230092286787321854e+00
3.759310395075957878e+00
-1.055475442967584776e+01
-1.431308979283210103e+00
7.333205321635819729e+00
-1.496038151809235828e+00
-4.229873575961952348e+00
9.777149698507199282e-01
-2.826095440113100210e+00
-5.125527776703443728e+00
-1.233477756547810333e+00
-1.055243998231763847e+00
-1.525991816432868298e+00
3.940022344509310770e+00
-5.395820914858195927e-01
2.459171909220227992e+00
-5.846448154644263262e+00
2.510078336552599154e+00
2.313288041727407318e+00
5.634097369540647549e+00
-1.245478037777081104e+00
-2.957923708832578047e+00
-3.902795047878437895e-03
9.335753117606988560e-01
9.299358145398930020e+00
-3.379014709869165856e+00
7.337896225585608390e-01
4.741811213521713864e-01
-4.841762789413974311e+00
-2.385450166362634405e+00
1.160957995387611064e+01
-2.378085520817980303e+00
2.849042562381827626e+00
3.373229943692104271e-01
2.280225707742745689e-01
-5.391747873865723406e+00
1.920067026979351832e+00
5.916429143515813394e+00
3.116579697365256418e+00
-1.038077092368143717e+00
-5.599754432933581327e+00
-2.166397563992500608e+00
-1.598429147015783536e-01
-1.201682987772662248e+00
2.872777476267148966e+00
-2.682396187000666288e-01
-5.171945272314652620e+00
-9.041882936688924843e+00
-5.271405125605033160e-02
2.430773080364745375e-02
-2.272635316839548558e+00
5.818315468581551464e+00
8.346214546419208347e+00
-6.245035854389495711e+00
1.418886101679291412e-01
-2.211846125513898809e+00
-7.748249358539684550e+00
2.657690238973403396e+00
1.003863048738911745e+00
-8.269268667833649999e+00
-3.590959417345850113e+00
-1.601264791431890711e+00
7.083714011192308924e+00
2.066037046035505975e-01
-7.402429624124538421e+00
-2.166163046787429547e+00
-6.674396631980927808e-01
3.631044434278402622e-01
2.151962499327523481e+00
8.979225055864297200e-01
-1.943196919854834004e+00
1.383116175114769586e+00
-2.234634754632218723e+00
-2.994933845931051053e+00
3.245450250744827958e+00
-1.896695305781860519e+00
2.004301269777357675e+00
-1.650624561328617235e+00
2.477036287133794090e+00
6.629378034982916112e+00
4.629587025784528187e+00
3.566307848110232381e+00
1.981835728829628884e+00
2.260722142141218249e+00
4.564224958144375677e+00
-3.061661234930588726e+00
4.899049647374633665e+00
2.725414417045914917e+00
-1.608075099389122409e+00
-2.291946418830953736e+00
4.876923028514413283e-01
-3.853841186257292328e+00
-3.454945682748824520e+00
-5.108815342962406802e+00
2.903646545953699754e+00
-1.302983055644481247e+00
-7.539753316573871267e+00
-2.374561570836335012e+00
-4.915764643651633570e+00
1.117632240142015787e+00
6.482897150155185528e+00
9.488982829322212265e-01
-6.333972710254069938e-01
-9.676304782309006924e+00
5.549532644307255680e-01
6.884346204273454006e+00
1.477059386936541152e-02
1.053796917900024610e+00
3.086556262861859690e+00
-3.325721660150539716e+00
-5.072959416275671707e+00
1.499535891555577205e+00
-1.349350376746389468e+00
4.655694162821662374e+00
