-1.908522834276680413e+01
-1.000851703423768724e+00
1.324228965526601343e+01
-2.061702320091629659e+01
3.775400195324435160e+00
8.487451735877957759e+00
-4.540340348859173147e+00
-2.815727390491904103e+01
7.078086345471309215e+00
3.103439037086227259e+01
1.633569338480860367e+01
-2.066103743403605364e+01
1.064284227711521247e+01
1.091979335616145796e+01
6.553527738287908022e+00
-8.190080647480169063e+00
-2.669455641114389266e+01
6.529566968508603075e+00
-2.028580286527333598e+01
1.398074413895994894e+01
-1.517085459440198925e+01
-5.282240336844184370e+00
-1.230932034281830312e+01
-4.729717148542738059e+00
9.836808146760052551e+00
7.203508569611118517e+00
5.705257571880893330e+00
1.007745241745598541e+01
-5.863429763384620408e+00
-1.792928248842875050e+01
-1.129744159574507201e+01
-1.550973762292214353e+01
5.239158688346458703e+00
9.546622727743480752e+00
-1.779220770404042362e+00
1.673489938853677117e+01
-3.275559277580737838e+00
-1.041001068578149180e+01
1.709662342309851368e+01
-6.087814120856225308e+00
-8.206195526176394139e-01
-8.763558086117075874e+00
-8.553802261810313112e+00
2.468442786426118829e+01
-2.444366358704370157e+01
-2.967453101833574358e+00
1.393658246223098196e+00
8.175971577098938070e+00
-1.359825775595871633e+01
2.761719039166347311e+00
-1.231347568563080053e+01
-3.186225204907484176e+00
2.436058687658245514e+00
-3.020305451472021119e+00
1.363842130568250965e+01
-7.694349304804774192e+00
-6.336617055449988989e+00
-4.813070513374669623e+00
-6.865779409580522241e+00
-2.029423267469023884e+01
1.050394911977830859e+01
-1.077835183506252825e+01
-2.822561686018993043e+01
9.703091483358508018e-01
-8.155859098760455339e+00
-4.221630022885564770e+00
1.483566567689135418e+00
2.959882401081244119e+00
8.856047809831721906e+00
2.965664591549113105e-01
-1.105984345786644507e+00
7.685722915637303032e+00
-8.269713645232190657e+00
4.611864979101131468e+00
-1.747480025931835002e+01
-1.083414040579353887e+01
4.806577823420821183e+00
6.479762340977070600e+00
-7.080456484170707832e+00
2.282760499446347069e+01
-1.727234834705745214e+01
-4.784276942250066611e+00
-3.906483518607227090e+00
1.642404656865280899e+01
1.273496105982783533e+01
1.207635909805598828e+01
-1.546380005965364735e+00
1.115549389433188310e+01
6.137498409927033549e-01
3.588485235944579799e+00
-5.545158560596467723e+00
1.027470985842811935e+01
-4.962509329417090775e+00
1.354261666405192521e+01
8.015241770368628949e+00
1.632335873810997739e+01
-1.444351076762528940e-01
1.799044935459140149e+01
3.901027816270648430e+00
1.006575340355631099e+01
1.024093223989845391e+01
9.124510297014909455e+00
1.798686367509003858e+01
2.537573584918342284e-01
1.242762838301995032e+01
-2.211061848619100445e+01
4.015979758149275103e-01
2.127183772534260164e-01
-1.713497929702584699e+01
-6.133452971789914443e+00
-3.493148322026620622e+00
-4.555764863620003879e+00
1.266113220488993774e+00
-8.016121347333296399e+00
1.693008453011011216e+00
1.813584334641206386e+00
6.576482357806012757e+00
7.807146420174990276e+00
-1.096512572973051292e+01
-8.841264718885341267e+00
-1.801631440216320712e+01
8.458951706035215068e+00
-1.136591615994194449e+00
-8.926991747408616007e+00
1.466517321385620409e+00
-1.907777061246010675e+01
-1.548795986472806252e+00
-6.898192251542389464e+00
1.392602188837869370e+01
2.613273037642690255e+00
5.827528347178151158e+00
2.804590325646436622e-01
-3.903982992625265602e+00
-7.290628301471558714e+00
9.367018732721431817e+00
1.230489729031512702e+01
2.117667265754018313e+00
1.115264178966738839e+01
2.271967492731245741e+01
-6.345708574774096888e+00
-3.428719008837781690e+00
-1.130666530103466627e+01
-1.128098656653292586e+01
1.159976631794094537e+01
-4.657628548840692773e+00
1.238155523183653184e+00
5.648692534502932183e+00
-2.999649870950435115e+00
-5.618460604905699540e+00
-8.341734328985039859e-01
2.274587889653343709e+01
-9.206405667626018641e+00
2.077264341062350539e+01
-2.186397693096195916e+00
2.046997288419186134e+01
-9.600543549571346702e+00
1.178187831743696812e+01
-3.161051544512142186e+01
-1.843225790494862792e+01
-1.165009568727986178e+01
-2.616132921306504500e+01
-3.126331925496733444e+00
-1.463120044219302329e+01
-8.648879295055065697e+00
-7.542892514086871003e+00
4.904687311962380392e+00
3.737206278980260699e+00
2.446063788205038669e+00
-5.534326751064577721e-01
-3.566318606829927074e+00
1.293732369225762646e+01
4.038763092824876111e+00
3.159096753576141392e+00
-3.395148162677159576e-01
3.263189064905182679e+00
1.788966154785044171e+00
-2.507286292763981628e+00
-4.016143785090612539e+00
1.762507552240595388e+01
-2.027082352684129063e+01
-1.142887386060825960e+00
-1.180759306254629060e+01
9.028166343726741871e+00
-4.505705297346295879e+00
2.667070199639460881e+01
-6.692623714036901816e+00
-2.922656572120364338e+00
-2.530526752289346604e+01
5.472062267256541546e+00
-4.799567804055520526e+00
-1.026209836911262308e+01
1.116187137441267829e+01
1.476134876619778424e+01
-1.531886065391386387e+00
-3.292791448974293544e+00
1.475480827308174270e+01
-1.067630499838542057e+01
-8.371373073904864626e+00
3.268770107273451409e+00
1.133501547458130787e+01
6.032470080595902395e+00
1.068142164575331066e+01
-3.106991343568398456e+00
-7.915488051407299608e+00
-1.358939614727337997e+01
-2.859348506369840948e+01
2.885407457196404124e+00
3.148795900502900924e-01
-3.135107126603092098e+00
-8.369389782473447781e+00
-1.610331930725699578e+00
-1.348748366817560829e+01
2.638090417099636653e+00
2.342611676601233039e+00
-7.554600111357649972e+00
1.036973246669390214e+01
5.866788915855890352e+00
2.553999643693557076e+01
1.727078278192412597e+01
1.704939040423658980e+01
1.405580604511193599e+01
-3.909328370633474492e+00
2.201776696330774286e+01
2.800529439635940365e-01
3.001262725331176107e+00
-8.186854066111042272e+00
1.092579182382356429e+01
-8.356823239488864630e+00
-1.168604186292387759e+01
1.041825580180485922e+01
1.734938927821487198e+01
9.707578653589864714e+00
-1.048489145424949065e+01
-3.102072892357655043e+00
-1.751057154378643332e+01
2.211123387049877209e+01
-1.998979111237586537e+01
5.901959595083316579e+00
-1.149552412837316240e+00
9.703953622185634842e+00
6.691644034669314678e+00
-1.637199279430420162e+01
-6.849867235837168167e+00
-7.460317536794173421e+00
-4.161460565245130638e+00
4.462976927222544532e+01
2.669385366349423805e+00
1.081816723426468663e+01
-1.283545359849379253e+01
-5.113878299221504165e+00
-3.357766698550195716e+00
4.045921148887610119e-01
-1.459724873824922753e+01
-1.898179915307879284e+01
7.519673447492556839e+00
1.142539953812471865e+00
1.311709608728172860e+01
-1.038766569511884796e+01
1.886085124127625789e+01
1.111508216990322140e+01
1.752364452228687419e+00
-8.300777641205820956e+00
-1.120370569970723373e-01
-1.020633670320821373e+01
-8.876615029767313203e+00
-4.831826654386827791e+00
-3.266188625603948026e+01
4.299080822862879181e+00
-6.009202659044565742e-01
1.008817334749997130e+00
-3.850421967500301523e+00
-9.202419996070798192e+00
-8.650147438347319806e-01
2.447373202864913999e+00
1.082098784704518124e+01
-2.971829282640054970e+00
1.150692910866069596e+01
6.018364963089844366e+00
3.269910309576927965e+00
-5.430053878735323636e+00
9.979751442503360437e+00
1.097894274018250904e+00
-2.477400394711915865e+01
1.197507146285061097e+01
8.877980622297576119e+00
-2.953212872035737568e+00
8.335153975233199120e+00
-7.023343367002691018e+00
7.640975904433734200e+00
1.294097042003736142e+01
4.068906586263590697e+00
-6.095261461170036199e+00
1.898253018812764736e+01
-2.735571058844946535e+01
-5.600165394328822543e+00
-9.610197928033521464e-01
8.255572383763333022e+00
-1.727041095290984885e+01
-4.719545173972525376e+00
-1.324839159550629830e+01
-6.119748481752878000e+00
-1.630691286835102005e+00
-6.607922590564010434e+00
-7.560348066594761995e+00
1.374180270843757157e+00
-9.271843245745568396e+00
1.455925554250219278e+01
1.182606374581725461e+01
-1.867144167735789040e+01
5.137189068634066658e+00
2.289083543395800113e+00
7.012546476194589928e+00
1.428256667999794693e+01
-1.197975470686031585e+01
1.761129973895887435e+00
5.346985871682712776e+00
-4.348840574657151237e+00
-2.971216341232325586e+00
7.220694176752896709e+00
7.173393317156905979e+00
-6.049572921287552418e+00
9.170650836080541879e+00
-9.236633111173293997e+00
-8.537951179724528217e+00
1.662095518114947623e+01
4.733470549938454397e+00
8.045201232790148538e+00
-2.201210121160813049e+00
7.027043573367257601e+00
6.640454085412633489e+00
2.408231167010478657e+01
-1.311696894800954283e+01
-8.940683009477751853e+00
8.494963994768324866e+00
3.045840994462043483e+00
-1.491756481747223262e+01
-2.014604466636243929e-01
1.214798074885550694e+00
-4.200057941622649338e+00
1.558012255813661184e+01
-9.931345246651183345e+00
-8.264282399447029803e+00
-1.499766289084469228e+01
1.119547007376308478e+01
1.195969941630025701e+01
2.711044207657526783e+01
1.138239603188027260e+01
-4.024683733918501538e+00
-4.554767145970592956e+00
-9.963746354279779283e+00
-2.516540025631847755e+01
-9.325291575811608169e+00
1.225943092532305378e+01
-2.266775091427985345e+01
-9.185705748562629225e+00
1.118846891472953242e-01
-4.846457995374453542e-01
-1.570430537059723086e+01
-2.755184109486206623e+01
8.601778202806338314e+00
1.689674040499762242e+01
7.626644456920446125e-01
9.709576484559446996e+00
-1.468026005940136258e+01
-1.105243276338757852e+01
8.302122755105198593e+00
-6.714322319164025110e+00
4.582424428065824173e+00
9.402434431671821358e+00
2.300020660203820100e+01
4.150132137224208151e+00
1.256923848423152990e+01
1.478508748602467371e+01
1.083617447056688654e+01
1.739379141193533762e+00
-1.136998913425720659e+01
1.149960847623844984e+01
-1.503566475043993655e+00
-1.667102257008991284e+00
3.609801211337538174e+00
-3.452292368052499061e+00
-8.717949363298593823e+00
7.096907571645644452e+00
3.250440696125997064e+00
-3.999602018830733519e-01
6.130970359254208191e+00
1.171788625029799746e+00
-1.289360306625038533e+00
-1.823426691002099531e+01
-7.147831892148041710e+00
3.603377945736911503e+00
-2.937312963742717997e+00
1.067364489851541087e+01
-5.830739074382609743e+00
-3.838816455833579333e+00
9.374471944023428094e-01
-1.725935096657060797e+01
-6.882597770219866185e+00
2.146216462553223892e+01
-3.183739634246547823e+00
1.113164415706511612e+01
-3.492658364825848238e+00
5.050800360562310409e+00
-1.320087001530292348e+01
-5.476218449926701481e+00
-3.968153321522208010e+00
4.392224632317919486e+00
1.664070706653837206e+01
-6.356962999680648707e+00
-9.993153136209054210e+00
1.850191262625271094e+01
-7.369511895271388724e+00
1.699758276882478469e+01
8.013275092942873101e+00
-1.702424933781022443e+00
-1.748058570957429225e+01
-8.153869577930455748e+00
5.634611467820054287e+00
-6.623796545315764561e+00
4.755173406544187742e+00
-1.999100564842140937e+00
-1.128435444872371018e+00
2.215806883378852010e+00
-1.962278888235006491e+01
6.305773868987993858e+00
1.307364652264274696e+01
7.263871597141556613e+00
-5.127215137714249416e+00
3.209284800524223158e+00
5.538402109539541929e-01
-1.089693264375277337e+01
-7.622795415035346522e+00
-1.004641546433544086e+00
-1.073416974295014592e+00
-1.349906020733938306e+01
4.352605228898350553e+00
-7.239432965060705882e-01
2.285312003294291117e+01
3.351728434186548533e+00
9.830020856038734323e+00
-7.800241621274585313e+00
-1.186069007759238048e+01
5.979957728686509988e+00
5.580247048611148841e+00
-1.592340255794364268e+01
4.652331426404149539e+00
-5.680623885616325808e+00
1.776280101766845831e+01
-1.895782583063156679e+01
4.465777950619187031e+00
-8.865858171643301588e+00
-6.822254843972816118e+00
1.997802889073991750e+01
2.239183419839603673e+01
1.840102531637462846e+01
1.496620868789675374e+00
6.736085363430007966e+00
6.173418578126820933e+00
2.639614229088834474e+00
3.910638072376571017e+00
-1.870141891181621574e+01
-6.724624488542930045e+00
6.612112777515961604e+00
-4.413229480735760824e-01
6.331312098286359991e+00
3.609440835086423327e+00
4.906563657107223086e+00
-1.703790260805171997e+01
9.429488997943233031e+00
-9.441280907867289685e+00
-5.844520853917099856e+00
-1.598287450103355312e+01
1.551276308305434348e+01
-2.059751422528439679e+00
-5.040026410342479224e+00
-6.406506209120190753e+00
-5.127124815595354157e+00
-1.304905886826257344e+01
-4.110022484608079729e+00
5.794104579447738601e+00
-5.640097926758748770e+00
2.984873956039742815e+00
1.107907951061192264e+01
-4.492986206693977635e+00
5.546392815555014622e+00
1.816345491031647796e+01
-1.130504054576207551e+01
-2.181662640693271094e+00
-6.661786575719773396e+00
-1.967047245632418839e+00
2.676239100256510461e+00
1.226594318065788869e+01
5.140437780954921543e+00
-2.097464370100213138e+00
1.912988152984881651e+01
-3.835090282227073377e+00
-1.022152962941364684e+01
-2.703077482092498585e+01
-6.630595166970623122e-01
-1.490201409762592633e+01
1.658000700538138306e+00
-1.029924567042276351e+01
-5.889869842002333655e+00
3.048722717165915252e+00
-4.658076249576149408e+00
-1.708479784917470568e+01
-1.779041574850056762e+01
-5.061067390641070141e+00
-3.340739595918027938e+00
1.298912677984208486e+01
-1.528928947776670988e+00
4.502703192978913194e+00
-2.137562637895764617e+00
-3.466090847756927662e+00
-5.280926136654564118e+00
2.194109374028763160e+00
7.203307544491259762e+00
-4.150238463523253429e+00
1.923315586589379578e+01
1.497038465715410460e+01
2.283606458552140595e+01
-7.690720764004293386e+00
5.262033604079553228e+00
2.445350199395152080e-01
5.939499572197233235e+00
7.140776557994118257e+00
-7.925513144270098564e+00
-1.017602532534267468e+01
-2.847350810409841948e+00
-1.046322760842625099e-01
-1.586940746401933389e+01
1.071863867379792090e+01
1.618353416814415269e+01
-1.540690541033030492e+01
2.995218170839557104e+00
-8.989118086702204025e+00
1.600175582768423865e+01
7.265414369105942072e+00
-2.206799961906081187e+00
2.278032235098457647e+00
-2.686118624734818106e+00
1.156313923347504158e+00
1.077646195961604647e+01
6.165127939474177587e+00
4.611227789388157028e+00
1.288571410810265050e+01
7.524413452223774001e+00
6.595670320764452477e+00
-5.365408746056734124e+00
-2.173004967408843768e+01
1.235050078676858476e+01
-1.496658148530672960e+01
-1.073465866174377936e+01
9.307014356316255288e+00
2.210935292974888444e+00
-2.947021940308006194e+01
-6.978930178476019819e+00
9.386008339579950288e+00
1.968305713205059249e+01
1.455819215866132765e+01
2.253269812190602295e+01
4.967522781129836140e+00
7.234239646046034089e+00
1.282117639714082991e+01
1.350632502393191814e+01
-1.507614953349786902e+01
-1.331945449640709178e+01
-8.624986808716883502e+00
-6.699976915344074690e+00
1.443955901726349467e+00
5.774964677599697893e+00
-1.312810226092224930e+01
-9.022360091132165749e+00
3.138597629772129416e+00
-6.431871557638304537e+00
1.949784578244743116e+01
1.968384457748745930e+00
3.118845778215878273e+00
-5.440350020525329455e+00
-5.628510087399396511e-01
-1.536457539208132594e+01
-1.023082485418554910e+01
5.977573750384475026e-01
7.978923076616131205e+00
1.850016753901306288e+01
-9.695286922234734206e+00
1.028023970718680502e+01
-2.346148210858528316e+00
-1.964696005249352950e+01
7.168780449903827012e+00
1.551731294832387498e+01
-2.650678936462511182e+00
4.898392713667962362e+00
1.354793034170560340e+01
1.589317119014776836e+01
-6.425030625729352352e+00
4.056709813497949568e+00
1.047430691354935206e+01
7.933893334175483147e+00
-8.022730104786582217e+00
-9.072381585620391320e+00
-5.233624012685476501e+00
-4.866607866343271027e-01
-1.681370628086600760e+01
3.212820976005742679e+00
6.356279777062985303e+00
1.128529090648728328e+01
-5.274859576820205120e+00
-6.446812539634975359e+00
-1.120397815879018566e+01
-7.228537017578664514e-01
-2.113531174622608333e+01
-8.327582445390856236e+00
5.829589215402778635e+00
-7.733492993390845172e+00
-7.931960433689268231e-02
9.108328470735605364e+00
1.193407854524403344e+00
1.193832815875535402e+01
-1.625759623915368834e+01
-4.277821689795262117e+00
-1.104058895407672480e+01
-1.145375894189585786e+01
-6.817739437012326764e-01
-7.021025112835283188e+00
7.864699135820409026e+00
4.296117306495114363e+00
-1.943365273259139769e+00
5.255440601315225280e+00
-1.810695948238995356e+01
-6.402206355515257741e+00
-7.081677906171084835e+00
3.825836565735331707e+00
1.034663734019936498e+01
8.735320173069712979e+00
-9.932585570854024937e+00
1.134052488505528977e+01
-1.604920321694576657e+01
1.404536313928425484e+00
1.320527173099732643e+01
3.602167765600377436e+00
-6.030842257456676236e+00
1.408912829193913252e+00
6.141956768077281303e+00
7.002117105513632200e-01
-4.721864522974237310e+00
3.727956232927343017e+00
1.139995543816459289e+01
-1.361967758802441786e+01
-7.485550636843035122e+00
1.113932512526073459e+01
-7.075920193168251160e+00
3.341024767888336910e+00
-7.442221643737214620e-01
-1.881032380036623408e+01
5.369940039902824758e+00
-8.530343225097894333e+00
-4.859927012521929157e+00
1.970903147431894542e+00
-5.949105295144163641e+00
3.208000484033751487e+00
-1.441811939782077445e+01
4.684968318158465372e+00
6.387829225970720337e+00
2.165147619024681447e+00
9.657505379399594858e+00
-1.540208576613252944e+01
-7.719918039691484601e+00
1.047193472049173124e+01
4.717836720351146873e+00
4.317583754099488580e+00
1.336481728749416042e+01
3.408026674849846227e+00
-7.156129861848562257e+00
4.490821060892211669e-01
4.166518710679909532e+00
-1.250611127538493150e+01
-1.654313723160402816e+01
1.500678775901013040e+01
1.621757487936787712e+01
1.791476120766034441e+01
-6.864728927614867082e-01
-2.385501972045430463e+00
-1.407400041795017565e+01
-7.282329555825029388e+00
5.798087524498631851e+00
2.555230848714362679e+00
-5.851178248789452585e-01
-1.295414652690429058e+01
-1.097240881435651083e+01
-1.716843868227961423e+01
-7.167013184868160636e+00
9.034184112587513305e-01
-5.025395924591881780e+00
-1.689525445858010855e+01
1.059017009225381223e+01
7.991121717698555393e+00
-4.538093406155757847e+00
2.650837358212050354e+00
6.771949062434082123e+00
1.751312690161128671e+01
1.069681640471086759e+01
-1.728495125641004826e+00
2.272201896869923576e+00
-8.310021538657821338e+00
-1.036118818764649063e+01
-2.077647695032596431e+01
-3.390282868805948979e+00
-3.119779864929246749e+00
-1.041778846559298088e+01
-3.103559806560148182e+00
1.001471413945347999e+00
-7.351108033329925462e+00
-3.685676499595786471e+00
7.808588217105130624e+00
-8.740297020313541054e+00
1.988512595349805068e+01
-2.253316455365154347e+00
2.260813985873411980e+01
-2.148547025245994746e+01
-1.520060017825390020e+01
4.995840574420892466e+00
1.648820825071936724e+01
-3.479711639398926337e+01
-7.982132440441493060e+00
-1.210416348707290801e+01
-1.628940538119264048e+01
7.872620636957096352e+00
-5.239653632458490806e-02
1.419853615889541398e-01
1.015127153451128095e+01
2.738357554575789443e+00
1.355297328789941425e+01
1.414061467503710467e+01
1.832173519143416485e+01
-1.700913670918382792e+01
-1.298337927261106728e+01
-1.413960507541503908e+01
-7.901503352707820227e+00
2.256580590512684736e+01
-1.383357806909692300e+01
-5.647905953614602126e+00
-1.995016737223027192e+01
-5.503589988088875007e-02
-1.377238245924270288e+01
-9.300139373990621294e-01
1.282433067621006550e+01
1.505020597863060594e+01
2.664702410984046566e+01
1.527774327736409754e+00
1.601320168662723376e+01
8.594826293553175844e+00
-2.617622449093065740e+00
-3.216185786194964980e+00
9.909410933069798588e+00
1.592519839225378497e+01
9.659968896864553400e+00
-2.184632382623278524e+00
1.027183681741291821e+01
2.653125211062534206e+01
-1.202983700325454031e+01
-9.361936208914427127e+00
-1.383775436016721372e+01
4.915600513451796161e+00
8.329034391982784058e+00
-6.300012380345306973e+00
-6.977541185619433595e-01
-1.745095386638321244e+01
-5.556154262967385904e+00
-1.293248015513810145e+01
-6.413839648366104207e+00
-3.117976078080496904e+01
1.687200240048146505e+00
1.660908257658626042e+01
6.419232623555702233e+00
-3.033014442271247724e+00
2.319742435444068818e+01
6.159815499048824528e+00
1.513067627788492020e+00
6.153956886863013231e+00
3.599647710723754113e+00
1.038812351782366505e+01
1.245360345618325582e+01
-5.069941295944511594e+00
1.842193806115306476e+00
-2.569131713448487453e+00
6.711969687838264420e+00
-2.267321349569090216e+01
1.263261173581590135e+01
4.169837004868034214e+00
5.536864700748624912e-01
9.930422817960971038e-02
-4.849324377526681218e+00
-1.897100604342019636e+01
8.825013891224042339e+00
1.371187045860818010e+01
-2.718118254963660974e+01
-2.172034135306945224e+00
7.089562786648635040e+00
1.142183856257713082e+01
9.650961731564311918e+00
1.778045170816894061e+00
-2.025631459928959544e+01
-2.281909184487457498e+00
-1.258238290229128609e+01
-2.037328511394674990e+01
5.677329228188854771e+00
6.236433330801064656e+00
-1.595746207090829394e+01
-3.088435909300438542e+00
1.483645860348242751e-01
-1.390813701742494146e+01
-1.826214135759277823e+00
2.679858342979128594e+01
3.333251819287722295e+00
-7.544922035941684868e+00
2.475902575460180799e+01
-4.811533071865760292e+00
-2.108870454086797608e+01
-3.304940062288799218e+00
7.035616938183464342e+00
1.442335753780514196e+01
-1.283604306074848012e+01
7.617357206932972247e+00
-1.128129319870867242e+01
1.223971364512837923e+01
2.035741948269688706e+01
-4.240660326339745545e+00
-3.867621409053237702e+00
5.654640852590304689e+00
1.552140258969088826e+01
2.269490904432987843e+00
-4.714397109437131306e+00
1.887191790592395790e+01
8.684867546741145361e+00
1.791406451602275185e+00
7.360577176947756151e+00
-8.749477567250327326e+00
1.106373533438898349e+01
2.065777103949319127e+01
1.884650138876068937e+01
4.578469905866797141e-01
-2.048219536031540500e+00
1.364674861647016080e+01
1.350216002089136857e+01
-2.588133688966679724e+00
-1.946001684757186823e+01
-2.490285211844091151e+01
-1.344541499057584133e+01
8.685920618238476720e+00
3.321101680724657168e+00
-6.835200637203411311e+00
-2.610164007414228848e+01
2.134619749605935723e+01
3.468910147723768045e+00
8.933957650316326493e+00
1.175126882540398476e+01
-1.604186732342633093e+01
1.940443261841676659e+01
-2.294994141367719109e+01
-1.479073340724345798e+01
-2.222502148750360362e+01
3.155735788446921930e+00
-4.908689698510869448e+00
8.647104412905292747e+00
1.041074118212721800e+01
-1.037409296063978559e+01
-6.097456266053554508e+00
3.162718660653399905e+00
2.520944968141404896e+00
-1.863377570430015728e+00
-7.788610452606201662e+00
5.014249044652820508e+00
1.717066066391352175e+00
1.217055863933800497e+00
-3.912468997711733731e+00
1.374949824536918896e+01
1.396664017338453023e+00
2.693572917702259595e+00
-3.358358882519293154e+00
-1.199035861118249890e+01
-1.676027703531239155e+01
-4.182478813228671655e+00
-6.937706853699977749e+00
-8.616268550150325556e-01
2.797284651801854150e+00
3.588253850261414080e+00
-1.042148910170920217e+01
-1.270634106229007898e+01
-1.635040770632192064e+01
2.236926968539226479e+01
-1.551972250244221918e+00
-9.491882749119096019e+00
3.112162585815934435e+01
-9.189412530555333802e+00
1.307808024496086752e+01
5.821962528587348196e+00
2.429604435736127854e+01
8.089996554044724064e+00
-7.226123279509540254e+00
3.499371688734641772e+00
1.352408248372543653e+01
-1.904200699118046813e+01
5.526912567443215352e+00
-1.185155792573647560e+00
1.197571972314085009e+01
-1.002569056433229910e+01
-1.447023030958532885e+01
3.127464823655333070e+00
1.021961083160925732e+01
1.094261661844598699e+01
-8.467726919122480211e+00
2.246621538092069414e+01
-5.696056054099448041e+00
1.337597090273951395e+01
5.646906404933687007e-01
6.939869225579657019e+00
3.787330917918024564e+00
-6.495214098455361906e+00
2.998164890322026377e+00
-2.905630200858509760e+00
-3.150609341318426715e+01
1.380319753689734341e+01
-1.202975488870479381e+01
2.738023611142983427e+00
-6.884629669095755133e+00
-2.824416183638965805e+01
2.268483305095716673e+01
1.247538184818417584e+01
4.727416184368227192e+00
-1.121441059909671623e+01
-1.074420378516468766e+01
-4.045551579577263190e+00
-7.522144612454066959e+00
2.124716106566303164e+00
5.420957557408891958e+00
3.922014078741464971e+01
2.069609004311340428e+01
-4.519774025122453409e+00
1.650065150366361522e+01
9.610565447570596831e+00
2.086294987205045004e+01
-1.492836884092847427e+00
1.000618604135005896e+01
7.258282832526594675e+00
6.819884492514352026e+00
7.718411412365279389e+00
-5.990546382823017879e+00
3.707777213926850557e+00
-1.355554180813518172e+01
-2.939516794467991190e+00
-4.032974656605880170e+00
-2.346555632316917439e+01
9.310274576812714642e+00
-1.994081293504541108e+01
-1.424541849178721264e+01
-4.182639344941267545e+00
-1.057811204563995844e+01
-2.523949664270342552e+01
-5.632730599297257612e+00
-2.366350012774911526e+00
-1.047425247460868114e+01
7.735405712887545526e+00
1.972357116756992212e+01
-2.212988694040727822e+01
1.451065078214808679e+00
3.863008589324246955e+00
3.571331981041866666e+00
-5.561138867429279209e+00
5.609290769339380311e+00
-4.111712085298595554e-01
4.004963561670844552e-01
7.591303183004854738e+00
9.816861869165531829e+00
1.107332427674316655e+01
9.646382374423168038e-03
-1.078439577627101897e+01
-2.203219554165860217e+01
-1.078050505476460330e+01
9.497125523341907183e-01
-4.602161740169870896e+00
3.006799318389357722e+01
-4.847054045463949912e+00
1.804298817660523468e+01
-1.119139269944342097e+00
-9.834753257107243130e+00
-7.780926592913958828e+00
-3.826980845590142177e+00
-2.772343687609354568e+00
1.723136265896600605e+01
1.036482875390389502e+01
-7.134071475206687829e+00
-5.256266630210673085e+00
2.117138993809527037e+01
7.728308555271818037e+00
-3.524501093747865355e+00
5.699874985616918188e+00
-1.240966460808436977e+01
1.018795881473727150e+01
6.746474786646450283e+00
-2.264164565684168551e+01
7.856390415061822452e+00
1.253954587670475185e+01
1.227669110804185593e+01
-4.006519477630399728e-01
4.492909059126973581e+00
-1.316827488640796240e+01
1.287876158711715124e+00
-4.995817562852368887e+00
-2.153730410749503221e+01
1.736682895517537517e+00
1.649423326835826131e+01
-8.340980065345839023e+00
1.990835857940453479e+01
-2.141766100114636728e+01
-5.239473867748498215e+00
1.139346084958133964e+01
9.560815887909908106e-01
-2.406825223154768523e+01
1.857044424055060006e+01
-9.615042953364454803e+00
-1.360111157422874584e+01
4.000971243961117807e+00
-1.790840990068743110e+01
-9.588089124940111230e-01
1.462752033084916725e+01
6.783991209584918636e+00
1.759048633524215788e+01
-1.006355540888763755e+01
4.098523613230717899e+00
-5.557049300234908173e+00
3.620495255922058231e+00
2.429510281557795803e+00
-1.997523584775501604e+01
-1.392996804633120611e+01
2.396839020975973789e+00
1.023902997079317245e+01
7.925937300926944040e+00
-1.636662456344071259e+01
-1.436337445048161676e+01
4.595729040511885799e+00
6.430927145086405616e+00
3.179342556869912961e-01
-5.842450871218246355e+00
-2.444273150719319787e+01
1.617223785506840628e+01
-1.591327762282954139e-01
-2.689998488602637572e+00
-3.638607694853231322e+00
