1.012806901006574023e+01
-4.247692305619054309e+00
2.502589120996797689e+01
2.175964801711289454e+01
-5.980420831000589743e+00
-6.018137818802569150e+00
1.646094541965295033e+00
8.706797985772427140e+00
-3.194616888380510034e+01
1.736737174802491523e+01
-2.922507150550572064e+01
-2.432712294249539298e+01
3.048112052736836830e+00
2.468467438569838635e+01
-3.179348352586263804e+00
2.577892599268266416e+00
1.887776401528549997e+01
-2.384291505597162519e+00
9.360547714561162636e+00
-2.400938423888612050e+01
2.204673834296103507e+01
-8.965692858466429271e+00
-9.379153722423936301e+00
-2.847063948604958483e+01
-1.545750524684565086e+00
-2.000362088460832055e+01
-1.416305940371792360e+01
-7.827450972586770916e+00
4.888272944723871805e-02
-1.266902475696319463e+01
-2.633296590455548269e+01
9.302407779232472862e+00
-3.539626309459605835e+01
1.272410087703318737e+01
-1.838221621522973948e+01
-9.259182357680016295e+00
-3.280757537761689235e+01
6.207292883488788604e+00
-6.687785005181551057e+00
6.569616931608590615e-02
-5.462373523729276314e+00
-3.585461103696758300e+01
-2.077333026775585267e+01
2.489904065024446567e+01
1.678573861967662140e+01
-1.729022422145490623e+01
-2.180079646373227220e+01
-3.224638775905435040e+01
7.055133749392457965e+00
-9.969045822662273793e+00
4.632709619097898468e+00
-1.681610337129958310e+01
2.390877496305687799e+00
9.531741368188079377e+00
-2.172951449210210484e+01
1.491266204165498266e+01
-2.137896800823178012e+01
-3.623921208565678853e+01
7.518322062404926065e+00
-7.785689073272530791e+00
8.161870260778414377e+00
-1.788953480995215983e+01
-5.241398384196218174e+00
1.849302923991678327e+01
3.124726718506505208e+01
1.171035281790232574e+01
2.054365481403952742e+01
-1.271807261690401702e+01
2.128084543774719606e+01
-9.864519710463737212e+00
9.026780272332139532e+00
-1.335781363394909604e+01
9.691649676271261171e+00
-2.585780490659812614e+01
-1.578213332854483930e+01
-1.852997912934747760e+01
4.072506231629310491e+01
-1.294170180003704207e-01
3.049126230378557878e+01
-9.152045621338164239e+00
-2.008669589567090696e+01
-1.292150306226418621e+01
7.154473049381396166e+00
-1.897668607434344290e+00
-5.007559444977422913e+01
-1.470579275242749517e+01
-2.647860985528949485e+01
-3.237820925903879754e+01
-1.861478243363000606e+00
-1.184469044150584693e+01
1.552519565860622386e+01
-4.471725512185617646e+00
-2.362727304987865651e+01
5.360838699437802113e-01
7.862332188091364138e+00
-4.294461089093868367e+00
-5.731978425613879491e-01
-6.804381292033101047e+00
-9.899611794565103651e+00
1.210326540864044986e+01
-4.553457518660894543e+00
-3.464682833393469252e+01
1.342836599154095012e+01
2.179501256487839811e+01
-2.730192660070140676e+01
6.571867861580505954e-01
3.974544564969523797e-01
-2.615341674884804490e+01
1.747462141525160106e+01
3.255936208924521846e+00
-2.991525807495379041e+01
-3.053451678864335328e+00
5.788241375912608788e+01
2.746100745550773325e+01
-2.031287933829050729e+01
1.203706283308762082e+01
-1.399600349287319290e+01
-1.186505750953054772e+01
6.514775455329179010e+00
1.550273881182312330e+01
3.484459951510869402e+00
7.482538073669713796e+00
-3.892369474589227885e-01
-2.460209093692133564e+01
2.103354286831800124e+01
-5.085555888369389876e+00
-1.316948463992755514e+01
3.046637424717392761e+01
1.328232616894968743e+01
3.286337559116635987e+01
-2.363666793691649559e+01
-2.094525142612773649e+01
-2.337234118935027283e+01
-1.015150976642826031e+01
-2.481390142828089118e+00
-5.044666897000670502e+00
1.567470341762501640e+01
3.046591144179274835e+01
-1.339535568851772851e+01
-2.242046749536536510e+01
-3.029305947120504072e+01
1.699124017863734082e+01
-9.846688043875268193e+00
3.293062908969801583e+01
-1.286752340314075838e+01
-2.089107596704153735e+01
8.821322348258885171e+00
5.578264940630704771e+00
6.811526110140746049e+00
-6.726295521791658238e+00
1.175252013655326699e+01
1.512525846892234860e+01
-1.031104034727403373e+01
1.665522019466807890e+01
1.034626931786902837e+01
1.052367723260953625e+01
-2.779212064778743496e+01
-2.523809473833887651e+00
1.699886975563452696e+00
1.587253618396529475e+01
2.757282724155576403e+01
2.072894446848205519e+01
-1.563427712245306900e+01
-3.619916899390928222e+01
1.241877766054424370e+01
7.223305286296735517e+00
-7.534124258575361388e+00
2.567189837647602602e+01
1.788906888809330198e+01
4.972187167177160028e+00
-6.615800979479053545e+00
-1.935376321418095458e+01
-2.986575645753294594e+01
-2.697027114375389445e+00
-7.420277353154459021e+00
2.125078547490212344e+01
7.786060670190074973e+00
-3.836273096697564000e+00
7.432508479309154481e+00
-7.462608743876782968e-01
-2.309036530141043642e+01
-1.786479457032735252e-01
-7.400204302743786933e-01
1.368234106738959710e+01
-2.204569991181730870e+01
2.104474131155972039e+00
2.191856990442905939e+00
3.487639215128035985e+00
6.705670293681927241e+00
1.481234106056932731e+01
-3.217577494883906297e+01
2.013826662598904349e+01
2.008443372976612462e+00
6.000362545210133014e+00
1.539734205249967403e+01
2.296470296953739165e+01
-3.102903979830896475e+01
1.315387081523821244e+01
-2.460106735951362822e+01
-3.972916104699175666e+00
-6.764803373529073127e+00
1.969125799192022797e+01
-9.757703525232420461e+00
3.331069709338113682e+01
-3.443916083581785248e+00
-2.041946045622239581e+01
-1.221913730530241793e+01
1.828433665737448877e+01
1.033570479043719992e+01
8.506753399964848583e+00
-1.122138197089656764e+01
1.184710614459675249e+01
2.060629960603517929e+01
-1.421410668085291817e+01
-4.161060163297499059e+01
7.091251709981772677e+00
-3.016700455214536891e+00
2.378754294874271480e+00
8.427065459594419439e-01
3.521264370460354343e+00
-1.418110069835732290e+01
-1.281191985768330488e+00
-1.506189781347288914e+01
-4.305762930272474875e+01
9.843641482359512196e+00
-2.290847529512724634e+01
-2.311055005252203642e+01
2.702233636780746462e+00
1.612601455475484968e+01
3.179807083029932357e+01
4.001003167613860256e+01
6.511199188285420547e+00
-4.970124657267538382e+00
-9.697194183746159268e+00
-1.057301303155806238e+01
1.537021369394371106e+01
7.046486705307356324e+00
-8.895735404758273290e+00
-3.140659841130662322e+00
-1.870530907847719249e+01
6.474876496233394896e-01
1.401571448134473652e+00
4.091030101159019772e+00
-1.731649475158601703e+01
1.122952803724479409e+01
1.620175940198448927e+01
1.311484658474454967e+01
-8.101095840386175695e+00
-3.331253464611624526e+00
7.546515502068668724e+00
-1.154494727571195867e+01
-1.948839056186492513e+01
-1.083665947790240125e+01
-4.348604282131621801e+01
1.889580401230143281e+01
-4.212938782048748720e+00
2.864690118137572128e+00
-1.093390987552972149e+01
4.735371835698555287e+01
2.252042848809919917e+01
-4.167652755607106485e+01
-5.149367893093699244e+00
-2.607899714474829267e+01
-2.283744395418489859e+01
1.780697913276276267e+01
6.852134380596957897e+00
-2.274486702529515725e+01
-6.090539124619255951e+00
1.920449608239464112e+01
-1.691675710997012416e+01
-3.761796972686185114e+01
1.806160739792099434e+01
2.683246616924005234e+00
9.234850516517283836e+00
-1.422861451405920796e+00
7.084460491001545179e-01
-1.737573329747403506e+01
-8.725852828340897815e+00
2.428123357820146566e+01
2.763853018923329685e+00
-4.543879394745127698e+00
1.266982181507150695e+00
1.577645292368621277e+00
-6.664367958051342633e+00
-1.923864833172271582e-01
-5.765442659018203742e+00
-9.794519997977046089e+00
-2.320851107810649694e+01
2.403721418945913513e+01
-2.355535231072123992e+01
-3.250212302458456293e+01
1.881017839835999439e+01
-3.252899765097122042e+01
-1.487406436858063508e+00
-5.769069202423205311e+00
-2.378876351697728708e+01
-8.938858219609738143e+00
5.643362687005543776e+00
-8.296325716995902599e-01
-2.723590391831589130e+00
2.225613929736819374e-02
-2.680154231203399462e+01
-6.416480130774150581e+00
-2.750794320111703772e+00
-6.607856487388872324e+00
-1.218352004464159144e+01
6.604295705054322951e+00
-5.949081309678194707e+00
1.194945893900756673e+01
3.064230040639134600e+01
3.302439720434497161e+01
1.958928639356147627e+01
-3.706202558349377796e+01
-1.323880669030832014e+00
1.498485767244452660e+01
1.805380496972993143e+01
-1.583093584660883835e+01
8.774226567960681678e+00
-4.620139788584275209e+01
-7.655363904108536843e+00
3.740655852948366000e+00
-1.709424943171994560e+00
-8.735759075606463142e+00
-2.130399089117231171e+01
4.223881343878376882e+00
2.276324591830288924e+01
-7.780956458270244624e+00
-1.296513455457872155e+01
-2.267571841360926754e+01
3.932473899563786901e+00
-2.220360914477146963e+01
-1.356324623475835933e+00
-1.571746665239306173e+00
1.854707516145917623e+01
1.487766020228882802e+01
-3.676747396216543340e+00
-2.733589936118306696e+01
-3.945946267488891213e+00
-5.959676272068070269e+00
-5.198875088153510404e+01
4.000480743007608453e+01
7.623040526165563158e+00
-3.173116736417655659e+01
-2.300313651904605905e+00
-8.575853760717450314e+00
1.108624336673661759e+01
-2.521368332411227930e-02
1.519006312358631661e+01
-9.904461790906482932e+00
-7.835309046067147065e+00
2.603638039987687591e+01
-4.965244196660993481e+00
1.554542798407405257e+01
-1.639021331387394653e+01
-1.253173059066414652e+01
-8.458822568021153288e+00
2.805761532378872403e+01
8.860475974066067906e+00
5.731444848158963046e-01
-4.597407881812324071e+00
5.438033043109616216e+00
-3.461833367720480226e+01
8.491600744001859269e+00
-4.676815345776048183e+00
-1.627115724537036456e+00
7.191532004372255926e+00
-2.706720192365076372e+01
3.561430820444160616e+01
2.671835905971981262e+01
-3.567530798697761441e+01
-1.034638585950369993e+01
-2.067459066670023304e+01
-3.171683190256764373e+00
1.872023585855088257e+01
1.540032364518924091e+01
-1.523526273551942545e+01
2.198354848582095400e+01
8.897621859804335509e-01
1.818514447745635110e+01
-7.782240694541927795e+00
-2.229909116580519424e+01
3.597579656921281810e+01
5.776254512485937909e+00
3.967568514305868099e+00
2.223563699673233884e+01
-1.446376549074304307e+01
2.006047117768364885e+01
2.318085978765643418e+01
-2.536627499560437649e+00
2.021684948919011759e+01
4.511336616580280179e+00
1.385355437365627385e+00
-3.137109119332490259e+00
7.339733361978980852e+00
3.284619152596345959e+00
-9.951617039425146416e+00
1.814458950037312945e+00
3.457238513529749646e+00
2.061229806873858816e+00
-1.002528901584181398e+01
3.073713523782583934e+01
-1.064064465862649200e+01
3.246356225127510431e+00
6.641094272439221236e+00
-9.435080832409042273e+00
2.196812831420601242e+01
1.826104394421220434e+01
-9.740216468268396710e+00
-8.636219788759138538e+00
9.613680419980374481e+00
-1.222328552005820868e+01
4.401784742827399555e+01
1.357822650439916679e+01
2.291300319945657549e+01
4.957642651046807458e+00
-2.190432533561419604e+01
-3.115552027674127089e+00
-1.274538059419739744e+00
7.579195854045474690e+00
1.030967457086103778e+01
-1.637457837067534783e+00
-1.448491107158313440e+01
-1.262206169709348025e+01
-1.437674302151320127e+01
-5.562472506586003007e+00
1.191129163427508075e+01
3.124854903676762063e+01
-5.379865599883708605e-01
-2.093616671547529862e+01
-1.780033793450328972e+01
-1.793895101947298798e+01
-4.446329882828813140e+00
4.792073239029237541e+00
1.408797010104248315e+01
-2.253480495915420789e+01
-1.518077766644409721e+01
-2.261297971186984768e+01
-4.290876479664020415e+00
-1.665946330861214619e+01
7.788537308924864178e+00
-3.018839101995300922e+01
-4.335631803075285617e+00
1.362361981415872725e-01
6.936396667204159705e+00
7.653967208599941507e+00
-8.829201424751454752e+00
1.234386958892777386e+01
-2.273553689449591886e+01
-1.318698958998613868e+01
3.452313626934254920e+00
-4.853972362215237979e+01
6.460279802619186995e+00
-1.883462125397420550e+01
-2.182290499063143585e+01
-9.448085574834843570e+00
3.617875771582463784e+01
1.076645614326212907e+01
2.910165979107759782e+01
-1.515026803665116262e+01
3.091054949178506095e-01
4.439280863419434731e+00
1.279666702061241068e+01
-5.848504168750610965e+00
-4.739360849240680906e+00
2.557301862174985629e+01
1.290497511360312188e+01
-1.735286698837666108e+01
-2.679356652384397908e+00
-8.245897262056445243e+00
2.715188256798624877e+01
9.936632403988532758e+00
1.154072444260264163e+01
2.172460130872744699e+01
-2.850178346607406965e+01
2.324453225929523725e+01
-1.220646923876840084e+01
1.416409811544304809e+01
-4.617511396753988251e+00
-1.249783377143163321e+01
-1.199458917715875472e+01
-3.283962565354988783e+01
-1.654029815408307869e+01
2.345065615864337261e+00
7.947420063053078465e+00
2.232989226130504790e+01
-5.276983963284821222e+00
-2.623921895374654412e+01
-4.268629167011515335e+01
-4.032939551955330160e+01
-9.846022142005187661e+00
3.526647662642534264e+00
8.131253729743786351e+00
-2.327759935593133633e+01
-7.995807519818946218e+00
3.527149750398284311e+01
-7.533711347610868359e+00
1.639779291900931302e+00
5.467904398545062605e+00
1.010187995860611032e+00
4.986170402184873396e+00
-1.148338585526185973e+01
2.019176287047947582e+01
5.868125586046479825e+00
-1.349912709406320133e+01
2.870296749591194541e+01
2.090988272581076401e+01
-6.310812113948134794e+00
4.875960433990664455e+01
-1.005102867243695286e+01
9.702521706566498594e+00
4.902353543723575058e+01
3.176127645089498408e+00
3.768401213655590709e+01
2.276116194815144667e+01
-4.276562062445675494e+00
2.925303627399945761e+00
6.382606487530882333e+00
1.322816104815232841e+01
2.324971099395096985e+01
-5.154730580925425798e+00
2.664706553926205856e+01
-1.824363642879957936e+01
8.700149872963555353e+00
-1.838637075177872759e+01
1.747716991112299922e+01
-7.130458716513063955e+00
2.131947514027735480e+01
-1.017559467045050603e+01
3.556897555821987567e+01
-1.201390100417155082e+01
2.227095276587872164e+01
-2.173783762200729797e+01
-2.433214499293939070e+01
-1.881236106994774104e+01
1.574511702702990945e+01
-1.590463462323772603e+01
-1.913159130185862011e+01
-5.842718612488208230e+00
3.128089502156980473e+01
2.707609008514011872e+00
-2.797736107673493322e+01
-1.359397654403728950e+01
1.280539139218472933e+01
3.289256044349730956e+00
5.696773589371054713e-01
5.333008243370183088e+00
-1.122853553062425824e+01
-1.385897630889612486e+01
-1.522712744670245577e+01
-1.854019540782048381e+01
-4.274078309677106446e+00
-1.007540054649367356e+01
5.114960679487303707e+00
9.576575451902293423e+00
8.050536864067376897e+00
-6.019000932930860692e+00
-1.591913173004629201e+01
1.373592145277531884e+01
4.249389915822582253e+01
1.210385894065402645e+01
-2.124900872966568599e-01
-2.797197516475881329e+00
1.638412608925650460e+01
-3.147606457530999435e+00
-7.436051851955728154e+00
1.518390385234589957e+01
-1.603897305636742843e+01
-8.616195288108798422e+00
1.329073720389009594e+01
-1.235163274664352429e+01
-2.101952721922101830e+01
1.382333162075528143e+01
-8.651797696806547977e-01
-2.366287987938873272e+01
-1.030204579372718854e+01
-2.335865747858709440e+01
5.821915109081385431e+00
-8.547719211871157796e+00
1.082515970920735171e+01
1.670896361978942934e+01
-7.422362312014984198e+00
-3.927015515101889953e+00
1.300285126660042323e+01
-4.467221346470177323e+00
8.908023906233793809e+00
1.968250737868405054e+01
2.810192926933444113e+01
-1.902763747511313497e+01
5.677674453076683392e+00
4.546270676950799228e+00
-2.168304443313678886e-01
-1.701840614583870348e+01
-7.366014894854703066e+00
-2.758806560801709651e+01
-1.081201938278508123e+01
-1.825522591873139078e+01
-2.231890709583375099e+00
1.427927739197032864e+01
-2.673396970052544219e+01
1.459100973971728799e+01
-1.320010645303130303e+01
-1.362721637673572417e+01
2.249090113374261790e+00
5.563776018363613574e+00
3.871867233434264222e+01
8.990754293838556066e+00
-1.178733523340862988e+01
-3.611553362134920508e+00
-1.790620152352134653e+01
2.684134166149122080e+01
-1.518139686403414856e+01
-4.467867656609784177e+01
3.760608542273635635e+01
-1.234514522964135175e+01
-5.481384900789748826e+00
-6.824842483014441186e+00
3.168976276975183026e+01
-8.309469037371416178e+00
1.335711206198903156e+00
-1.076517545100291784e+01
1.526199385637860395e+00
-1.091027339310442912e+01
6.076198857275279863e+00
-2.013244617903374722e-01
-3.309083694958349753e+01
-2.183899628293665884e+01
-9.650948235768790795e+00
-1.076781930654138719e+01
-9.493314532705047881e+00
-8.514939801943832709e-01
3.196432266374015185e+01
1.668908514534561860e+01
1.959276991025869563e+01
1.995746463284394423e+01
-1.985202304062358536e+01
1.521067785207482004e+01
4.009618487110776286e+00
-1.292197949059237594e+01
2.799751056430529772e+01
4.558800905490974387e+00
2.936250759664317656e+01
-5.416251800151946405e+00
-2.074662088090347467e+01
-1.556308138847257716e+01
7.240427370498425663e-02
1.402271533301351347e+01
7.306378882999868818e-01
3.061089280797772538e+00
4.225236332031486342e+01
1.511955110564994875e+01
2.367816784151336229e+00
-9.125521047450696699e+00
7.879400984894344706e-01
-3.241419411085913804e+00
1.278828424626879956e-01
-9.609357606086444292e+00
-3.563798801230124980e+01
2.215046917316545105e+01
1.021597645463610426e+01
2.854783473178164055e+00
-1.920494297458708033e+01
5.160849886443479306e+00
-2.333552677995472280e+01
5.825769588345039551e+00
-1.824303548945945153e+01
2.938633600095973009e+01
5.731290779945760860e+00
2.028377523635117363e+00
-8.692585775502369216e+00
1.588034377186901658e+01
-3.848603774168178404e+01
8.414599084461276135e-01
-1.648410353785747873e+01
-2.245338914321264034e-01
8.752379671499685543e+00
1.831425094605953063e+01
-4.662256363281796823e+00
1.750339788895804105e+01
8.645338508364542207e+00
-2.539495175675539684e+01
-8.050254287897097072e+00
2.765626135760395243e+01
1.934252627108485001e+01
-3.645604659234489020e+01
2.132993901307782991e+01
-2.521654023357059771e+01
-3.427495690910941306e+00
1.131052827802942495e+01
-1.035131717428525500e+00
-1.554871328311651979e+01
1.984910245374599036e+00
-2.308284050295984713e+01
-9.695476837361150402e+00
-7.103019635010664246e+00
8.503077951949869373e+00
-5.685171605163712449e+00
3.396572657165815468e+00
-9.706087898502508082e+00
2.396456126344448023e+01
-4.618663596256543258e+01
8.517508342842495139e+00
1.233898695398211487e+01
-2.014318343739503803e+01
-1.137958510678708102e+01
1.022412240288288388e+01
2.091408601867753703e+01
-2.692042089915688408e+01
7.907457378693206529e+00
1.377355812055555795e+01
5.382219143009170370e-02
-1.947050599096154144e+01
-1.263637325334210537e+01
1.569533465341213585e+01
7.400536071833544227e+00
1.745068959940932274e+01
-1.741617747564876639e+00
-1.776637491035994287e+01
-1.389806914024897644e+01
2.167656523217959119e+01
-3.970540830763982854e+01
1.376619797680269386e+01
-1.643200930014376127e+01
-2.018748474568884888e+01
-8.005375739843657357e+00
-1.093865445526416957e+00
-1.515311597891383855e+01
2.577117649450339698e+01
1.432587545866597090e+01
-2.259951003936736758e+00
1.444405041741192974e+01
8.779220538151883968e-01
-4.614126844763625002e+00
2.142260683303630842e+01
4.998077460544555706e+00
2.861293443659130276e+01
2.566429711161496208e+00
1.548639311219309711e+01
1.055366219740348166e+00
-2.532746704791075665e-01
1.157293233632202600e+01
-2.208833089102171954e+01
-1.471011951506182491e+01
7.419728550575281911e-01
-1.588263194176741067e+01
-9.346524237466525165e+00
-1.821690213013978621e+01
-1.211316596345609842e+00
-3.248686762861550559e+00
7.365311521738897582e+00
1.344090338954149999e+01
3.495501147883518200e+01
-1.397906968794967142e+01
3.287103844211802794e+00
-1.288342845299922779e+01
-6.312820033034586942e+00
2.096701728791138208e+01
1.758002277088568377e+01
-9.872300588837408242e+00
-1.132560954176427970e+01
-9.061328158928711574e+00
-1.361956821314237409e+01
1.349476863476757771e+01
2.189706100654967624e+00
-2.444734034748643126e+01
-4.398478225420817012e+00
1.842891230612848652e-01
-1.754606961113736219e+01
1.689448698874749022e+00
3.563891358729711634e+00
1.447295983629100213e+01
-1.126128448865932263e+01
1.241902766282055737e+01
4.150816586373804284e+01
-8.267684252713092263e+00
-2.779660082301134949e+01
1.234358818956593495e+01
4.104962932494643724e+00
1.827034232558782989e+01
6.336355792516378038e+00
-1.446436220462613065e+01
-1.667855401330996967e+00
2.704907035728236764e+01
-6.982296880552903318e+00
-4.368923689822614698e+00
-2.789768943624117270e+01
-6.456177805319544660e+00
-3.201473693172378177e+01
1.858767304019184774e+00
1.063042250646289588e+01
1.124219939536878954e+01
-1.446479860431684195e+01
-1.324547353305300490e+00
-2.523827774858020589e+01
4.323438350384953388e+00
-7.463358050332313809e+00
3.350959484948373923e+00
1.753960841804141069e+01
-7.609156913933373012e+00
-5.869685068804985306e+00
-3.280862879242382846e+00
2.717549162773999427e+01
8.835149192334039725e+00
-7.502669125482803736e+00
1.912402387678680071e+01
-3.657457685725126861e+00
1.189835335796700200e+01
-3.271967165217083817e+01
3.779105115141252025e+00
4.487932653337987077e+00
-1.830378023557596023e+01
-9.805630706467077573e+00
1.514100792381367633e+01
-5.775798550113498742e+00
-1.146532917869082269e+01
2.280679083757240377e+00
2.404049786569132507e+01
1.988683767564853433e+00
3.383107946898737950e+00
9.928094054725534079e+00
1.889574140200640784e+01
6.760820713625051326e+00
-8.460887943777743558e+00
1.759480269994148571e+01
-9.073874586593699831e+00
-3.490191678211435544e+01
-3.776501777354775413e+01
-8.387149123058367906e+00
-2.306919814754774833e+01
1.835986731183417930e+01
-1.287876586996751449e+01
-9.645906750200920143e+00
-2.950847108554115295e+01
1.251139339340741508e+01
3.510767518960520306e+00
-9.340876819067361225e+00
-9.629700523499815645e+00
4.400309775440229032e+01
3.280564636973053005e+00
-2.948473714375468901e+00
-1.013331049291735653e+01
-2.758772693632952766e+01
-4.234682270597771137e+00
-1.060137043134779589e+01
2.722344887302174499e+01
-1.386463195122907166e+01
5.162139026181502999e+00
-2.645689026427980206e+00
1.762281253429886618e+01
1.525753607293065173e+01
3.112068634926608013e+01
-4.226718517199133274e+00
-6.625800831441281957e+00
1.793318747016320103e+01
6.306292990297192702e+00
-7.545584035815608104e+00
-8.872952691858445817e+00
-5.392777353318169986e-01
-1.641819845602347527e+01
2.111605367533133659e+01
-1.170242071760997149e+01
-1.809960238217570350e+01
-1.306271164722368816e+00
2.208117374882968775e+01
1.903931823307790094e-01
-1.709840489566795085e+01
3.399050090834060711e+01
8.615909307269609130e-01
3.494103029015963102e+01
-5.702577553143383327e+00
1.148948425287255048e+01
1.063482073217117474e+01
-4.349574236545124961e+01
1.224426451838269969e+01
-5.022322154956215812e+00
1.758720931018561195e+00
7.471367398284623818e+00
-1.576527110471260684e+01
-1.662620296984151480e+01
-9.693667741699982798e+00
6.540572173275856827e+00
-3.314396640933881599e+01
2.089843747632852455e+01
1.818440188675393898e+01
3.067649356182560183e+00
-4.543710712212980241e+01
-3.202247570002811727e+01
2.138975554702734883e+01
-1.384801368318182746e+01
-5.508760821466889723e+00
1.697777712064626243e+01
1.821653477892221673e+01
7.409208700726253483e+00
7.689783782338716733e+00
2.348939425863668617e+01
-4.608440810826601286e+00
-1.912979207994455066e+01
1.956999123891049663e+01
-3.555928233132972593e+01
5.350348188987129561e+01
-1.725265118275037679e+01
-1.602707299419727605e+01
4.015716619089848649e+01
2.752772688053042671e+01
-3.697004789673285785e+01
-2.153251206562096343e+01
3.940296403071691600e+01
3.621131718033570035e+00
1.215634699200367264e+00
-1.186615390922116653e+01
-8.022895674651815412e+00
-1.753672909598741114e+01
-6.972145777317885873e+00
1.238292210516940273e+01
-6.245490259796588006e+00
5.832323730208821999e+00
-2.240944871078193756e+01
4.512337011348633853e-01
1.604956908519868497e+00
7.821154947358005538e-01
-2.727805913821314210e+00
-2.882260183498312500e+01
3.075803246696527538e+01
4.626957211900754707e+00
-1.857749465817012435e+01
1.037353720679167868e+00
2.585921759772474005e+01
2.098745734410607966e+00
1.650579198345275245e+01
9.616031892207761445e+00
-2.435978942097288158e+00
3.354008819242880524e+00
3.875546536719691915e+01
-2.569547915600654164e+01
2.791567860039851467e+01
-8.316701788625948666e+00
-1.514316559776344917e+01
-8.305933405952567128e+00
1.124269902071054483e-01
1.796243955143754789e+01
1.774542801818548554e+01
2.006022472431589421e+01
3.108288073779058536e+01
-1.605281444419484416e+01
6.872780422645586640e+00
-1.259625471987711087e+01
-1.354460013079643943e+01
1.865304448412234706e+01
1.314364583421221866e+01
2.189507398223174750e+00
-1.205623495232060094e+01
6.190250830065270549e+00
1.853176275389219541e+01
-1.868875416649014909e+01
1.618384614289278289e+01
-1.620839816511706033e+01
3.186535939262098793e+01
1.157705046208225497e+01
-4.429310407454989829e+00
1.079117212343970067e+01
-1.854984741791491487e+01
9.874446384502002516e+00
-1.086137064797438967e+01
6.036084428326920381e+00
-2.128261245197697349e+01
-8.432052471787631731e+00
-2.036832638954521002e+01
3.196836606285741400e+00
-1.614526602704196989e+01
1.151316636405434357e+00
6.916810583219104025e+00
3.885620260323470188e+00
9.994523322070218541e+00
-2.445713545061267880e+01
4.026952424099915362e+01
-6.962095833570714376e+00
-4.546958767426700021e+00
-1.645522501401060600e+00
3.029524268277157262e+01
-1.337861640241552585e+01
-1.613687098743141135e+01
4.257785128819254972e+00
1.117333483709096242e+01
7.359094395440489045e+00
1.210494809765025792e+01
1.962316929169364954e+01
-4.634212706693023875e-01
-3.106643565451236100e+01
-3.358588861418532190e+01
5.462588456635418588e+00
4.466447294944062563e-01
4.769341189114967960e+00
7.139093336616138430e+00
-3.724428457037760154e+00
-3.370368391201494340e+00
1.163353236849567196e+01
5.031561030525212530e+00
1.816364987343026627e+01
2.766001674484807715e+00
1.064903340621282446e+00
1.724654533070753448e+00
8.086347633749051411e+00
4.800600670180751095e+00
-3.776278253186725919e+01
-2.247331131192056830e+01
1.245040317382141559e+01
-1.822713686171420733e+01
-2.839250885481877873e+01
-1.755664312874350230e+01
-1.123325598597280717e+01
-1.251855239216161308e+01
-4.091699823271617298e+00
-8.506865820774688558e+00
2.724254657193693774e+01
2.270998562033809520e+01
-2.454468866492637957e+00
-2.025297352486317948e+01
-7.894456773111254932e+00
-2.188275329331025976e+00
5.966011970614605531e+00
1.544551899593645317e+01
6.680933068033374056e+00
2.905602554617262712e+01
1.596584958825633116e+00
-7.960689645414406712e+00
5.269821307139194388e+00
3.354347259779333790e+00
3.182379829704927943e+00
-2.243214272689250777e+00
-8.369871360666920168e+00
-1.898207152481293747e+01
1.794783960710052995e+01
-1.082811908298828918e+01
2.063849296192947946e+01
1.943417527091410690e+01
8.167781469529241889e+00
-2.509353784984869051e+00
-2.051238595429393463e+00
6.148872776567356979e+00
-1.067149230638620949e+01
1.861646052568039522e+01
1.999434843524499428e+01
2.772535638109593492e+01
-1.265040826096263160e+01
1.623378357564226704e+01
2.965155238533593973e+01
3.241373565333410767e+01
1.582756905425619109e+01
1.052781135413174596e+01
2.895324010203752962e+01
