1.842314676255540018e+00
1.981647190074552967e+01
3.121483323533435161e+00
3.967493709136170565e+01
5.012716839758840592e+01
3.441424063687201595e+01
-2.584369030856934302e+01
-2.830551738941895934e+00
-1.132834341154810964e+01
1.050995354814269644e+00
1.063118380790577078e+01
6.319556007233434691e+00
-3.283452818358104253e+01
-6.077481510623536920e+00
-1.582462405651511617e+01
-1.167143830343365352e+01
6.962890788573588452e+00
-6.999244817457292100e+00
-3.243217427366334960e+01
-2.800154927453126219e-01
-1.411475108982615190e+01
3.605610328798962883e+01
2.219709945086262337e+01
-2.055790096726760652e+01
-2.045333527848554667e+01
1.072626668807528549e+00
-5.740018889821243420e+00
-1.532939771384901917e+01
-3.319689547989148082e+01
-7.002446401777647544e+00
4.713164261705177438e+01
3.623028045644619510e+01
-2.274291470402160797e+01
-4.017765750932352375e+01
1.181857616821636547e+01
5.001052930465750279e+00
6.735979588710995891e+00
-2.149849454928218506e+01
-9.810757889164122503e+00
-3.692946140300710223e+00
2.170633436475535660e+01
1.613322239704134020e+01
-2.210402744414488296e+01
7.431857549640637828e+00
-3.098327145569632890e+01
1.297027293343862908e+01
-8.897717987301600573e+00
-3.682096266536444062e+01
-1.812978290594936936e+01
-1.322100762253129069e+01
7.243012265397551275e+00
-8.828823122381772581e-01
-4.816102963468821052e+00
3.482763813949206533e+00
-4.192949223577417683e+01
2.898276848425730989e+01
-1.040231640337657204e+01
1.465045939692380195e+01
-6.038608432539115611e+00
4.462749702291288756e+00
1.351751520652206828e+01
1.125801563757548074e+01
-5.047687346349481174e+01
-1.204813698676186995e+01
-3.956590075469254941e+01
-9.532300143788821956e+00
3.663179671823134864e+00
-3.474124866727488836e+01
-5.669780357136686177e+01
-1.442717086802402626e+00
7.960889947325340277e-01
3.067969085964148412e+00
3.121592385295958394e+01
-3.245489159351143371e+01
-3.820746486391146135e+01
2.668484198500327764e+01
3.297377468575623993e+01
-2.212270795521524036e+01
-3.167220486901813015e+00
-2.256951698375954152e+01
2.206642232132722814e+00
-3.590222675842957045e+01
7.427596890023470344e+00
5.512162692022480215e+00
5.758468783225011123e+01
2.243152880633639867e+01
6.294284912089921136e+01
-1.697912685218800988e+01
-3.030385166069465797e+01
2.506864926735131505e+00
-6.158458377966128161e+00
-3.566961706423409595e+01
1.322140747149128082e+01
-2.310022797459239641e+01
-1.060971246313181382e+01
-1.240206411650653706e+01
-3.767465508858848011e+00
2.066598731014898860e+01
-1.727911171170135418e+01
-2.358774504132303917e+01
-2.520367495864963558e+01
4.966447047180023588e+01
1.233881779326924644e+01
-1.172801501522842571e+01
9.095085111285390767e+00
-4.289535913704261816e+01
2.402144253051671896e+01
-2.143276069132965134e+01
-2.078950727436496493e+01
1.590389327021144084e+01
3.222508009978274401e+01
-1.581412570565711562e+01
2.317514059066000343e+01
-4.158965027458988217e+00
1.524638585660786561e+01
-1.449933786654771417e+01
7.098786367172030154e+00
-2.886926714920925718e+01
-3.042567097458225334e+01
-2.958883353416117501e+01
-1.740731503384816037e+01
-2.165293732503222301e+01
7.951496721386948074e+00
3.105595013413906713e+01
2.968464284989849045e-01
1.720403630238810777e+01
-3.216672483840171282e+01
-1.478842799805364727e+01
7.757752827927983930e+00
4.395887473779750643e+00
1.785488639919122988e+01
1.237412526031640958e+01
1.065114040963021536e+00
5.292937935224290014e-01
4.736729072606694402e+00
2.878617502221592872e+01
4.604432642328553982e+00
-1.139229876898736116e+01
4.797091002495861289e+00
1.551774739564622418e+00
1.149075648830759455e+01
4.337391008214722676e-01
-1.616800379843239455e+01
-6.527652452461477850e+00
1.497409394018763074e+01
-3.031118930102548603e+01
2.616786189758903536e+00
-9.833998196421003257e+00
-1.475812999069957598e+01
1.211621720563640459e+01
5.011215904094486362e+00
8.751209131086591597e+00
4.638569755018088436e+00
-1.060458579479390373e+01
3.398289305685001871e+00
2.917911435579041424e+01
1.367299533407162748e+01
6.256018438795705805e+01
-2.434977144481278799e+01
1.102356880104867187e+01
2.841688876795388197e+01
3.362592385346650392e+00
4.405238714107860432e+01
-4.106298122866510880e+01
1.638042269243508997e+01
-2.711431264174615663e+01
1.851060061262708345e+01
1.718299428942505713e+01
5.689299656831061469e+01
-2.978458880356539140e+01
2.980846935165263645e+01
2.434560326789578610e+01
2.335755732903697535e+01
-2.943843072127545213e+01
-4.744638252433128756e+00
3.246913701208500669e+01
-2.938088929339793509e+01
7.724677320121687174e+00
1.894870384979868039e+00
-2.717335566835103577e+01
-8.225510767750977337e+00
1.907685851814904510e+01
-3.395482236159183542e-01
5.976476746287476161e+00
-1.407589492094635730e+01
4.130078613149695599e+00
1.005646538658683653e+01
-3.094820159644422919e+00
1.647731320299924862e+00
-1.199093196710460774e+01
2.138181509323666774e+01
2.132512072170225981e+00
-3.303011997403927325e+01
-9.332530803292790722e+00
-2.753482685836624810e+01
1.347311087368327875e+01
1.958546696695465172e+01
3.209800864762699746e+01
2.284529740771767958e-02
1.009499649709383462e+01
3.880041368626513076e+01
2.546279806632044895e+00
-6.021520907700402603e+00
-2.040864571107645986e+01
2.515673256890991638e+01
2.701946396184966659e+01
2.928749059536129451e+01
-2.038856322173651847e+01
-1.623536553599845433e+01
8.614239488163956793e+00
-8.314611810511102874e+00
7.560460868740758400e+00
3.354079372817422211e+01
-1.966432573954714869e+01
-2.017338597642108411e+01
2.801569694647848507e+01
-2.369666285345597601e+01
-3.705885055443322074e+01
-1.426224296458005725e+01
9.247185394010571713e+00
1.732400296626589764e+01
4.926360836873613636e+01
-9.340373032762425254e+00
1.784439286183199158e+01
-2.592299595781515364e+01
2.376008654111958052e+01
-1.001733973027970315e+01
-1.248121603819260272e+01
-4.409170607471623038e-01
-9.558579620578090186e+00
2.244528155694948524e+01
2.397917101222498104e+01
3.245891774082067527e-01
-4.328505224609762791e+01
-2.717361542743064717e+01
8.833676977746774739e+00
1.533221410149798514e+00
6.411944747254302079e+00
3.517360356204169136e+01
4.980319916918250556e+01
-2.707090608503192541e+01
-1.480628125410091700e+00
-3.849157692547018783e+00
1.212407055265771660e+01
8.877575891378945983e+00
1.962748718427199179e+01
2.601290841196802717e+01
5.875201299800102639e+00
-2.235942708596580175e+01
4.681564547270478016e+01
4.354063149405006072e+01
9.283369755160244097e+00
2.284802563059415093e+01
-2.024440063954250579e+00
1.590895655221738281e+01
-8.471048573804866422e+00
-1.993375958418796046e+01
-2.368096793880279094e+01
-3.610072445520354023e+01
6.717873796562499500e+00
4.144364695442939173e+00
-6.771593843068822061e+00
3.079899818255978872e+01
2.399998606712873350e+00
-1.954102942731187298e+01
-1.778546108457943120e+01
3.147225298447760622e+01
7.322332557609036563e+00
1.309277402552933900e+00
-6.975604797496238518e+00
8.122283017451874088e+00
-1.274984029974189426e+01
-5.250124390236801020e+01
-9.636617441500119341e+00
5.361072536857196091e+00
1.033419241090861540e+01
-1.503732751462943718e+01
5.658532216518120883e+00
-2.765882219543863840e+01
6.718497635898668818e+01
-6.120905127151748815e+01
2.263588807735184005e+01
2.801494877360461544e+01
3.431429706152561376e+00
2.759655859092831953e+00
3.068336169682082115e+01
9.767481999552360961e+00
3.583152990354786027e+01
2.005261282365298214e+00
-8.070552511786320826e-01
-1.087376935941641420e+01
1.689150698123428640e+01
-3.358898186272447361e+01
-2.609270572189709014e+01
4.823505426228847881e+01
2.480157644812918338e+00
-7.422090126877859184e+00
-2.303676433197873763e+01
7.046090533711133475e+00
2.078023163715337418e+01
3.428555673944957416e-01
2.283420997310048861e+01
3.868682130795705110e+00
2.369947794334432345e+01
-1.121778314862672055e+01
-1.559353134044245337e+01
2.988007903459359582e+01
1.997793167458076269e+01
-1.972767439424134395e+01
6.022460296232110544e+00
3.540570911164651591e+01
-5.483974190163142737e+01
-8.185580390861350253e+00
2.278984907321435216e+01
-2.355273508605271005e+01
-1.218580904275305343e+01
4.023987062585512753e+00
-2.523515178834826678e+00
-2.534512855893074956e+01
-5.790053122119743101e+00
-3.046124251757568047e+01
-1.419931178886187695e+01
3.647149739082863107e+01
-2.973844868851033851e+01
2.051695721926851590e+01
-3.355330794087914015e-01
-2.049140794735310678e+01
9.691800254318513552e+00
4.425450037165560069e+00
2.251452479095008563e+00
2.446492700690970068e+01
-9.020472992418194780e-01
-2.492472851279751112e+01
9.354561089995680589e+00
-1.627025657307827089e+01
-1.794803326628160534e+01
-1.542778712728730817e+01
2.114518025013542157e+01
2.259406634326837526e+00
1.931317652502464455e+00
3.967431761173862981e+01
-1.715762421157823781e+01
-2.410053131831799433e+01
1.452447210145703416e+01
-8.441336997544448550e+00
-1.087734165556808286e+01
-1.747156185515281290e+00
-2.757165373502949635e+01
-3.172747293266404967e+01
7.573063339624485302e+00
-2.685349420278324928e+01
1.366477745752378148e+01
-7.842787301424536395e+00
-2.054079134327567147e+01
-5.878938235265797374e+01
1.795941546473940331e+00
-1.075432041608234002e+01
-2.063161038164123795e+01
-5.106711283429174131e+00
-6.142459149831195475e+01
-2.392207838235403727e+01
-4.847054362677104322e+00
1.557856225824964369e+01
-2.173546641460453444e+01
-1.246200774062134897e+01
3.261356953498786737e+01
1.486118734949627829e+01
2.528433608504569108e+00
1.685389812087577255e+01
-2.885296418525822304e+01
2.433779417767880560e+01
5.378345209804007254e+01
-1.968565589589497478e+01
-1.612853323510066872e+01
-2.017405173065323609e+01
1.215268894421738288e+01
2.119629417946148564e+01
2.912116304026072910e+00
-3.055887926286608192e+01
1.163091063549562953e+01
-3.474913646235890496e+01
2.387554429156057978e+00
-2.567308287111216458e+01
2.530508597818493755e+01
9.992409084398893526e+00
-4.100694378147935026e+01
-1.517786266405614271e+01
-1.648822641416785695e+00
-2.022210102791567099e+00
-2.388935972946079289e+01
-1.707355501819736787e+01
-3.852990771855946850e+00
-3.101849518165735375e+01
1.318525471555940776e+01
-1.188021775035364413e+01
5.839925702497669135e+01
-1.918662092858616575e+01
1.017373932468141540e+01
-2.033890248260289724e+01
-2.597990883549744501e-01
1.353587606364452434e+01
2.359489916343114757e+01
1.607869301121412908e+00
4.266919278008256100e+01
-2.938545216966448947e+01
8.178016973376223575e+00
1.713939923744383620e+01
5.568986179938707259e+00
2.106927548293922925e+00
3.048378088872469860e+01
-3.217433231178106467e+01
1.913178723414081617e+01
-7.134904509479307322e+00
2.685462749458593734e+01
6.614385457739603957e+00
7.654460767052787773e+00
-5.697234771105313733e+00
2.090757754527199452e+01
3.234923331027643201e+01
-8.086945828963004956e+00
2.970353363820046866e+01
1.728169728277217931e-03
1.688629527939617248e+01
-2.313425636528609886e+01
7.653501039640896231e+00
1.072164465240845299e+00
1.255888598325074135e+01
1.165692000182083810e+01
2.058793272139550368e+01
-3.528579275696432660e+01
1.458113981447562324e+01
4.480653106754569137e+01
2.001472562000217792e+01
-2.453642600465922285e+01
1.922143426776043640e+01
-5.416320390727974221e+00
-1.178477135605141557e+00
2.545650148056989082e+01
-3.892035162859892239e+01
-2.176409613643863850e+01
1.297807037465152646e+01
2.827900955720349430e+01
-9.162720643161832434e-01
2.215726389117506656e+01
7.653485342724593021e-01
3.069172891255425739e+01
1.284105048569630902e+01
5.312299432141568190e+00
1.785157609656790711e+01
1.279292454389395139e+01
2.901749244249480597e+01
1.758415140800385856e+00
-4.170781991685917944e+01
-7.690826575837349743e+00
1.814044954354306682e+01
2.267929823314074866e+01
-2.586295769153086610e+01
5.021968945915054405e+01
3.264221603540934780e+01
-2.863543371445641839e+01
-6.976066968088217024e+00
-3.033705998027365780e+01
-5.700269220368384282e+01
2.813368002918141642e+01
1.150671828773366201e+01
2.726378910351864704e+01
2.569948295662249294e+01
-1.154704429679966715e+01
-3.704407151257073849e+01
1.099637229733967736e+01
2.336425151762962216e+01
1.448053113573922523e+01
2.775199158867583549e+01
-3.073849304550651951e+01
-2.509355475616328945e+01
-4.561454426604358758e+01
4.363211822432563558e+00
-9.101321383106476537e-01
2.916040121787814243e+00
-1.695595654405134267e+00
-2.332634463154680304e+01
-1.065094146343519910e+01
2.628406647424147380e+01
-2.315541853111705706e+01
-3.873887073840085549e+01
-1.243529502486730820e+01
2.162242310752327867e+01
-1.070419041980755992e+01
-4.997074028658371248e+00
-2.792489413031892198e+01
3.789222701978759034e+01
1.001155578459706597e+01
1.147266363413339363e+01
-7.910010139954272823e+00
-6.693000976991747564e+00
2.960411156278732303e+00
1.434873021481075916e+01
-1.157530795456604800e+01
1.782510198001399715e+01
-4.265157431840805202e+00
-2.180488102404063611e+01
-7.432081371992796948e-01
-1.861909656495980503e+00
-5.919660833674349476e+01
-2.773432722239110149e+01
1.956395713874336195e+01
4.731899565848731726e+00
-7.732514367271205558e+00
-7.058681289696833616e+00
3.568962331835445667e+01
-1.325593055743227833e+00
-8.586198184120698684e+00
7.258962213981776657e+00
-1.658884264423685551e+01
9.356586132840138958e+00
-4.032701754909808756e+01
-3.722888831225033357e+01
-1.896232497005510709e+01
-1.479183245032706218e+01
8.884430884659670014e+00
5.647258938334611678e+00
-3.533152625046221829e+01
-5.511265622674290654e+01
3.263248630481040635e+01
-1.934815533789736008e+01
4.135616230548994565e+01
9.335556759259953097e+00
3.995511179893552089e+00
2.688258647413969804e+00
2.502897865507530994e+01
1.155132950327572239e+01
-2.167221252616453242e+01
3.924391131152154877e+00
2.023536633943052720e+01
-6.160323042919398517e+01
-8.502859734569516714e-01
-6.682545897413515235e+00
1.543817004740081167e+01
-6.371932929729628370e+01
1.251309563381230028e+01
-1.938330347195783077e+01
-3.714436410247017051e+01
-8.974062598411954639e+00
-1.944403708908771833e+01
1.035101537748377609e+01
-2.438709092603314943e+01
-1.076151401751067382e+01
-1.489683470049199698e+01
-5.167589687747163651e+01
1.816915397592367754e+01
1.916924508407440797e+01
-1.281493193014281928e+01
-3.631796614308581894e+01
2.239427750836102504e+01
-4.423385548630557551e+00
-4.021298278474310450e+01
-2.991919677883293360e+01
-2.502998496574288190e+00
-1.463814825403792774e+01
1.086841506361333565e+01
-1.900709716464946197e+01
-2.291913100288540761e+01
7.314480823754188066e+00
-2.384980213476161026e+01
-3.984363503651691474e+01
-8.271120350204075322e+00
-5.643191698688435842e+00
-1.066875162492635631e+01
2.259015393952749307e+01
-2.234567464072445375e+01
-1.419762243493813969e+01
-5.862819324118540010e+01
8.632740474736664282e+00
3.156651747810522934e+01
-1.631124337129599056e+01
1.046255074050094880e+00
1.547307841554162167e+01
3.881429968179509160e+01
1.111120271307541074e+01
7.276232145600621593e+00
-4.694288139039788366e-01
-2.462574274798055907e+00
-5.684603363300330159e+01
2.490301909777842937e+00
2.360626391701242710e+01
3.813249359843030106e+01
-4.695772870823564205e+00
-2.500524023593829881e+01
-8.807774226099272852e+00
1.913119970935163039e+01
3.998562537789266713e+01
-2.181592020567241264e+01
-2.452943403510756126e-01
2.733258381873969256e+01
-1.850394473329209433e+01
5.047329176141234441e+00
-1.809516693681242572e+01
5.120633094876920666e+01
-2.826634405873071465e+00
8.047502013647521935e+00
6.055544935027633358e+00
1.083346435212392045e+00
-9.774361453256259769e-02
2.993722038536106922e+01
-3.110816576484635831e+00
4.240557455540764131e+00
-1.186218670733561886e+01
1.268745740807835531e+01
5.384441567019040065e+01
-1.149382643633028778e+01
1.900985401053672419e+01
5.349396391540422258e+01
2.809215508640385295e+01
-1.676316841102586608e+01
-7.595506766854587255e+00
3.287222377989778721e+01
4.039671676263813183e+00
1.789114923560767068e+01
-2.304127562448197608e+00
-1.248744651945363771e+00
-2.203011154879455802e+01
3.724090962164002594e+00
-9.510528278368154176e+00
2.232896610379871305e+01
-1.286211640338153472e+01
-1.584073614774962557e+00
1.835042586559608324e+01
2.052557621606434424e+01
1.341055675984080153e+01
7.970263004135963669e+00
-1.511323136421757063e+01
2.914139027277797389e+00
-5.026529197559791839e+01
-9.222835658729097830e+00
-3.453144828717390169e+01
-1.647325281316979328e+01
1.516159743731549625e+01
1.597345744719632421e+01
5.781652855780071043e+00
3.573106076381310459e+01
3.043704829595511185e+01
-2.419070487065905084e+01
-3.209194258522246201e+01
-3.146164021375860642e+01
-3.507407994528564643e+01
2.460088962569995275e+01
-2.008173381414850134e+00
-2.662097925579752555e+00
3.901197806722953487e+01
-1.678813160464506282e+01
-1.926654851767483478e+01
-4.977183130574203318e+01
-4.573850017369643695e+00
1.522212353513164551e+01
7.369429611883181686e+00
7.409537499382836678e+00
2.050673385993271580e+01
9.858924528416201483e+00
4.117415262906493467e+01
2.368268089665946974e+01
6.027298653607828349e+00
2.625809896525320397e+01
-1.234517727922483266e+00
1.647282328658978301e+01
5.420547744428244386e+00
8.340686575591897522e+00
8.648944953607873742e+00
-3.889728510010914242e+00
-3.545250472561435551e+00
-3.548167681377299232e+01
1.346723591812978782e+01
-9.934640751123664515e+00
1.346038024172655945e+01
2.585573330358523236e+01
-3.366124718718137387e+01
-3.161404258698605219e+01
-2.967549912998119055e+01
2.122810233533762059e+01
-2.104541874362685050e+01
-1.717218689360973727e+01
1.531244929060886406e+01
-1.288027580207793221e+01
-2.557024206886715234e+01
-1.249020203683152630e+01
5.344993330603526971e+01
-1.396347729783393277e+00
3.781195786174934570e-01
5.530932569542834187e+00
-1.948968700994566916e+01
1.745509014910070178e+01
-1.194287564157690085e+01
-2.340914092973884664e+01
2.071513969208254480e+01
-2.062433178089557018e+01
-2.209075436623498234e+01
9.240651658820871361e+00
1.740858491739556513e+01
9.760571518627472187e+00
-1.446601953169786725e+01
1.273874565121865921e+01
-2.465445874341006771e+01
2.122634293165861052e+01
-1.291693518723578116e+01
-3.081806087585672316e+01
-1.707220598664316213e+01
2.251982091134330943e+01
2.309225495174106513e+01
-2.242472190282477840e+01
-1.428580567495618681e+01
-1.028821109508838383e+01
-4.051291442127735110e+01
-7.455927153750928404e+00
1.120604798594763452e+01
-1.117609871726421744e+01
-1.630031186320953651e+01
-2.127398372860863418e+01
-2.895026539370262952e+01
-5.624471430000230754e+00
-1.607717487238810472e+00
2.090056060923235037e+01
1.073553582664817263e+00
-2.500854130768294681e+01
1.845375349254379671e+01
-1.734700412348232135e+01
-9.870824639083867424e+00
-1.111060154946638612e+01
4.641714537039098865e+00
-5.327547656556857802e+00
-2.367888555606052847e+01
-3.156159831452560383e+01
2.664845882168430080e+01
-2.072000010426224748e+01
1.336400719925927305e+01
5.011411659328608437e+00
-2.684576263847442945e+01
-3.360165249999105441e+01
3.157022349216343216e+01
-8.426976460941293823e+00
-5.799190182796948534e+00
-3.175721760333774846e+00
-2.222247179469585987e+01
-1.459736006834392796e+01
-1.579139918790886377e+01
-1.539722218867058601e+01
-1.996482396037815477e+01
-1.953816232043855905e+01
4.572192548412128588e+01
1.228358520023934197e+00
-1.425518150146552365e+01
1.840052436898901789e+01
-3.832025885499221118e+01
-4.183860028671524955e-01
-1.623973208720293115e+01
6.319695261279640164e+01
-5.132790264358805032e+00
2.367136392555658109e+00
-1.418863818122877429e+00
5.964309700204815989e+00
6.303726309528967509e-03
-1.419802888519004602e+00
-1.329874512832235389e+01
-7.305132851286018969e+00
6.317518490401170084e+01
9.590601243710942470e+00
-9.641446173816476062e+00
3.562335514235784206e+00
3.004715908632491761e+01
1.947372144436530395e+00
1.913067690406596577e-01
1.178394236937732842e+01
-1.178046458334876334e+01
1.124729902620467392e+01
-2.161723576017453752e+01
5.205253580066403174e+01
2.760107870130780849e+00
-2.483917242205880171e+01
-2.567323874173156995e+01
-6.782137546226718605e+00
3.899218840138464515e+01
-1.151079553001893530e+01
-1.781342084169519069e+01
-7.454613696513556320e+00
-2.515639114879682836e+01
2.400750352972607260e+01
-3.794768993963288928e+00
1.690817819808749789e+01
-2.586452180357747821e+01
3.880860670173137805e+01
7.724765164950096796e+00
-2.507070225273574238e+01
-1.738939623178358929e+01
-2.819400676121913207e+01
-3.390061217291035689e+01
-7.499367722414953086e+00
6.073949592963661104e+00
-1.949297516228374860e+01
-1.050635113318109859e+01
-3.386812562569716789e+01
-1.451176404805002029e+01
2.954527059233818775e+01
-2.312855450915851563e+01
-1.396007919817985332e+01
6.458338094274556074e-01
-2.292626070255256110e+01
6.123175027305687479e+01
5.655313811038531036e+00
-1.705148884961500855e+01
4.781737448418362391e+01
3.892254526724988750e+01
3.990910707261638635e+01
-1.407310774836257217e+01
-2.818544332074811010e+01
5.279180108894775003e+01
-2.890444055001991330e+01
-2.351261806559770662e+01
-4.131351231655239076e+01
1.218593856232965322e+01
6.000149534065640111e+00
2.603516750478511455e+01
-1.486763561826714763e+01
-4.387749423626753753e+01
1.636887867059299495e+01
-1.529868874674433243e+01
-8.659730791404082195e-01
1.737891990749127658e+01
-4.624467267830981498e+00
-3.373035105710074788e+01
2.315077273241509914e+01
-3.914495655058289714e+01
-1.452266350474210022e+01
-2.799404046703094551e+01
-5.149472960599471349e+00
2.555242068876115269e+01
-6.117003948799053603e+01
9.950732329594217163e+00
5.412754981204750493e+01
5.033420195393600949e+01
1.668540508213511586e+01
2.636516176781217169e+01
-6.490926900430941338e+00
1.107411627085714390e+00
1.580826229504266855e+01
1.304719377932535096e+01
-2.002732297042559750e+01
-2.594985355359272106e+01
-3.836726561333635033e+01
3.942873484101190229e+01
-2.666190373514568179e+01
-4.888920978553637831e+00
7.582124150168398913e+00
1.434983322330386457e+01
2.268511433497761232e+01
-9.445832336321991818e+00
1.762744645994128589e+01
-4.678327532728571470e+01
8.323057815800566361e-02
1.536579933209925031e+01
-1.881460232951689404e+00
-1.138887132611328568e+01
7.496799362860374849e+00
-5.083694431817687764e+00
3.480140926930479495e+00
-3.152536886820778150e+01
-1.962118847033338653e+01
-3.066268198311457738e+01
2.820037744260100254e+01
3.725021382459280517e+01
1.638467324462053654e+01
1.970853862896343456e+00
-1.359823551292231514e+01
-9.455416315320471554e+00
4.191258962724483439e+01
-1.453210254886567299e+01
-1.078526394077831085e+01
2.838245605571475139e+01
2.362350172628942602e+01
-2.803264929631301072e+01
5.072618668300621358e+00
-2.011449124550972467e+00
1.019856780998005341e+01
-3.470120395449701078e+01
9.003972027517326282e+00
3.960309745722650376e+00
4.551897546244197912e+01
-3.298736503871256076e+01
3.060749749061327663e+01
2.028780396644157591e+01
6.314116452415978742e+00
3.080422138584695091e+01
3.227011444741236801e+01
1.126292001257791497e+01
-5.962046862723552998e+00
-2.558373081416071004e-01
2.076840249248964554e+01
2.430521729790756069e+01
5.639498980901007030e+01
-2.234305986887617124e+01
1.114800970485070053e+01
-6.316045765072217044e+00
-1.619668074908407362e+01
4.251217839104201346e+01
-2.970270336826131841e-01
6.081467597157282690e+00
-1.049916738811591443e+01
-1.256814194762627146e+01
2.884937449692191791e+01
2.233781854483025242e+01
4.932318675872076952e+00
1.132699074090143831e+01
-6.696510065199948514e+00
6.449235421930024081e+00
2.808479532793284861e+01
1.935367363125429341e+00
8.411469475492793890e+00
-2.404003870979438062e+01
-3.273480030073663016e+01
-2.906071234427820116e+01
-1.845925951586822578e+01
3.257678608668320663e+01
6.583345873946949700e-01
1.470689746577661694e+01
-5.660696539541494587e+01
-1.211074903267238589e+01
-2.858869351733763864e+01
3.267087522822119183e+01
2.838391288991437733e+01
2.915544902007392380e+01
-2.271980118959068484e+00
-3.317594600631939272e+01
-1.976000427126089676e+01
8.697238752887681557e+00
-3.607880782613056425e+01
1.389898973855546060e+01
-1.552631940549893663e+01
1.658795042734158542e+01
7.784023897958422644e+00
-7.498234090747465386e-01
1.468495075145458095e+01
-4.165131266596173987e+01
1.086771114101146196e+01
-1.696562275304085077e+01
1.754916055402777175e+01
2.525677198345816521e+01
6.511835713377845281e+00
2.503439856514497919e+01
-2.463788886472960016e+01
-1.712779132420064698e+01
-5.705439999354305769e+01
4.084485284476455647e+00
2.045690357086983013e+01
-9.171066195224913287e+00
-2.844342595614095970e+00
-6.629268027460200052e+00
4.668242090422878476e+01
-1.738760160815919420e+01
1.932588881681759219e+01
1.640219875823730078e+01
-1.625606733464725551e+01
-5.981407059765964540e+00
1.145368462900152373e+00
1.984782814782554539e+01
8.766718787208391817e+00
-2.790877080998536641e+01
-3.534714049107407874e+01
-1.639390237006975326e+01
-1.484243723061105058e+01
-2.321365869754406930e+01
-1.633591963719485918e+01
-1.590947932055102854e+01
1.962563764608400163e+01
-1.008931081730598756e+01
-2.371342035673630999e+00
3.710020994711589282e+01
1.470681336713365983e+00
6.454845097606794369e+00
-2.596303520777147256e+01
-3.458898822084395253e+00
5.889335753342429536e-01
-1.699778332624826405e+01
8.734420234132903360e+00
-1.765024450658374988e+01
7.215490607129340539e+00
2.299362430715666505e+01
-1.027993709112383414e+01
-2.852267744906049884e+01
6.377696975719178596e+00
-5.846205641418757537e+00
-2.174578948184279170e+01
3.828780779834286108e+01
3.518650940949500949e+01
1.382533213155830332e+01
2.453081034816062100e+01
-5.414791445637025191e+00
-1.942174592166257696e+01
-1.195636223932377540e+01
-9.513489979983759781e+00
2.219374563229139596e+01
-2.243642096467622693e+00
-1.651317433558365622e+01
-3.161241032618424640e+01
-4.573124478460955089e+01
3.294818301022849028e+01
4.347627366883195066e+00
-1.907615447744991144e+01
-2.943741813880795632e+01
-2.245099511964186689e+01
-4.795613239477869882e+01
3.638229289026065771e+01
2.000420265824868871e+00
2.801342176849649590e+01
8.283028525334357184e+00
-2.576682398061337587e+00
1.463558486861965591e+01
3.106733597671251701e+01
1.092632258876934692e+01
-2.553043874512967548e+01
4.701885604933597307e+00
4.732214904949250567e+00
2.762558404918996757e+01
-1.697641270367159905e+01
2.789810359488774338e+01
9.195224624959109860e+00
-5.294915726964538827e+00
-1.261015646248899458e+01
-2.664952082315814597e-01
-1.099703435256185813e+01
-4.994807073204679426e+00
-5.640444580136510844e+00
-3.881496594586364068e+01
1.411671448649493854e+01
-2.699414665263503110e+01
-1.719865804591985992e+01
-1.079757481732337432e+01
-2.095523919997156170e+01
-1.906374910533873646e+01
5.678939694515735326e+00
3.064367044512345117e+01
4.135407236095082872e+00
1.126948131293952216e+01
4.118115603489270882e+01
-2.435689123750476526e+01
-5.917285466839809160e+00
-6.187722371847613756e-01
1.539522942659589511e+01
1.705567478608261922e+01
-7.203738205541666773e+00
-2.190794773821752983e+01
1.219510033790709436e+01
-5.504855240004959072e+00
