-3.447857684137439094e+01
1.412950064945162865e+01
7.043172921045679935e+00
-1.441956069388462325e+01
1.862945870794874281e+01
-1.846718203203704789e+01
1.495493392347895067e+01
6.056830027498168789e+00
-3.088054403079539867e+01
-1.116183948508721180e+01
1.262077697877756854e+01
9.480122938961081047e+00
-2.866440821863821853e+01
3.749692256796668843e+00
1.253746154594841622e+00
2.113800472140007436e+00
1.886222768665034621e+01
2.821465581148612678e+00
8.514381236168716782e+00
-2.225710540003427695e+01
1.645490068008912488e+01
2.837652193432970704e-01
3.089846482482756951e+00
-1.371555018015083949e+00
1.569589428935373654e+01
2.398696986182747892e+01
8.132385692156679724e+00
1.198912903336064595e-01
1.201563086775449563e+01
-2.795600586810896715e+01
1.151208001200732234e+01
4.691694605838978127e+00
2.581570892210416357e+00
2.414570212211759426e+01
-1.395001820726918496e+01
-3.385243910459711003e+01
5.430382502531568178e+00
-2.796420215536747733e+01
5.634015468192124843e+00
-5.302538036517465692e+00
8.346079935321149890e+00
-2.691038540703632620e+01
-1.982535716080334298e+00
2.036252144620907245e+01
-4.585899757201106652e+00
2.751478614557274227e+01
-1.281055030482405099e+00
1.206014405383502819e+01
-3.396791405334015224e+01
-1.949091065659438016e+01
-7.365844553275831430e+00
-7.611300689393150520e+00
-9.035363309810760413e+00
-1.037213350988564597e+00
-1.700648968675307060e+01
1.283154845666975419e+01
1.766444049474330313e+00
1.477331117995471921e+01
2.065319550151670569e+01
-2.455920930913221412e+01
-1.285982525019618272e+01
1.196495361486388731e+01
-8.613634618107665730e+00
2.042380948487743453e+01
-1.477802430927843957e+01
-1.064383681861017372e+01
-3.654844634250468349e+00
2.842970126088887639e+01
-7.402991594733205893e+00
-2.067241314489183779e+01
-5.320824194907502580e+00
-1.678418066223340777e+00
1.824425496206116648e+01
4.366885823994105742e+00
-1.594683382207637123e+01
9.386819707356459652e-01
5.537448824380436285e+00
-6.762273700369188845e+00
4.724689047545068910e+00
2.358688135688482745e+01
1.468285522205582616e+01
-4.724939518638672808e+01
1.855483810911290732e+01
1.100616444463620880e+01
-3.744372870192008662e+01
1.028531670349438798e+01
-1.473353322583891067e+00
-1.380825260778821573e+01
4.130039520315287760e+00
9.974005391001757204e+00
7.724861809740595220e-01
6.399523812041246984e+00
-5.614143635806206234e+00
6.411036281882630306e+00
7.277296967266673633e+00
-1.123115332931003785e+01
-4.184452724083345032e+01
1.470412737133774128e-01
-1.605510538003983800e+00
-1.278638983439188337e+01
1.569809556419627228e+01
-1.561787522238666348e+00
2.366306395434440546e+00
2.670244717202707818e+01
-2.125497305931653358e+01
1.755035525991853973e+01
9.764853912565081728e+00
-1.225258418329922661e+00
-1.449405638722102019e+01
-1.884103835372164859e+00
1.436811278287563276e+01
-4.290175554743856878e+01
-4.061645953083677263e+00
1.596187747614412622e+01
1.745181810139599676e+01
-1.202350541409646212e+01
1.757683658183188413e+01
-1.348367104444954379e+01
3.667701281239842181e+00
9.103621678677248141e+00
2.686847696308362998e+01
-1.978885867556549982e+01
-8.842229600853746874e+00
6.711683424207055104e+00
6.584863082106220844e+00
-3.280962318973175584e+00
1.071784677142200604e+00
1.123034155901698838e+01
3.543308349011834935e+01
-6.162102862650427504e+00
-1.194547212346971854e+01
1.094586552322784279e+01
9.835713130077785138e+00
3.605979552710735003e+00
-1.304704520502893139e+01
-2.358154565174599426e+00
-7.123661755507991522e+00
-2.635609401566345156e+01
-3.297700102713341153e+01
2.274646994192620753e+01
-7.735445053854717479e+00
-2.438875151963628340e+01
-8.178643438262596099e-01
-1.137904222706108293e+01
-8.189689664886570242e+00
-1.645215735349050190e+00
2.435305003990185924e+01
4.442096945048272794e+00
1.603547466344479844e+01
-4.393560974643762052e-02
7.003013030737598399e+00
2.242786160382753025e+01
-8.364780349489558731e+00
1.159103469467518188e+01
-2.778423229276214812e+01
-6.586562155690912412e+00
-6.437615292994509630e+00
2.945575456884887444e+01
-9.690088292757412347e+00
-4.066518103085963176e+00
-1.401291898049828077e+01
9.146834637821626757e+00
1.932697055830599364e+00
1.589064641857758176e+01
-1.291125503169183908e+01
-8.691789419742555367e+00
-1.267490280417181303e+01
-1.925035943734341259e+01
-2.434691550199423560e+01
-1.045996758678051286e+01
-2.126926079731585162e+01
-2.276802421139985100e+01
-1.441109436754849149e+01
4.416869324418631493e+01
-3.385329082159944392e+01
-1.613751219351662414e+01
-4.949396700594573595e+00
2.027226577193889767e+01
-5.631496786991355918e+01
2.319680189597134179e-02
1.564637714926330503e+01
1.303852738992970828e+01
-2.726885990119469128e+01
3.296240977808263750e+00
2.111550859426822768e+01
9.555190899386341030e+00
1.998497472885501480e+01
-7.329105811266225068e+00
-1.011512008900649562e+01
2.902239727299101446e+01
2.596518277560314303e+01
2.539834590367227207e+01
-7.952827645541930224e+00
1.196701735231745367e+01
-6.776312015538608069e-01
-1.442459589862935765e+00
-3.551554115383869226e-01
-2.082289197530160507e+01
-1.183517397473424815e+01
-1.678346838494452431e+00
-2.162460669201902519e+01
1.813091510093992653e+01
-6.033844083741586317e+00
-1.751025381653157353e+01
-5.758456897611107017e+00
9.847290360201586878e+00
-2.787251577245099199e+01
-1.576881569461981325e+00
-2.047592732310263486e+01
-6.712233882081717340e+00
-3.881979671010155641e+01
-2.142373861347224917e+01
7.174597475650630329e+00
4.673771540876401787e+00
2.451361029777888589e+01
8.662948559285098327e+00
1.713265851175550836e+01
2.926714470799619505e+01
-5.024506499174162810e-01
-2.520829357764691636e+01
-2.189372667444083120e+01
8.471413302511722421e+00
5.369772307555442659e+00
2.082467963332915062e+00
9.480543411132725140e+00
-6.586269341600105243e+00
-2.360018644531306364e+01
-7.979918378907126630e+00
-3.091520201355771658e+00
-9.080771758094842383e+00
1.766637802445034922e+01
2.092395925936322065e+00
4.579834531790206498e+00
3.268854868637932043e+01
-1.220550777729877900e+01
-1.815237134484883796e+01
5.713873277936740713e+00
3.960218677106627005e+00
7.140474575328605411e+00
-7.512600031172823378e+00
1.078435295025557927e+01
-4.011926190646831714e+01
-3.693994633658502380e+01
1.209310925235254075e+01
-1.050713510985342936e+00
2.033526640217420933e+01
-6.276651327558698590e+00
1.198846364328544567e+01
-1.179230850167563993e+01
-1.534927303418310629e+00
1.056221184023291393e+01
1.085777000284367233e+01
-1.967663743810831534e+00
1.664563590351367850e+01
1.239876568875796714e+01
-2.359941245389805431e+01
-2.027986802879357064e+00
-2.838754263442711334e+01
-4.442800290886588233e-01
-1.804737287622528186e+01
-1.863351630575571960e+01
6.749687171542104736e+00
-3.930225920105993254e+00
-6.973067744798739476e+00
-9.483331140542796689e+00
-3.240247721673453185e+01
2.838256460324986818e+01
-6.047932361207037033e+00
6.779396057417609534e+00
-2.359054386063379738e+01
2.248553377840634937e+01
1.740324590881633071e+01
2.597067484576246343e+01
-4.043988351420437333e+00
-6.223780173327362775e+00
-2.511138012877135495e+01
5.228058505458767158e+00
2.223247014624132589e+01
-2.398718475185490107e+01
8.802781618283365361e+00
2.737858849469914979e+00
4.889547689174042588e+00
6.937656880321112496e+00
-3.861249415745491120e+01
8.435872418481050516e+00
1.725100644196368549e+01
6.547449794017672353e+00
2.977610110096485130e+01
-1.089701582839885319e+01
1.290182432135946833e+01
-2.217042243842059435e+01
1.639762962029233861e+01
1.976657120426242642e+01
1.661947460506481988e+01
9.400724026355096186e+00
-1.539313644344732346e+01
1.329694574605361979e+01
-4.393253721498023623e+00
6.057112904678068510e+00
4.281017485345723905e+00
2.095473162785513210e+00
1.552503576453619694e+01
-2.527330665611825111e+01
-2.785632358804515363e+01
-2.086549184114488753e+01
-4.151783584353887946e+00
3.686597001994893041e+00
-5.111413077886961531e+00
2.179044422415823590e+01
4.845903816437322043e+00
7.588967822972326083e+00
-9.466913903399220231e+00
1.653668291554225078e+01
-5.954923339386852810e+00
2.162249557037721814e+01
1.506852745131213034e+00
-3.117094913844266069e-01
-1.932136943620250902e+00
2.821284480321546084e+01
1.822897484881208285e+01
-1.900717802453726435e+01
2.139908086768117101e+01
-2.957428274804704316e+01
2.467875787749610694e+00
5.248035027472971237e+00
1.113215214462946179e+01
3.272460213005179241e+01
-2.376132296789512566e+01
1.833776065751945339e+01
-1.343394109509344858e+01
1.051345325947859166e+01
7.299050812267136479e+00
-1.342566638324845840e+01
3.301117792817980678e+00
1.932825947042523396e+01
7.774328016250241724e+00
7.924055130935303559e+00
3.513735695266869641e+01
-1.249331101312911940e+01
1.623236185927392583e+01
-8.068054295039727819e+00
1.055006730104821600e+01
2.719277198233266191e+01
1.398445751026334705e+01
-1.549245077412843230e+00
1.050514010759850159e+01
2.715673296700107286e+01
4.886346195217617705e+00
-6.447028526126641346e+00
-2.060668347663008149e+01
-2.549052174313495289e+00
1.512711182136398325e+00
1.707839047851400238e+01
-2.998712398664198631e+01
-1.773198872052272179e+01
9.706292399382332903e+00
2.520470176426854891e+00
2.384692320461408332e+00
-1.476263975995862587e+01
-1.240825645659377408e+01
-4.672758673975992139e+01
6.070862159435506555e+00
5.491903216445343183e+00
-3.401738755205407916e-01
3.049167563272742143e+01
-7.885570515932022850e+00
-1.808308523851693650e+01
4.435832020643514895e+00
-3.952211214002187667e+00
1.825369214523108496e+01
-8.280115188273981630e+00
-1.064079052694714811e+01
-1.817376691593907267e+01
-8.632094815542322053e+00
2.093049310417952391e+00
1.211122024188074908e-01
-1.609984380371527024e+00
1.532922137004701035e+01
-7.474354851693597368e+00
-1.205589488592385905e+01
-9.102487490006037518e+00
-1.288445593956254598e+01
3.567280499690808959e+00
-1.227122564668710503e+00
-6.057894324979060663e+00
1.788001605428178564e+01
-8.432312893383835384e-01
7.973419786945929566e+00
-2.502095613339863789e+01
-1.772588942155426039e+01
1.729022581090807620e+01
-5.058215603833273732e+00
1.328771612210577491e-01
5.720734804121375028e+00
2.726535892718739973e-01
7.113026774942676766e-02
2.522750006107050780e+01
-1.867228220235359615e+01
-4.146099873399749924e+01
-1.233505892299267970e+01
-1.418125042078968834e+00
-1.291410790877306036e+00
2.415300571717424916e+01
-1.357306584383598036e+01
-3.179646970911537696e-01
-2.710994568594649934e+00
-2.760783193512266465e+01
-1.868123730261629944e+01
-1.915653826594314069e+01
-8.680913297810205265e+00
3.741429941510297397e+01
1.477782267249267889e+01
-1.439059426977565170e+00
2.612316436525480956e+00
2.916533493271490585e+01
2.807127806413392790e+01
-1.697418323066868240e+01
-1.729653606294789725e+01
1.907361797491009536e+00
-4.261628977868613610e+00
-2.594154165912701426e+00
-7.295511624905917536e+00
-6.444867837523971410e+00
-1.479982999841435287e+01
1.565139239119354642e+01
1.206202553493208818e+00
2.248794500249412920e+01
1.905302083496988530e+01
-1.066498370681151187e+01
-1.449355167070397066e+01
1.117742564676906092e+01
1.594893292127327999e+00
-2.248364250776301976e+00
-4.460076925295388683e+00
1.229223933794141521e+00
-6.276241871403634320e+00
2.023067755037103055e+01
-3.655833488049895408e+01
-5.764339145493477368e+00
1.005801198265512397e+01
2.163511576056489361e+00
-6.135551012779890456e+00
2.022685456603092291e+01
6.561765220134130772e+00
1.866285794189182212e+01
4.912206582337587335e+00
5.637844627278337128e+00
9.856789518992432164e+00
2.880588199696038743e+00
1.377710528997741335e+01
2.006149727027812446e+01
-5.185300190255083486e+00
7.759136803145160854e+00
-2.019142248417329455e+01
-1.407139664565590920e-01
-1.162137715354191414e+01
-7.282023740770979359e+00
9.621103453502390934e-01
-5.279174439782114980e+00
-1.429147799096920224e+01
-1.252415844865612415e+00
9.892545669665381070e+00
-4.124382065090293814e+00
-9.687048023744125658e+00
1.944709507957105643e+01
1.416800919498081157e+01
8.173527646868508967e+00
2.912278449471187969e+01
7.878119936150895342e+00
4.175203892872458056e+01
8.138350316132722639e+00
-9.997611216475451812e+00
-7.891421903810680316e-02
1.517703351759225683e+01
1.079803387974000906e+01
1.563519409864159648e+01
-1.637469752553495361e+00
1.208194181121562671e+01
1.132155017849596668e+01
-5.849076602002548420e+00
1.798356903692532427e+01
-8.763485147297076505e-01
-2.480878622539058398e+01
-6.011180215313461694e+00
-2.162329690895870371e+01
1.321731621294333792e+01
1.699859197930847188e+01
1.358223941983644600e+01
2.604173193697912936e+01
-7.062067150837696428e-01
1.084368114023652652e+01
7.557535922589412536e+00
2.398202685355876795e+01
-1.277904048851197416e+01
-2.051963883056070159e+01
2.788613576333613508e+01
-3.046136140359981592e+00
1.482928519616802809e+01
-8.249096413648979720e+00
-1.968863835242437688e+01
-1.908006610000548164e+01
-2.011541730630819913e+01
7.635498844908463312e+00
1.259697914231270843e+01
2.961224478513032921e+01
-1.537981804181363321e+00
-1.566517151381974315e+01
1.957816121631022810e+01
1.150452911167309544e+01
-6.861445566861574363e+00
-1.779734247598887720e+01
2.542557029204889929e+01
-9.470616777451109414e+00
-5.652705993758443404e-01
-1.605818145600283797e+00
3.790379626808657321e+01
-9.676794334649825302e+00
7.405196486554165070e+00
-2.523835626461136172e+01
-1.819073012161935665e+01
-1.677343151110510133e+00
1.889354316203674244e+01
-9.678294435996377398e-01
-2.400855171850408531e+00
-1.085741778836811555e+01
6.643537996902071363e+00
-6.427257178485653810e+00
1.793222032366232899e+00
-1.401139311064376258e+01
-1.449487074309893098e+00
1.629965990507403362e+01
1.763191447274405022e+00
-5.199580962816542362e-01
4.028176939989863570e+01
-2.815616348928510426e+00
-9.772027990927046659e+00
-1.408602358711435798e+01
-2.130579995360165668e+01
6.056739376540715369e+00
1.629579358565274916e+01
-4.714441025516861172e-01
2.240082540195673655e-01
-4.969054977068129375e+00
1.070654731168952090e+01
9.221926236483071193e+00
5.206040138725667532e+01
-1.655638797998038925e+01
2.682842470518246714e+01
2.208527178680454028e+01
-6.036830127805875357e+00
3.683576910868082166e+01
2.404589111756933129e+00
-6.278185203389268665e+00
8.009633020482347376e-01
1.969865133165577831e+01
-3.139209293354396380e+01
7.424027249073169799e+00
7.268145802948446033e+00
-1.380480508654719785e+01
4.309827257456307237e+00
5.260074385464193369e+00
7.670751768451406605e+00
1.410792935974966689e+01
1.084585464667034760e+00
1.505357385261486591e+01
8.492483235044072654e-01
9.137340972047702792e+00
1.921855919299909843e+01
-2.344187821068566713e+00
-5.800618827045545878e+00
1.631962419327978253e+01
7.023858543126625165e+00
1.045526219264974443e+01
9.981007924541430043e+00
4.237916560101808727e+00
-6.268559438368038528e+00
3.265136665100966695e+01
-1.328518518959944394e+01
2.809554135432656974e+00
5.047797591780605941e+00
2.388908747920797637e+01
-1.160950361999380753e+01
-1.258733085760180792e+01
-1.731988053070887901e+01
4.465957930969490342e+00
6.048747050513001433e+00
-2.393363177421775134e+01
2.328691531177921803e+01
-1.499648180730560476e+01
-5.594356768888610887e+00
-1.376427236631207585e+01
-2.704697569496345011e+01
-1.024834467656934311e+00
7.764763933590732137e+00
-8.222067571970871569e+00
-1.497047787458996915e+01
-2.669125681076977230e+01
-5.105606648671903613e+00
-1.459700132818660734e+01
-1.606396340166484649e+01
1.090628251080084965e+01
1.032553985688439191e+01
-7.055929577986923995e+00
-4.849258101591074954e+00
2.537540218072974252e+00
1.191062934484965252e+00
-5.623978628062031859e+00
-1.113832985962898903e+01
2.403286883762529413e+01
2.745427476065396633e+01
-2.455086030885475168e+01
-1.342794336292747559e+01
-1.549544563427085642e+01
-3.880525509687215191e+01
2.556122612321430410e+01
1.290992219259504736e+01
-8.501866220085375403e+00
-3.633601026197838535e-01
-4.315776076450557497e+00
8.870879986923677407e+00
4.233859028030673599e+00
8.536962254295621833e+00
-1.638982787699536559e+01
1.730636305414055798e+01
7.357239087623766771e+00
2.178301977368778353e+01
-7.626796309219765035e+00
-5.438310250015558012e+00
-3.019753713888075453e+01
-1.737946232977082062e+01
8.910932310726355610e+00
-1.300729382151424218e+01
-8.609068991693295203e+00
5.922195401003774506e+00
-9.486826651318098769e+00
-5.668884007120861490e+00
2.702682544488856919e+00
1.568953983474871450e+01
-1.265843956443760732e+01
1.702498798180396733e+01
-1.025082707178840025e+01
3.098184571361473516e+00
2.836225105103892252e-01
1.783998499317906161e-01
-2.360198269401201543e+01
1.365750840497164553e+01
-9.007161470798809688e+00
1.230504417276136664e+01
1.405697721531225497e+01
9.412002909590256650e+00
-5.866271359402025709e+00
6.416501135614284257e-01
3.370327157786118910e+00
-2.296894441957461197e+01
2.782899350684613360e+00
5.843090526987464450e-01
-1.425245065408707745e+01
2.707611574495317530e+00
-3.838706183873141953e+01
-7.405439283281272544e+00
-2.558188202243331943e+01
9.030359557134484128e-01
1.228535259734892016e+01
9.697276042672434926e+00
-3.194153179896949268e+01
1.344794400851098004e+01
9.958848995190475506e+00
-1.678966623816786807e+01
6.309827633516309930e+00
7.719150210412218271e+00
3.025213463995906515e+00
-1.145243038033758332e+01
2.726550259566406353e+01
-1.604336271549190585e+01
6.748382799850929814e+01
1.540451877966310690e+01
9.831183319792723196e+00
5.828708904315891282e+00
-2.142053550335087309e+01
-9.115094393986115762e+00
-1.990796260974529730e+01
1.348956850513063088e+01
1.497819231546684193e+01
-1.046601109443756350e+01
-1.754308062296405879e+01
2.409193664768317333e+01
1.927794832654461743e+01
-1.004995629895396370e+01
3.530583511988528045e+01
-3.400938642877015639e+00
-7.816112080090928060e+00
-1.082666457878878141e+01
1.100495206440712792e+01
2.026011402561687191e+01
-1.216632850019248924e+00
-1.931769619196607124e+01
4.765114560614399641e-01
-3.228141480834743060e-01
1.029199969161931882e+01
1.745565075143411526e-01
3.276082287961439476e+01
1.182696945726816828e+01
1.234092638795517338e+00
-3.199682139318258844e+00
2.743208955911704194e+01
-5.301492434452714786e-01
-2.348625497657079464e+01
2.259890201593834647e+01
-5.269547100005324225e+00
-1.067118000854141613e+01
-1.227806692519457954e+00
-1.034269810395224809e+00
1.547034887846502649e+01
-2.144842007033569420e+00
-5.876824928156986516e+01
7.840021153147374022e+00
1.165511568149912058e+01
3.364855722042648978e+01
-2.909199094954847098e+01
-3.585706149335092796e+00
1.034088450933425207e+01
-1.741108630080812603e+01
-1.065880280436441829e+01
1.385973946583212424e+01
4.595017580927155620e+00
-1.959568133044908222e+01
-3.049629522720933128e+00
-1.811556908136937949e+01
-1.105676505549811850e+01
4.557726171665600567e+00
2.658417017932234572e+01
-9.383059593051077840e+00
7.039568031522730251e+00
-2.201710934244647788e+01
6.711673610114547550e+00
-5.122699541259982503e+00
9.443549424038941709e+00
-1.213037600442477348e+01
-5.000453607966225178e+00
-2.600888157677676205e+01
7.102965287656450855e-01
-1.360493777568930795e+01
1.168997087226266096e+01
-3.475533466563562257e+01
-1.256551030591134221e+01
-2.565704781471947982e+01
2.293987721916307954e-01
-8.383360567635371297e+00
-1.392637838564244390e+01
7.352967419671617932e+00
5.079361469639243509e+00
1.190139197713555363e+00
-1.939796760696777511e+01
2.347722899863824875e+00
3.732782646732037080e+00
3.877310100002425486e+00
-5.331641122501475039e+00
-6.466713147163850373e+00
-1.065796996884984082e+01
-1.782472078844752517e+01
2.090951260050620064e+01
1.550268053114984390e+01
-1.639777519592847455e+01
1.496575781133888228e+01
7.542959638731598027e+00
-1.598127547084885247e+00
2.398644483170966879e+01
4.625071071664919486e+01
-2.242006323871777340e+01
-1.857421144429781990e+01
9.268374165426271460e+00
9.369844595602215165e+00
4.251401361119121702e+00
1.111423204000479537e+01
1.644318607059675141e+00
-1.255870456046893757e+01
1.949941762763011255e+01
-1.124461065481254884e+01
-5.947539482502015140e+00
2.667111865194192744e-01
2.551045342056845300e+01
-1.135789960644550689e+01
2.279828075794409870e+01
9.093782755725845490e+00
-2.995320020246142079e+01
3.243929233080462993e+00
2.387980054370755312e+01
3.920994792812428642e+01
-1.309151594322132439e+01
-9.686481009596512592e+00
-1.213064923726193634e+01
-1.193825805791128403e+01
3.136944959370024932e+01
-1.049456011132039457e+01
-2.267695454392284660e+01
-1.096677853839652883e+01
8.550918376533775955e-01
-1.877247398220522001e+01
-7.929170944974027968e+00
8.366806416776477739e-01
3.547141192768174633e+00
-3.323338210070745902e+01
7.402376073071124551e+00
1.587406785050118252e+01
1.485669507817211255e+01
1.312704958854879500e+01
9.054541183187074793e+00
-1.415074647113381445e+01
-4.321468694583453285e+00
2.081348099510052663e+01
1.203850814612849618e+01
1.129771866323993290e+00
-4.161934675744946333e+01
-2.098637749444979761e+01
4.546670954665305686e+00
-8.594195398782582984e+00
-1.898418006459025520e+01
2.019698822605940336e+01
-1.280754393415938530e+01
-2.339541187170134862e+01
7.460369097890950485e+00
-8.554930422665313117e+00
2.496890925472824208e+00
1.723792240577703438e+01
1.574124345147524195e+00
-9.530276782190394869e+00
-1.036139510185150847e+01
-1.700113541951532525e+01
1.271171007388796603e+01
-2.195933880859525189e+01
2.643097349370348326e+01
-1.392866681073055801e+01
-3.681435841803130415e+01
-4.722796364848723449e+00
1.083910346991913354e+00
2.143409906260402842e+00
-2.759303583195879384e+01
-2.924303000795995366e+00
-6.213481270819478652e+01
6.351544107900344294e+00
8.204774552601096005e+00
-8.446321526051312034e+00
-2.359101183544100522e+01
-7.009143779847347488e+00
-6.297634219398080546e+00
7.038792943400087765e+00
2.433965663995632855e+00
-8.920374013953303205e+00
1.366553058150828903e+01
7.794660739727434340e+00
7.592325683903089484e+00
2.673969719325278760e+01
1.160813077193191312e+01
-2.680646532939780613e+01
6.984702203704215684e+00
-5.362782347205179434e+00
-1.739766136994204615e+01
-9.671950510995822370e+00
3.222472678646343347e+00
-1.895365453195895356e+01
-1.052646261497826430e+01
-6.515379180325437503e+00
3.292589477675431198e+01
-8.906987093806698397e+00
-9.840411215954157242e+00
2.275620421644313041e+01
7.420098711444558237e-01
2.153569136816750884e+01
-2.662968403359860048e+01
2.472747426322731812e+01
2.305477936761564450e+01
-3.655486332918108872e+00
-4.482619862435779368e+00
-2.539935150364312122e+01
-1.226404154207108377e+01
-1.251161530418827539e+01
2.924905462641565990e+01
1.497902834001610373e+01
2.245507930821225173e+01
1.714477318859738197e+00
7.929623766473185675e+00
-2.676780642953877276e+01
-4.088575026213208119e-01
-1.736355457078441233e+01
-9.873876668830336101e+00
-4.094354058384100625e+01
1.183147180385692110e+00
2.117627228585601706e+00
-9.929897091207934068e+00
-5.667715243088844446e+00
-1.046621431141975300e+01
-1.973821393401494007e+01
4.069028511253294234e+00
2.024897118265378637e+01
-1.231676691419598590e+01
-8.053511165884481571e+00
1.798024341549987426e+01
1.315756951191316482e+01
1.613968335973800095e+01
-1.570240773225575026e+01
-1.567430827974784080e+01
2.873985643189500561e+00
6.968669295679744025e+00
-8.791945041450562215e+00
-1.654336302117558688e+01
2.725855232825293228e+01
-1.091712676284544692e+01
-1.103334519899488342e+01
-8.677846167831986257e-01
2.444136336732230319e+01
-1.206257210403394708e+01
1.199486189995378815e+01
1.504063186543542230e+01
7.792103500591127663e-01
6.892934565675528091e-01
1.407446409524726860e+01
2.252779167244324032e+00
-1.414690999119074633e+01
4.456226732478753227e+00
5.420663551523992929e+00
1.586630735926739177e+01
2.551607650365540181e+01
2.710305358622570182e+01
-3.734470903103488126e+01
1.101932367209204244e+01
-6.760849790014027860e+00
6.152515322927136765e+00
-2.863603228424130265e+01
-7.479159868683498580e+00
5.390748541683240802e+00
-4.838171955180777140e+00
6.338947002501163830e+00
4.394257378356525301e+00
1.798650270151333430e+01
2.071726747720647133e+00
2.881367071296167381e+01
1.142613300212734373e+01
-6.210437801775934297e+00
-7.921321966908657863e+00
8.997649248920378540e+00
2.423165692598059096e+01
8.337768811534022717e+00
-1.258669996071089869e+00
-9.693279433990966254e+00
2.122753493506597877e+01
-2.032648858553151783e+01
-6.413603702332796530e+00
-2.047580790574037124e+01
1.479931402224263692e+01
-1.323455059189783434e+01
-7.253428815323741397e-01
-1.464807182606984526e+01
1.649889459938474801e+01
2.712991925650410963e+01
-2.152618681667447831e+01
5.404069957502816379e+00
3.304802978785910739e+01
-1.042446329242902081e+01
1.513285885588734203e+01
2.970968295746917676e+00
-9.333991566134716145e-01
2.618612446644492664e+01
-3.872135146363289593e+00
5.279013747749344176e+00
-1.097650130154387682e+01
-1.358855031755571829e+01
7.393861412877290817e+00
4.334399360146812819e-01
2.389143135047393063e+00
-2.628105505724320068e+01
3.200727859429937183e+01
1.391618378634387199e+01
-1.745704935609897035e+01
-1.540692464302904696e+01
-8.691319905842382454e+00
-1.982846366335898480e+01
4.090060027178871849e+00
-7.039698653081298829e+00
2.499816734044787125e+01
-1.461745285315167031e+01
-1.639463516397969656e+01
-3.219522510850077790e+00
1.458129150661117368e+00
1.776384057002976080e+00
-9.599388609608611844e+00
1.962334386773133588e+01
-7.706341024463169376e+00
2.004100776518662030e+01
1.283910382512682169e+01
1.615791801607429434e+01
-5.683844680202425614e+00
-6.650589528862236754e+00
-1.291235699292997197e+01
4.285435202854204206e-02
1.764129942418121999e+01
-3.916085973166964607e+01
-8.306025600574240553e-01
2.171584380430371386e+00
-8.653150789903438778e+00
1.400780324801776056e+00
-1.262069441649076307e-01
-4.720716690498390378e+00
2.988660386552421144e+01
-2.698557911277972732e+00
2.996670201681294277e+00
2.210864117072469881e+01
-5.988544982275188389e+00
-1.394275623165130717e+01
-3.733901103636684926e+00
2.591490816703931443e+01
-4.794031323862938621e+00
-6.356463145026683748e+00
-7.510033777132098187e+00
5.448275247724102144e+01
2.698808499255097360e+00
-2.270152910948475622e+01
1.421642266613261718e+01
2.252838077444902254e+01
-2.497412844174149438e+00
3.077790159916803248e+01
1.883543524762163912e+00
2.337654713242681126e+01
1.124483415133687458e+01
-3.295589095132891799e+01
-4.135867339748821259e+00
2.829659237189547483e+01
-1.144022822023657682e+01
-1.345882937404308777e+01
6.230314971411234914e+00
1.636864373377439108e+01
2.344749796303653611e+01
-1.032069568639655799e+01
9.103086316619126706e+00
-3.955916585787161921e+01
-8.324133337964399360e+00
-2.061312441251303085e+01
-6.638299591564861268e-01
1.669337194774570321e+01
1.945088611040543647e+00
6.128081676481580864e+00
1.178234209178428138e+01
-5.565284815928119855e+00
1.778441168709278486e+01
-2.317617349123561610e+01
-1.630675977452773040e+00
-4.529016322114233617e+01
-5.539818979327777448e+00
3.257489696096180865e+01
-1.279765092866767429e+00
