-4.907429341577442372e+00
5.469621794054174480e+00
8.483932440305183675e+00
1.832725303820155416e+00
-3.107164619098930380e+00
4.948145456848585866e+00
-3.940857610911575604e-01
-7.118223117343778661e+00
6.128360713198212295e+00
-3.583730458834323951e+00
9.791417028217509255e+00
-3.520459300356763244e+00
-9.988553316189133113e+00
-8.003564201240116915e+00
1.135544222376658574e+01
-3.595309751762451711e+00
1.538612787941253757e+01
7.267501814441871488e+00
-2.273658997749102184e+00
2.187068280926904151e+01
3.197463588838997950e-01
-1.282146083811110415e+01
2.736743181626110299e+00
-1.051285105482238613e+01
9.526454832896582570e-01
-4.901258135912437197e+00
-1.907420701177966249e+00
4.668838063276983696e+00
-3.540467613566748994e+00
-8.700536750681565623e-01
3.006659313072143291e+00
-4.362120933241225629e+00
-3.630090944890213667e+00
4.940901758970642099e+00
-4.951587658274918979e+00
1.671680167338128697e+01
-8.703748163517129655e+00
-5.464532359449549404e+00
4.292607944058779879e+00
-5.486311921680981030e+00
-8.181107412519391886e+00
-8.473332643177620582e+00
4.323872678524608659e+00
-4.720415037864061247e+00
3.361001288194342518e+00
-1.324025510771605241e+00
6.853947363783971625e+00
3.859555903231096430e+00
2.822350812172715884e-01
1.138637252591148474e+01
9.767922577221952452e+00
-5.341241595800045872e+00
-5.322240977969892040e-01
-4.003638129386178690e+00
-2.537771679139979142e+00
8.572376137977965271e+00
5.897410897344033565e+00
8.720090889077247720e-01
-1.783890756289829227e+01
-6.202399036752065165e+00
3.495572287688353263e-01
-9.567453044209525359e+00
-1.020879420891898759e+00
-8.243886002441676908e+00
6.641174204111020885e+00
-2.166024482793354800e+00
4.932837645429553497e+00
2.876763582640067707e+00
-6.046442541201479948e-02
1.367788484674781557e+01
-1.908858906033722747e+01
2.867604460296804270e+00
-2.058318661029856500e+00
-9.241990665635391178e-01
-1.155456157145526674e+01
3.420197516969566198e+00
7.738182119890893773e+00
-6.832322243686233421e+00
-4.298623498690059108e+00
2.586713195751740191e+00
5.786321990960287209e+00
5.620933684841080691e-01
3.676123091672695686e+00
9.534586958632706555e+00
-1.915091432733433852e+00
2.764457815630039228e+00
-6.128515821747392955e+00
5.219830146756439859e+00
4.968524189598839236e+00
-1.864597339868409875e+01
6.793430591897424264e+00
-3.071901537242429203e+00
8.293633851144635027e-01
-2.272527570570368916e+00
-8.984733538418261389e+00
-1.202431925306829630e+00
-1.378892238972566631e+01
-5.982851119308060461e+00
4.628706345060158434e+00
-1.340661308959971931e+00
1.039118761555936921e+01
4.201968567090549556e+00
-1.618293752148006703e+01
-3.058193950103504033e+00
-1.328409728315886440e+01
2.936919919289532555e+00
4.990668884135809336e+00
-2.457146988750499972e+00
3.681683019494081055e+00
-1.564982533400961273e+00
1.386047532071560795e+01
6.082738940963979601e+00
9.124847543444034592e-01
6.604473528711855224e+00
9.766639276470359121e-01
1.914137207737901747e+00
4.827262538894286692e+00
-6.715287888903852753e+00
2.444320276993533492e-01
1.487118490748390087e+00
3.338329186433546258e-01
9.587578599605913965e+00
1.107291905756583894e+01
2.554228463214169409e+00
-6.895522568464465429e+00
-1.010425606549585797e+00
7.284984455659699876e+00
4.729890359917788167e+00
-6.534166783244531373e+00
-5.717819847069785411e+00
1.840432286461726630e+00
1.125493690794431245e+01
2.478210064554244862e+00
-9.065138352430459179e+00
1.918333933246471945e+00
-1.292052867022789320e+00
3.131918593142966500e+00
1.145188592795335936e+01
-7.623812532543245979e-01
-1.387185618979926005e+01
-1.076549160551021345e+01
-7.284441874882645607e-01
3.464310280342163040e+00
-5.836108911565267121e+00
4.706124522578198466e+00
6.765005153216771205e+00
-3.099027817010541863e+00
3.336971363575441885e+00
2.736385889678168759e+00
-4.646993348498672738e+00
-6.841298276013496604e+00
-2.008941312930772938e+00
-2.495068396748045814e-02
9.833825352966943711e+00
-4.688105833124200927e-01
-8.098382496824520160e+00
5.977537165693293630e+00
-2.832724165774432201e+00
4.308136812980819741e+00
2.254736085181439975e+01
8.870314539697053968e-01
9.868377160227204126e-01
7.354473505585879423e+00
1.765434228153517360e-01
-5.486466608120834643e+00
4.099233627632140831e+00
-1.232610227458372876e+01
-4.081776796980557620e+00
6.194091534554770462e+00
1.812563326264912344e+00
-3.167343901514731108e+00
1.561448903461766236e+00
8.371800770442998640e-01
1.453280069544252129e+01
-1.302390584066037249e+01
-5.049104773953624559e+00
-9.157861136463020912e+00
9.720134070342083987e+00
-4.159122320363147551e+00
3.773063562577622321e+00
-3.900631912144834068e+00
-5.749457054177966597e-01
5.481977969307711973e+00
-4.521041731736126223e+00
-2.730919888676284213e+00
-2.582579598117542119e+00
-7.025014194890321306e+00
-3.140627570434028737e+00
-1.851930405863516427e+01
-1.081719641691436529e-01
4.047750583158338245e+00
2.058280887408464821e+00
9.963613332056569405e+00
7.592612547105066056e+00
8.148548472874479476e-01
-6.710666521129198259e+00
5.865116168584573408e+00
-3.657378855728016465e+00
-6.300205721744120524e+00
-4.803244632489829691e+00
-1.227341657392608631e+01
6.359645207955721524e+00
4.976403625833230038e+00
-7.511059723301462654e+00
-5.670692023146064464e+00
6.612755911034170708e+00
3.535127184650364907e+00
-4.464007003038508614e+00
1.961036651886045235e+01
1.237442846088106485e+01
-1.113633885976473437e+01
-1.159567592963017191e+01
-1.870660685294039283e+00
-3.707965014629282408e+00
5.440591565951381492e-01
2.258697884669642164e+00
-1.217304822839638945e+01
3.808226340837978618e+00
1.246608454962796486e+01
1.348026376423860562e+01
-1.437264642063082576e+00
-8.593533694591098282e+00
1.959404622469048673e+00
6.455801691353594940e+00
3.392702581423307162e+00
-5.355091338109431831e+00
-5.371769100356269533e-01
1.452006453754220594e+01
-4.101601829026881418e+00
-3.439819602270954846e+00
-3.314190076675660457e+00
-4.341916131539981905e+00
-6.590271400269065438e-02
-2.077518190645895491e+00
9.452327366261702224e+00
-3.218792401348782306e-01
-3.599362436959161471e+00
-1.836720065802449842e+00
-1.265045723688140722e-01
-5.164026111307896016e+00
6.674418722852533570e+00
-1.363143332779052308e+01
-8.403902974765289358e+00
3.370652890597028772e+00
-4.884104358526621503e+00
-1.397131196881478488e+01
1.300126114815239431e+00
-1.821572616774858488e+01
-6.013671897679351730e+00
5.252319928410395633e+00
-7.346300335761114297e+00
2.473659419586777819e-01
3.892836096712366967e+00
1.167071418151919060e+00
2.960589413628595068e+00
-2.816921984878612228e+00
-1.149326855946697101e+01
-2.142221738319944890e-01
-1.337712917934242851e+00
6.080992085276985648e+00
-1.093799395846253653e+01
-5.228699637265640021e+00
-1.112253315954330368e+01
4.067016108212318848e+00
-9.072365159830531045e-02
5.571301940529041374e+00
4.587659570727021574e+00
2.482541497924473983e+00
2.694942667619608656e-01
-2.889865644949191292e+00
1.803038652431216349e+01
-2.106677657126668990e+00
3.853105437370551556e+00
-6.187169286871629481e+00
3.536993824847904477e+00
-1.579892923557391970e+00
4.532325075432918737e+00
3.581838352931048686e+00
9.681695280083546962e+00
-2.012198680751937019e+01
1.835717832724224063e+00
-1.249250662043910332e-01
3.660943765702440178e+00
-1.601821269298643102e+00
-2.427876406137764231e+00
3.132525432666766751e-01
9.621414685909581266e+00
2.289582226479169869e+00
3.260287081289083844e+00
-1.609813703985210065e+00
3.430054448220014596e+00
1.221841097188668179e+01
5.332670476493404976e+00
-1.013837909083402877e+01
-3.092505672014343343e+00
-1.474856962246309244e+00
8.385630433057801980e+00
6.670889166992044927e+00
3.635381078266890498e+00
2.582630469322522160e+00
-2.671993943512368297e+00
-1.823716884299745988e+00
2.743343541301100430e+01
1.887033858359412619e+00
-2.335243067607437162e+00
-1.464914946602157642e+01
2.644615132700732119e+00
-1.662997076911977956e+00
1.068865236682194997e+01
-1.787366049154759295e+01
-5.799482083395808729e+00
-6.143378109011154109e+00
-4.835417088220324011e+00
4.523234497305685053e+00
4.411099415062113671e+00
5.072047584106260665e+00
-8.449749198253410754e+00
3.561098975328000904e-01
2.447448294514829215e+01
-7.218438726100057323e+00
-1.773445363568185718e+00
3.982512201139908115e+00
-3.293430076719862765e+00
-2.865776573619069012e+00
1.369773371589467459e+01
9.958952764176174810e+00
-1.284446932742483050e+01
1.265002349270870496e+01
1.856024549290653969e+00
-1.281357489544046935e+01
3.619695841220117671e+00
5.305656700476255594e+00
1.582590136191303642e+01
-6.424885728750970415e+00
5.776715787242971523e+00
4.616650981352830918e+00
5.062584562008908051e+00
-4.157438504109766342e+00
-3.517793309076029384e+00
-6.596540598542441458e+00
2.615419333487449816e+00
-8.940324422759768908e+00
-7.312288026808633212e+00
-8.901851343917623893e+00
-1.464306841672620596e+00
-5.375842641146276080e+00
4.809910750218673314e+00
-1.757342730922301088e+00
-5.434933658891939245e+00
6.329435535172395433e+00
-9.046982853217601317e+00
6.978516625462512835e+00
-2.820058534244870962e+00
-9.684351011672376330e-02
1.621227248223480188e-01
-3.609144515365982020e+00
1.637998981852473168e+00
1.132871192503598579e+01
6.502194728641137011e+00
-7.203257623155018941e+00
-2.590703748642932069e+00
-3.620084062153546611e+00
3.848060737329844549e+00
9.833116547023530885e+00
4.514184353932595428e+00
-3.971874693180593940e+00
5.466871776633102087e+00
-9.735412727949626088e+00
4.992491917349933139e+00
-7.864211154446359764e+00
8.733355127748014368e+00
-1.443757581128755874e+01
-9.706532319587257263e+00
-3.093066857137808601e+00
8.425447569994665153e-01
8.516290840303808451e-01
8.746911298993154560e+00
-6.509720224670097366e+00
8.393203074586123691e+00
9.567217428339379381e+00
7.246458603149026345e+00
-5.787807744189069403e+00
9.495819133501715470e+00
-5.611713848919022141e-01
-6.920335433641716882e+00
-5.320828541362034869e+00
-3.897572144159241692e+00
6.756886248056712674e+00
6.935036989671105268e+00
-7.499873828250191110e+00
6.891477201705491495e+00
5.251008944622855168e+00
-3.612844062315167193e+00
8.860377022033405492e-01
-4.212860817532086521e+00
3.022000255974846006e-01
-6.052395398285970174e-02
-2.708688251642433209e-01
8.588758271957133150e-01
1.034419400329176320e+01
-1.517883944267910401e+00
6.164425847111224321e+00
1.428892632471806312e+00
9.618589846224105955e+00
-2.438273495550629111e+00
-5.788099452488613572e+00
-1.309519526158560154e+00
8.979152914122371598e+00
6.689302474490400385e+00
-1.311367602539473376e+00
4.768924583339192225e+00
-3.218302269173702879e+00
7.487013772432204561e+00
8.051971989044162115e+00
5.965068081410750622e+00
-6.624498492308850572e+00
5.935868534230731797e+00
7.655689991958346319e+00
1.187208695766786093e+01
7.410762131975677569e+00
-3.965779148094689788e+00
8.787500345944771141e+00
1.253720325201803654e+01
-1.305377430776045067e+01
7.468973196197271847e+00
-5.326535288996741002e-01
4.142844216702407323e+00
8.649593195081191066e-01
-3.993988385088203419e+00
-8.651957945558992336e+00
-5.602260729938457473e+00
4.565071752500403646e-01
-1.036598495432094591e+00
1.173324387619183895e+01
-5.047666000644868589e+00
1.115136338052042753e+01
-1.723148042531752822e+01
-5.057907663253488062e-01
8.553280297154184808e+00
-1.126480246852282541e+01
-2.681953003367262056e+00
-1.102451042872554510e+01
-1.670259715503079612e+00
-5.710305446596189327e+00
-4.303882604506036103e+00
-6.960530460202357661e-01
1.936977013682498860e+00
3.965113748756835310e+00
3.987208396889344808e+00
-1.162716541946583426e+01
7.577228132990543763e+00
-9.538681554372764992e+00
-9.067825486251544831e+00
-6.012422450612771030e+00
2.109402477042597646e+00
-6.148733261857440624e+00
-5.457737310744081860e-01
7.833218837945252311e+00
-4.348399941437994798e+00
2.233001987919385201e+00
-2.698055698105851441e+00
8.271987250398957769e-01
-5.202993530116055254e+00
-3.934014305189521110e+00
-5.368866993206002469e+00
-1.206153070302058516e+01
-5.070520039629737852e-01
-2.321549294405111041e+00
-8.102233560538071089e+00
2.977560811111206185e-01
-1.004898074658093332e+00
3.161693830630563085e-02
-4.613540557316651025e+00
-1.571667394769895587e-01
-5.248009219143128234e+00
1.502621480527889375e+01
-7.666711210278545963e+00
-9.322550779755744088e+00
-9.770640906274369542e+00
3.003809108196255906e+00
4.318604568312839120e+00
4.488330259509307751e+00
-3.751871054742426992e+00
1.563696075330024193e+00
1.155898198047169245e+01
5.145607215982567872e+00
1.041118617381508216e+01
-8.183167397582186142e-02
-5.489786393170246193e+00
1.765913134016221875e+01
2.528299191259990586e+00
-1.362126526852319497e+00
-6.395485772864354601e+00
3.838999492486125931e-01
8.814771511884437416e+00
-2.461242726359894384e+00
2.730436318989197364e+00
-1.144134369113689687e+01
2.059225892023251347e+00
-7.133045809411635574e+00
8.658721016368451373e-01
-6.507902846258942553e+00
1.213078471075826226e+00
8.761116364952101776e+00
2.685470833091327947e+00
7.046193998245127155e+00
5.086837734469542127e+00
-4.662107430751794901e+00
-4.130197602054178851e+00
3.014463775127375289e+00
4.465994221014097043e+00
8.052082509293619239e+00
-5.684924623310874559e+00
7.041206450431111818e+00
-1.175602249930411247e+01
2.834812991375301294e+00
1.147574797264712210e+01
1.412014111885184064e+01
2.054445351634934358e+00
8.718809612522187891e+00
-2.105935138622876401e+00
1.363354587821467234e+00
-9.279755220501227697e+00
6.492105208006766937e+00
1.600500122886475141e-01
-6.314492770810906208e+00
4.810685396676383618e+00
-3.592328424350739624e+00
3.623787002831523996e+00
8.002632226366909407e+00
-7.679739217564214293e+00
1.013278950702905412e+00
-1.427289125866384367e+01
-1.150362787105056128e+01
3.448898188298536116e+00
8.285386752197226201e+00
7.625449131470149133e+00
2.904469940717126164e+00
8.090068612649975677e+00
8.003230822293179170e-01
2.061371665548885179e+00
-1.078854942063666833e+01
1.074746012115369576e+00
1.200368092480101012e+01
-1.443860204762087918e+01
-6.777658791347354494e+00
3.245397141827011556e+00
2.802260464837896148e+00
-8.607259138546590194e+00
1.295999819221544413e+01
-1.040636563149300198e+00
6.432768113149211153e+00
-6.447845974655526113e-01
-3.047053532567463918e+00
7.433629264292970440e+00
4.265371639105388191e+00
-2.537206899423047446e+00
6.410276591657958711e+00
-9.326820674906180386e+00
-2.850090735836541711e+00
6.439166341018882633e+00
-6.240057528989012781e+00
6.163371602104465552e+00
7.653086442432652348e+00
-1.170239894259475122e+01
1.678203229885570025e+01
2.365457724473785994e+00
-1.143297583835274800e+00
-1.993092902982451875e+01
6.538457932092551772e-01
5.402719371011576399e+00
-5.116318085517979064e+00
5.372699748728033686e-01
5.462108608854836511e+00
5.970790987034164665e+00
-1.181913043927575657e+01
1.028975642261948664e+01
1.249774210902057980e+00
-5.430959460456761256e+00
-8.778653613937372313e+00
-2.232998358713744302e+00
-1.179682258951897467e+01
-3.123106532357102783e-01
-1.661948720225241871e+00
2.324143533921978388e+01
1.032008748424372513e+01
-6.742954022877442277e+00
7.029640469248146672e+00
9.864622295275218278e+00
-5.338008398052659587e+00
5.629203580266374907e+00
1.136401961812556749e+01
-1.468459948076019472e+01
-3.302764035712609569e+00
4.800796684692181238e+00
-5.592959382595117823e+00
6.309862680770253363e+00
5.257532699794486675e+00
-2.053195003746625602e+01
-4.452232747125172807e+00
-1.119326756281292923e+01
3.093589015769951711e+00
-9.919030072861612091e-01
1.343750239161279403e+01
1.760538757085831207e+01
-7.160917678380568141e+00
-3.920090862855121649e+00
-4.959276922425697620e+00
4.240741049266910423e+00
1.326003082622066387e+01
-1.804197083359593279e-02
1.421011390478489389e+01
5.009064743281816057e+00
-5.196942290726274116e-01
-2.319940818921145009e+00
-7.771719635469523269e+00
1.232655414011280204e+00
8.227402650951917806e+00
1.450474613784715316e+00
-3.769875833981533475e+00
-7.494370128069283155e-02
8.815162718878962522e+00
8.414754975839322526e+00
-8.853873031790774562e+00
3.987878401090014790e-01
-3.146780783897419553e+00
-1.123056706080485689e+01
3.219631007825198843e-01
-2.486297518127597250e+00
7.741502155859553369e+00
6.002997737824022906e-01
-2.081290676204653689e+00
2.717566393434087679e+00
-1.580781341025157438e+00
-1.103457720371623552e+01
6.604367759110253644e+00
1.632417767670668596e-02
3.983407166594624016e+00
-1.356566642314044913e+01
2.882256702634366619e+00
5.189002573735954638e-01
1.338248474503831176e+01
2.004739918123677356e+00
8.677338604456290572e-01
-8.491554622138027142e+00
7.008223123888845052e+00
-1.058061809137060116e+01
-1.748197915433545413e+00
-2.315349328702701825e+00
6.422842743029644197e-01
2.981609430485543832e+00
-1.122219843251389193e+01
7.416771454409945008e-01
9.207634483526689451e+00
1.046000913342393446e+01
4.508577022011627022e+00
-8.689072702803894543e+00
-2.873457202849873049e+00
1.347399588284047045e+00
6.552468515869572130e+00
2.590230989142407125e+00
-7.699273227361480565e+00
2.729395762811841486e+00
-1.927753699919606323e+00
8.660245165105433074e+00
-6.096749467995530303e+00
2.647432159569819810e+00
-9.998640874502160436e-01
1.111526920108454775e+00
9.682176802677622263e-01
7.281737001851257274e-01
8.588905350475481981e+00
-6.013727046807709975e+00
1.924631286893232041e+00
-4.663070300337380125e+00
6.974711129821755673e-01
-2.477704203669262029e+00
-3.305673233272289124e+00
-8.782684591599814183e+00
-7.647524216698720068e-01
-8.005763232890718228e+00
-6.512859611205913168e+00
1.195723015918120069e+01
-7.026124072267124099e+00
-3.735519027220057353e+00
-1.678454228999149977e+00
-1.087842564395596767e+01
4.700002239679204052e-01
-2.526224067138355345e+00
-1.255971023933869546e+01
-6.150987723576428756e+00
2.201905818485886179e+00
-2.525458581217793430e+00
1.804822373181076411e+00
-1.168518031495460185e+00
5.004927846702804217e+00
-9.404931476379257305e+00
-1.418346673636581556e+01
1.056193565693895486e+01
7.745948357046727573e+00
-1.608325123457789019e+01
5.081758919159394594e+00
-1.006656870282641725e-01
-3.977281744639057592e+00
-8.950697256553231895e+00
6.564597199978369879e+00
4.026493308362858237e+00
-1.006560483205047873e+00
-8.294524958753831001e+00
7.377752176257640571e+00
3.525377592170927166e+00
-6.078551854287381317e+00
1.049068664131286788e+01
-5.500583304947985752e+00
3.694159269777021137e+00
-8.373627906993021952e+00
-1.485775311394145426e+01
-1.534110677220895447e+00
6.191060973017528113e+00
9.169647964845198729e+00
1.338088121260339047e-01
-4.923683333023442188e+00
-2.110976754364143559e+00
-2.703241969556185786e+00
2.379213895000900081e+00
6.355906391027615676e+00
9.673355766708120029e+00
6.312936783414061281e+00
2.143820511180523525e+01
2.892840155996744933e+00
1.756412665775664683e+00
1.380815028158066404e+01
9.975260769026217389e-02
-8.302035085327920783e+00
9.970039005608042348e-01
3.508540986148598773e+00
-1.878790800559572149e+00
-2.624929389539346403e+00
1.177618805625043663e+01
1.864677070204205123e+01
1.543160088042056088e+01
-9.315092118771227447e+00
1.996998029960105114e+00
1.001768359926549756e+01
1.200666994594747550e+01
9.029067148301569645e+00
-3.801689978616884957e+00
-1.351313583629047876e+01
4.236279539393112081e+00
-1.259919690109301271e-02
3.747807754332595387e+00
1.921179187937336774e+00
-1.435383168378724150e+00
4.327690717926009789e+00
-1.053114432827722702e+01
7.959323810601196314e+00
1.128606705536421728e+00
4.090043621848066913e+00
7.377573799321112347e+00
6.328035718758986405e+00
-1.458255523876724524e+01
2.479862703895846732e+00
-6.571305107227857434e+00
-6.049350449305119781e-01
4.387813900673666723e+00
1.070865589710412014e+00
-1.462327246922155055e+01
9.039903904842260474e+00
-4.879671496720910717e+00
-4.103211159451815249e+00
5.268359904926715132e+00
9.117138368687143668e+00
4.262093098193695084e+00
-1.349892997859623689e+00
4.762336363855673937e+00
6.259624589640290004e+00
2.882661906520766593e+00
-1.543562751082642848e+01
1.896144305911826589e+00
8.714379324532428583e+00
3.744493120027621913e+00
-9.621697740188043468e+00
4.756034177810093411e+00
3.877402314879763723e-01
7.087322755748373559e+00
-2.740567629979278053e-01
1.364498952389859809e+01
-2.880937990091280376e+00
8.040846904372052073e-01
1.328227953853205534e+01
3.231341634979062238e+00
-2.143971040231452108e+01
1.086892535558988016e+01
-2.635250297739966108e+00
3.313883407588211760e+00
-3.598716473984363784e+00
9.690236263230966429e+00
4.256139221231650005e+00
8.924631342121891464e+00
1.488565290014465248e-02
-1.067626969131514336e-01
1.177718172242760808e+01
1.690066909395319428e+01
7.418748308374468969e+00
-3.303893087231066339e+00
-4.073819216929231990e-01
1.789964413954709066e+00
-4.621165057810969756e+00
1.233240712313821064e+01
5.736346624469539357e+00
-5.384829877901151640e-01
2.006015555324300870e-01
-1.009005914405605076e+01
3.827290143899526598e-01
-3.736381385392582466e+00
1.069275823640020384e+00
5.977525645566912793e+00
7.512855638996103202e-01
5.683938056820933005e-01
-8.759522297321282736e-01
1.115754888962386104e+01
7.652990646501416805e+00
-4.830881337836920864e+00
9.377088730222016721e+00
1.486488768672314498e+00
-1.059752123752776498e+00
6.419852327749760335e+00
4.724997795534152445e+00
-2.232145110977551639e+00
4.566092939232974324e+00
-1.591152960180385545e+00
7.271892904175216721e+00
5.679037920981307996e-01
8.544529138257617618e+00
9.027940316201281234e+00
-6.896596729204431675e+00
-4.051999938773528598e+00
-5.089648191029455759e+00
-1.261393170046764922e+01
-5.183632261883035497e+00
-7.641330113352651665e+00
4.385015221295750720e+00
6.434653813147642509e+00
-1.086728990158173147e+00
4.568065765220878482e+00
-3.376322629118856167e+00
-5.657208461049157755e+00
-1.490183049406160087e+00
1.452731221629789182e+01
-4.261360140162374854e+00
3.229335957523272960e+00
-3.136920707955794807e+00
1.293352284976433708e+01
-5.797219544726828211e-01
-8.272954000522365625e-01
1.545075886613098914e+00
-2.693000001869777726e+00
5.659851460479400131e+00
-5.437242510152503705e+00
-3.643175562679831003e+00
7.553658401080579621e-01
6.984189484434518036e+00
-3.312488291239649385e+00
-4.250432056673444592e+00
3.724305483381356030e-01
1.766171696675513214e+00
4.380401995516669977e+00
3.031389331817082589e+00
-3.175740092104835099e-01
4.578700984673265140e+00
-3.146082729638274955e+00
-2.540618906864636983e+00
-4.953674672236011212e+00
4.028502523398793667e-01
-3.881437406528232437e+00
-3.521864018972231225e+00
1.175050278534543224e+01
-1.010444156419284534e+00
3.619108542419646746e+00
-4.354247410935764506e+00
-2.705841271690642813e+00
-1.512193646192691254e+01
-4.195301080099794078e+00
1.715509230457771039e+00
2.471137364716786688e+00
3.400645660640650103e+00
-3.534406463615962224e-01
1.146519974218143112e+00
3.231753035363471582e-01
1.434782672603703180e+00
-7.210464799600217134e+00
-5.006746211647525868e+00
1.823827828689593034e+00
-8.332488814289092716e+00
1.387098895383617503e+01
4.207379325143176807e-01
-1.882336489274131353e+01
-4.460366154105880554e+00
-3.112758055103483024e+00
1.570657741982624422e+00
1.762691083288959959e+01
-5.334079494741628125e+00
-1.821815630143088072e+01
-8.311950138118014308e+00
3.084036096743049349e+00
1.982323508330941841e+00
8.311381640262002435e+00
-1.241812631573490577e+01
1.006587871078269281e+01
-1.215717436802874696e+00
1.162367687911343594e+01
-1.103440682746938073e+00
-1.322485181202039684e+01
2.099749462002139566e+01
1.740193327083022767e+00
-3.197823194409591174e+00
-7.340535216841209021e+00
-5.272974433983376841e+00
3.932407799643196089e+00
-5.275426580014668687e+00
-1.641557755112912353e+00
-1.681435114253062579e+01
5.663304267145825577e-01
-6.003680028485788078e+00
-2.795099030559455855e+00
2.293174567910831740e+00
2.497162355249715748e+00
-1.120302154773242798e+01
1.161845478684529809e+01
-6.516478640270431555e+00
2.462914101128458988e+00
9.276130906237611384e+00
-1.376092238252874855e+00
-4.418041033617107871e+00
4.369514279817105162e+00
9.580024618412155135e-01
-9.900926052215364592e+00
-1.850354617748845243e+00
8.800345998005115078e+00
1.375128633186088134e+00
-6.392851842565806741e+00
2.904647932479123451e+00
7.821668788618836743e+00
-6.411653263880813247e-01
-6.591954945998523385e+00
-6.505085644901984487e-01
-3.216330761961892382e+00
4.061000932456894752e+00
1.178463602502430874e+00
-1.297157838145528963e+01
-1.221782351641062903e+01
-8.014166209119186757e-01
5.183187067779746471e-01
-1.234045227144419776e+00
2.153203319177487973e-01
1.141151579135733485e+01
2.880885473719008161e+00
-1.537941658587711657e+01
-8.298054632009055354e-03
1.650467363716241920e+00
-5.867874824503558351e-01
1.147801203678301407e+00
-4.858943385942048110e+00
5.994534462050116197e+00
1.320717561103674953e+01
1.281426852956202111e+01
3.014843838350698135e-01
-1.103269949120598170e+00
-3.118653995298310555e-01
-1.487104088102453758e+01
-4.708737209552547043e-01
3.553376585181840852e+00
-3.758302235446601358e+00
1.180259926090951339e+01
4.176989658434571595e+00
-4.036118406640079037e+00
4.358705729239053639e+00
7.181486435281232872e+00
4.136302129221965274e+00
-1.098156973015444038e+01
1.008624104729230808e+00
-1.068071067585722567e+00
-3.788257966180279546e+00
-2.965323109987514805e+00
1.047049771369787230e+01
-1.093898839334364936e+00
-4.748958478205224765e+00
-5.234040665674294601e+00
1.025067336919706484e+01
3.114154275983717302e+00
8.175523849046896885e+00
4.895282704245376593e+00
-5.633813108662891977e+00
4.934758456323064202e+00
-8.886903749400069330e+00
-1.887751993897013847e+01
7.759347581648325054e+00
4.295944613637520781e+00
-1.866026701854219816e+00
-8.276995991518068863e+00
-1.228278818115722260e+01
-4.328584140972499661e+00
1.492091761623558099e+01
3.327986476407181815e+00
-1.343671115760115597e+01
3.888825039138982476e+00
-5.996109253618088886e+00
-7.188650173968754942e+00
-4.283896982046862867e+00
8.380939578802326650e+00
-6.345086998002057221e+00
-4.418944436180045621e-01
-5.056442784194516094e+00
-7.799712026528849762e+00
7.137133065039710011e+00
-1.277156755237904662e+01
-1.004970738470197844e+01
1.600352558871001030e+00
3.034529557230818853e+00
-1.043554483625901952e+01
-9.076642292231255738e+00
-4.699981220841014107e+00
3.180874110956981582e-01
1.377935158254002701e+01
1.623127324541357330e+00
5.942398053839236916e+00
5.618798670488644120e+00
-4.440696898807250825e+00
-2.055083213615078286e+00
-3.842006950306611213e+00
-7.277994351314833743e+00
2.280405949340516436e+00
-2.781777426108638540e+00
-1.026829181975295047e-01
-5.531530775941483569e+00
-6.811681421469127251e+00
1.278659457506515551e+00
-5.264870752629151163e+00
4.034642625347798273e+00
-5.139384630057084458e-01
-8.239470021172927261e+00
-1.227069435158600896e-03
4.334069589545054058e+00
1.398523042414523943e+01
-4.748298947527197278e+00
-1.608023776740016508e+00
6.234886493005584285e+00
7.865677634902422000e+00
7.860829470372207695e+00
