5.253153543185719698e+00
7.391552649106772899e-01
-1.560191258089411726e+01
1.538745508180504729e+01
6.604194228783759613e+00
-3.036364182096507047e-02
-1.840360567254721502e+01
4.352756110611242235e+00
8.112279722793864778e+00
1.740925172798727516e+01
2.631030467951041452e+00
9.898361522435241255e+00
-2.872267898166747102e+01
-2.429513216535465592e+00
-1.929604334478315808e+00
6.849354962331715591e+00
9.647694982170390787e+00
-5.115229699908729444e+00
5.990528657376270605e-01
-1.745723465063826296e+01
3.613401193224597296e+00
-7.515856633606723847e+00
-4.093426781707078521e-01
9.208230475670978521e+00
-2.334764465923850452e+01
-8.616612377423191305e+00
4.961503997055928927e+00
-1.883151043997342899e+00
5.949965829103302184e+00
1.036459130471600787e+01
-2.024762905001616531e+01
4.893499696883552019e+00
1.633394562137495498e+01
9.520566336129876461e-01
-2.242300222865046599e+00
-1.428262213857805207e+01
-2.504907882767229310e+00
1.636517110610826720e+01
-1.490921249132404647e+01
-1.747552913534813968e+01
1.569066549703376268e+01
-3.204568496809402589e+00
-2.862858762956453695e+00
1.430565940447954176e+01
-5.521453633976842745e+00
-1.528184907018864447e+00
2.314891309994178137e+00
1.315017378709030638e+01
-3.833178738982894629e+00
6.882986795429043347e+00
-2.053408279337038400e-01
-8.039599534755499377e+00
9.299201497564213881e+00
-1.523559227823917617e+01
-1.179842387222017841e+01
-6.281273138465259365e+00
-7.070095194574480324e+00
-1.103919944926393093e+01
1.691655062724696790e-01
-2.621478818656608922e+01
8.301201407395190301e+00
7.038208666483272147e+00
-5.050423622509065069e+00
-1.634138471190441422e+01
-1.403144868652795030e-01
-3.640071774403661475e+00
9.870707372795745727e+00
1.824665557316390352e+00
-2.344150963327130199e+01
-1.324515702353727420e+01
5.680656637370215201e+00
-2.586540386301937033e+01
2.480504035181350631e+01
-3.558918854035773460e+00
1.455043833853775936e+01
4.271616721673517247e+00
-7.305423498640794655e+00
6.567835776382781710e+00
3.293369527598605906e+00
-3.575514447357694414e-02
1.000946884024259553e+01
-1.110566179372674267e-01
9.375603188307755076e+00
-1.447150323890056356e+01
-1.221255320559201163e+00
8.269640866291068093e+00
-3.685652180915907739e+00
2.075920880181087114e+00
6.298211867998187996e-01
-1.351161182276231365e+01
-2.776626738169946318e+00
1.478328193563190673e+01
-1.381322649883052733e+01
1.796229155664623178e+01
-1.712337540829504290e+00
5.641848699078207297e+00
-1.154039589224290951e+00
-2.032257705111493618e+00
-5.799884245378741809e+00
8.059050110621811314e+00
-1.051511835589930577e+01
-4.330084412051551368e+00
9.932869736346486178e+00
4.133794004638115638e+00
3.834120758643375648e+00
1.653498754633090329e+01
7.244866466622769785e+00
-7.277615942074367794e+00
-6.934537020305993948e+00
-2.697767045749442261e+00
-1.632181130119239398e+01
1.484103270416677489e+01
-1.746871682022820238e+01
-6.970027355688547033e+00
4.000208146334826020e-01
-1.870012199200883529e+01
-1.076525722709625654e+01
6.740046120155257725e+00
8.194528743471771737e-01
1.164939201409005065e+01
-7.485656864613011940e+00
1.742004577683804811e+01
-8.071208270147419483e+00
1.741123704599120003e+01
-1.045440211556755195e+01
3.196159400740694601e+00
9.587747345902545293e-01
3.845907884216656303e+00
1.291692696006029095e+01
2.054680620284426951e+01
-2.081584114959937004e+00
-1.131552841760217643e+00
-3.450123816511116104e+00
-1.250558786484178242e+01
3.536548000970081596e+00
-1.221645240676707189e+01
1.281461760476576295e+01
-1.200234878262967442e+01
5.795618625411060876e+00
-9.134513343509555128e+00
1.458082358318198679e+01
-1.130604189413935323e+01
-1.960052792312623282e+01
-1.873893383308673322e+01
-1.118975758469264115e+01
1.379326915283696664e+00
1.564148136862767213e+00
4.551606681552033074e+00
4.535706508624214983e+00
-1.565505751762948172e+01
5.450579609805949133e+00
1.143364183049443028e+01
-1.628936635085891638e+01
1.725499761233172791e+01
-4.529893641139248750e+00
1.275362238690141403e+01
9.888567718540466345e+00
5.051132679512664758e+00
-1.898597432188963907e+01
4.370195399793534996e+00
7.849464604475118179e+00
-1.494213457474045015e+01
-2.932733687862840455e+01
-7.033873816383623634e+00
-1.754039617633900594e+00
-1.294496510627352714e+00
2.435708487939216571e+00
4.698447800976318867e+00
7.499722756538242940e+00
9.520072027616089727e+00
2.173470280612266592e+01
-2.314280275186291647e+00
-1.063039945761182636e+01
1.510220579331892909e-01
-1.781677676968265089e+01
5.832319350390424262e+00
1.149364883510467905e+01
-9.261799109192800472e+00
1.092000306003514964e+01
2.084005845624187714e+01
7.451484056674424039e+00
-8.913696385254642252e+00
3.461018344925211210e+00
5.133823652838773732e+00
5.441943895063803716e+00
-8.062123689096004853e+00
-8.204186759928013828e+00
-1.154299229785231162e+01
1.936680065409301221e+01
6.614568518023602905e+00
-1.367224246812645561e+01
9.282070982923132263e+00
1.012906383943520439e+01
-6.674690571886228163e-01
-4.913841957745541222e+00
2.163955084152345520e+01
3.843243495195926229e+00
-1.887985851250025959e+01
7.783775634337567695e+00
-1.141015453144311742e-01
1.198791158679242352e+00
9.718742453580562213e+00
1.982666138057325833e+00
-6.706354965015888681e+00
-1.029000482749484036e+01
-1.957623922903758140e-01
-1.013019401947431675e+00
8.466457319982554353e+00
-1.178652440847508842e+01
-1.417731410922105528e+00
-6.335206857619780640e-01
4.226132405669452474e+00
2.333330506940670190e+01
-3.844409076361706035e+00
-6.395540938325352087e+00
1.257088341297751022e+01
-7.852372638390210824e+00
-6.348194555331876821e+00
7.145307074179519269e+00
7.094929482153245814e+00
-2.517498138393617690e+00
-1.507594533125851655e+01
-2.382503779922331333e+01
-1.090440771693394773e+01
-3.628278082895600054e+00
1.989806991077456999e+01
-7.302979807648040556e+00
7.412656904581879092e-01
-3.075886361012939996e-01
-5.107491349772246281e+00
-6.018801033424767688e+00
-1.623860082167430363e+01
5.445054241248383775e+00
-3.029361682266868883e+01
-1.200697559195593556e+01
-1.109641169127495175e+01
-4.872589648998916445e+00
-6.556995944787983532e+00
2.060349137916001538e+01
-9.808111938172163757e-01
-1.545091229692178914e+01
6.469512462302919431e+00
-2.136002964930255388e+01
-2.015577371217068148e+01
3.376166440141553426e+00
-1.918140530963906443e+01
-4.412379250511933471e+00
5.745848474792214056e+00
-2.019540831697261751e+01
-5.457423218954281730e+00
-1.848464133819974009e+01
-6.598374340688601514e+00
-9.008743790059215328e+00
1.030821677128732894e+01
-2.322401293707830217e+00
1.118219675333596541e+01
-3.369970892106872284e+00
3.753730739021060359e+00
-2.263486949045802987e+01
-6.371207709560018806e+00
-1.283687966657438784e+00
1.042871995490392933e+01
1.524654864660081266e+01
-1.569310339347252814e+01
-2.326663950583623119e+01
1.097269528829756702e+00
-1.919133343207172970e+01
1.368434815012160044e+01
-4.200914488266862534e+00
-2.203565132299783258e+01
-1.613256413529084199e+01
-1.423038780838619566e+00
1.143977593735609055e+01
-1.794897256548113518e+01
1.223661747178442383e+01
-2.787157428304293472e+00
-9.991282577941364096e+00
-4.427871833989171613e+00
-9.703646158536100019e-01
1.898022032330804620e+01
6.020415169359432106e+00
7.362494250542843233e+00
-1.770707703384240261e+01
6.832561985236011992e-01
-1.727511026820961959e+01
-8.362877921294783690e+00
-4.092416479901076265e+00
-1.245695611985470919e+01
-3.788528257033510815e+00
4.936942622242847523e-01
2.278809191893981234e-01
-1.708786347541994033e+01
1.427432093984937111e+01
-8.130058534698195061e+00
7.730591668430824015e+00
5.599458624661231454e+00
-3.633695453759734351e-01
-4.355101296195119431e+00
1.007590264759428322e+01
-3.182859596409315817e+00
-3.039121374241508189e+00
7.098535499439594387e-01
3.451301152934323380e+00
-5.466528911148553327e+00
-5.819218934937112842e+00
-8.743781364337539941e+00
-9.200054947367032554e+00
1.080638207633613668e+01
6.951376481873793978e+00
-3.663976771326138859e+00
2.744951489305752279e+00
-7.283814307168364977e+00
-1.885116938874413606e+01
2.693599393904890782e+00
5.721031313875392321e+00
6.436167487025928224e+00
5.854990858105866280e+00
3.882155433299566916e+00
1.073762148227447177e+01
1.190115575168866613e+01
-1.395987257985357211e+01
-1.019932329541836680e+01
2.284034131043655336e+01
2.572831094931568252e+00
-1.117259250734925047e+00
-7.206441814566897364e+00
-2.006590403182563431e+00
4.913789126512281058e+00
-1.347453972607036121e+01
-9.766259127673187379e+00
-3.567332704666011711e+00
2.718208215008864315e+01
1.303240759537033000e+01
-2.784683961245162820e+00
1.705881613872540825e+01
-2.645882473377199062e+00
-1.349007372220532908e+01
1.455825912919155085e+00
1.506605197395725781e+01
9.160703137940451768e+00
-1.007448359756496892e+01
-9.837784250745986725e+00
1.248894125124470023e+01
1.061358877573054116e+01
8.923576629848916753e+00
-8.067342979436224581e+00
-2.748783796215765740e+00
-3.874227669395034379e+00
6.215972260545648886e+00
1.581031669386552352e+01
1.607220522719653433e+00
-5.125490167906447958e+00
1.277201531143774993e+01
1.314485507139692544e+01
-1.896450550638072841e+01
-1.573665048044939319e+01
2.770187156119224170e+00
1.551604834426841961e+01
-1.023281854206577535e+01
2.491624382811988880e+01
-3.528618557649813581e-01
2.670333379474039703e-01
-1.481445500285595429e+01
1.055175149523081402e+01
-9.502338725434489319e+00
-2.659428288783324490e+00
9.286166606101495802e+00
6.123499475933538161e-01
-6.507189846318575555e+00
-1.029482844557396781e+01
3.974751929078919943e+00
8.867602555869413816e-01
2.167995970962581964e+01
5.782796808968198476e+00
-1.101544271148593523e+01
1.764212642947839527e+00
-5.099825950079527992e+00
2.385944087679251524e+01
1.359757670015639697e+01
-5.388364586081109131e+00
-1.505853720075554314e+01
3.493444831465029043e-01
-8.492019076623469331e+00
9.601233856335408490e+00
-1.996694117131681878e+01
-9.846478254802484287e-01
1.174463869238635638e+01
6.173748298855604943e+00
9.335297592260003441e+00
2.159025504604838108e+00
-3.641984032559988371e+00
-1.445658938015686701e+01
-9.224276344500177416e-01
1.481576132061255535e+01
1.108883774746229811e+01
-9.936155742088878640e+00
2.566432217433734397e+00
-4.639657222860241959e+00
-1.156117673667770518e+01
1.396783034869194573e+01
-1.555241033568483289e+01
3.282745965696145074e+00
2.332253120396361012e+01
1.490033600694681581e+01
8.630309899194079648e+00
-6.052656599338048338e+00
9.093917089679401045e+00
2.492117460643334503e+00
2.494207959411827247e+01
-2.963341685418016791e+00
-1.130844560617176420e+01
-1.288760146353726199e+01
4.449604184282285324e-01
-2.163803338639341334e+01
-1.853274826645004314e+00
3.123252803620640616e+00
-6.336714102672714510e+00
2.360857093298793785e+01
3.284931236137650146e+00
7.332818193099162940e+00
6.309503121695944294e+00
-6.296006507933413765e+00
-8.628302360235844404e+00
-5.941325860094862854e+00
-2.730886843024026689e+01
-2.906416096186104969e+00
4.863547790313687891e+00
-1.788081086011148102e+01
-2.065865347412093556e+01
1.513513144619920592e+00
1.483606490111131571e+01
-1.196248819390681506e+00
1.734548151883458789e-01
-4.513689127268718515e+00
2.221547791784234116e-01
-1.459790562760578325e+01
-1.081531533216601915e+01
4.042528563755045212e+00
2.262976329386705743e+01
2.949826401448543578e+00
-1.058741629706565135e+01
-4.073130246433048995e+00
1.144105201945071926e+01
3.618015538238949169e+00
-4.252072674093287930e+00
2.541429706290865198e+01
2.133515461858484397e+00
-4.099908642465578623e+00
-1.090176266064520227e+01
6.258885593797948843e+00
5.597797073396792999e-01
-1.808569010138491029e+00
-1.591411475353032579e+01
1.041569462437202276e+01
-1.031337101530627187e+01
-9.849342662435574880e+00
-6.261246637767272638e+00
4.396861103282033945e+00
-1.185790377878968371e+01
-4.068204928600699155e+00
5.016612348568873614e+00
-3.406751027176194491e+00
6.300028690644230878e+00
-1.835334582850310170e+01
1.479794354033995951e+00
-1.024895824267809807e+01
9.042054294186927521e+00
-2.527087836812351895e+01
2.137326443766307094e+01
1.079494989480313016e+01
4.108932847937174504e-03
3.831390003797884969e+00
-1.354118135863019745e+01
1.664069865631268019e+00
-8.833681282665523327e+00
8.862270025843782539e-02
-6.845942771998191567e+00
-1.826797665144180627e+01
1.404683293389581067e+01
1.068186338224791854e+01
2.154041043710706926e+00
8.084968250873853179e+00
-2.374705490742250191e+01
1.149670070458102211e+00
-2.367267239188077710e+01
1.760088907849169659e-01
6.247162303821140128e+00
-1.106021490147957387e+01
6.538824722963875402e+00
2.044535829479178446e+01
2.690688049758189138e+01
-1.104093473839167672e+01
-6.249670623746474973e+00
-2.092148078918370402e+00
-1.180331280701803376e+00
1.744726560692010864e+01
5.642518761979618880e+00
-1.565458517576216346e+00
-2.775153260219453077e+00
-6.344078261252794171e+00
-7.556331711406199858e+00
-1.350321156275868617e+01
2.379750584772882593e+00
1.572112922132077595e-01
-2.258423822432781947e+01
4.043606561503708008e+01
-2.458598609674922741e+01
9.893272588639803189e+00
1.275364432426576400e+01
1.095367249190924319e+01
-3.458950120571861575e+00
1.067658263991450518e+01
3.810169685407704510e+00
-3.889198392954762440e+00
5.159619468738996240e+00
7.688587976027346116e+00
1.409132719595265826e+01
9.556008248368572211e+00
3.493892999222881102e+00
-1.468089420275679657e+01
2.327107682521196264e+00
7.150354477181137369e+00
-2.775649917091809016e+01
1.484125230499189918e+01
5.028035213226178968e+00
4.872079115394031490e+00
-4.094705295247631938e+00
1.372117238522376548e+00
-5.668659177840940977e+00
1.911814176056259384e+01
-8.430397858720118265e+00
3.035163831625763198e+00
-2.712484799023310700e+01
6.664745111019974466e+00
3.525103120300053128e+00
7.098879250590497847e+00
8.851395158366713645e+00
6.789164436915507750e+00
9.449387438876536649e+00
-3.567889749991489001e+00
6.785825428856480990e+00
6.326599807839505374e+00
-2.338024483516158547e+00
-1.510627324893460255e+01
4.410217536877792277e+00
-4.185031100327138986e+00
1.812523094640458865e+01
-1.481272350481798616e+00
7.239361411298381732e+00
-1.824613528678868235e+01
4.348216476164637356e+00
-1.297690502471648166e+01
3.844248012896195554e+00
-1.527772962432437787e+01
9.581820164664133443e+00
-8.499935655207199403e+00
1.302527516315413525e+00
-2.048202779161075426e+01
-1.263313904337903892e+01
2.686784667588002051e+00
7.948610684726177489e+00
-1.336326573383361094e+01
-9.611933983460245301e+00
3.470690479462096079e+01
-2.013367960232493648e+00
-1.221009697129734839e+01
-1.503532488757005225e+01
3.621912508438851930e+00
-1.236503014760350005e+01
1.168988727635483293e+01
2.357362997038113139e+00
3.593511749651849385e+00
-1.182112916658348212e+01
9.243206056653136216e+00
1.008345178486023386e+01
-1.829192934826026473e+01
5.621737917917865701e+00
-5.395227209732957441e+00
-7.369909821198046274e+00
8.416170082019268861e+00
-4.406714060065787919e+00
-8.856175528027691257e+00
2.434921695721742996e+00
1.678278655252567830e+01
3.440957961857309844e+00
2.032591729056890628e+01
1.192298586416037232e+01
1.937163668396947358e+01
3.067752365190233199e+00
2.699141149070224088e+01
8.787075410121570229e+00
1.199812949894109160e+01
9.689003134672788065e+00
-5.867551774954460342e+00
2.994620518970846579e+00
2.431910123074187080e+00
8.319608889084909364e+00
-1.683591540257716801e+01
-1.417421643029370415e+01
-1.714504635227239149e+01
5.160181391367995474e+00
-1.893317329628172274e+01
1.862441093757913002e+00
-4.531714958903227952e+00
1.154506239146953828e+00
-3.147601839287130776e+00
2.757390975023692459e+00
-8.786343064915119072e+00
-2.217793424219152598e+00
-1.623610681825389790e+01
1.565101695165510698e+01
-1.491330938878719081e+01
-1.645589293968953726e+01
-9.276832925338208469e+00
-7.159637015974233520e+00
-1.554609491080548622e+01
-2.558999644030051979e+00
2.146431801512266535e+00
-3.872607495470186123e+00
-2.030512944084609472e+01
-3.953247040287557468e+00
8.555520087781506078e+00
7.507082284554952301e-01
-8.678126686674820789e+00
-2.072370805192668808e+00
9.464138683312221190e+00
-6.124617479208311011e+00
1.392356181921852709e+01
-8.429900649273761815e+00
9.495293280919350210e+00
-2.491221517077681824e+01
-7.189251520602627288e+00
-9.188656978563676248e+00
-5.311310875856819713e+00
-4.660972845064732084e+00
-9.085795235992637942e+00
1.168735992333857165e+00
-3.131792870766461956e+00
2.439805686001287111e+00
1.023496915192160372e+01
1.006010788340418394e+01
2.587290904284920501e+01
-2.175897872968353752e+01
-2.157027617060047220e+01
-1.820087050121457217e+00
-6.960462736834557296e-01
-2.261780240368021921e+01
-2.723626602900485238e+01
-2.985016417844859937e+00
-1.289621861978942619e+01
8.619501421705930255e+00
4.472115210092226789e+00
8.208731181472385785e+00
-3.332407736384816577e+00
-5.177308353311458333e+00
5.231999574459651470e+00
-2.245209516497234770e+00
8.673747900628274721e-01
-7.237197756537486981e+00
-1.552515947721401801e+01
1.535603378790214713e+01
-2.550533122881210257e+00
1.666928185523331152e+01
4.689290809003537674e+00
3.040003084808966971e+00
-9.737537465847843521e+00
7.201226140416902011e-01
-3.694928859363545204e+00
-8.763667483142345560e+00
5.420644329881143975e+00
-4.576963000967102957e+00
-5.904098394514407211e+00
1.463378454461624756e+01
-7.022088922436882097e-01
-5.243225040462331066e+00
1.811841788366712436e+01
-2.371717030190859887e+01
-1.538633097507196013e+01
9.379595236433534211e+00
-8.932544541105606584e+00
-3.450519828895214580e+00
-1.853512140467429248e+01
-6.406000963194392606e-01
-1.288920909036200380e+00
-2.557298454974019819e+01
1.134009948646450638e+01
-1.155131808613195155e+01
-1.496664596167515349e+00
4.672188156897559841e-01
-1.011450074499660845e+00
2.636280980384716344e+01
7.166058601127057059e+00
1.329454361026559184e+01
1.662716941821452465e+01
1.493460880086095699e+01
1.469565060885716079e+01
1.172569757960173220e+01
1.188537365489214359e+01
-1.067435616964759681e+01
6.753311498266961976e+00
-4.917104618024710661e+00
1.285762289277913872e+01
1.865376907092469949e+01
1.614141053315210783e+01
1.584290019415455220e+01
7.730905340204573761e+00
-1.241620414131668149e+01
-6.377703819005227537e+00
7.177920707951368051e+00
-2.171710781697287729e+01
-4.307500129227314289e+00
1.205227660749991614e+01
1.955708311541699729e+01
-4.419707868304411646e-01
-1.578513348069247790e+01
-1.746234766199045296e+01
-1.087290888703642722e+01
-2.264101996200954403e+01
3.662821542209864223e+00
-2.519287954555827724e+01
-7.918471881891971931e-01
5.704754112420777901e+00
1.575892682071374651e+01
4.653216800489803795e+00
7.528342742298196555e+00
-1.041356452740352800e+01
-1.498046578541022633e+00
-4.496333589072872172e+00
-1.723058905317946810e+01
-1.472360586421098283e+01
1.114239900452509247e+01
5.874058653840190658e+00
-3.098018554525158397e+00
7.941553968415134612e+00
-1.103465539468559165e+01
1.295382738505160880e+01
-6.533981276013983930e+00
3.638212723625148026e+00
3.127596955749611052e+00
6.947191172050050767e+00
-1.118750290227850108e+01
-1.088827867805714167e+00
3.303383752405067320e+00
-5.871199771317583860e+00
-1.537278634745452699e+01
4.374394744995322881e+00
5.119896665111412837e+00
-1.705815706751067395e+01
8.510807391557987600e+00
-2.200838335411610114e+00
-6.877229276948841452e+00
-4.403366769766602573e+00
1.951402883043388314e+01
1.408335915245036762e+00
-9.061292297198823675e+00
-7.247083597027653035e+00
-8.538925464767089579e+00
1.063723032790530354e+01
8.832835860068461997e+00
2.691564780286778369e+00
1.829267635220069366e+01
2.043127335208524187e+01
1.546222968021873356e+01
-1.616497120055655046e+01
1.973596444509765746e+01
6.044745620107886630e+00
1.075921274459480870e+01
-7.483728753395757494e-02
-2.730625220228732530e+01
1.412472953469364256e+01
4.739774940144290127e+00
1.247241980750874646e+01
5.250603095488687977e+00
-1.997996679527648212e+01
-1.235785194032382073e+00
-2.149600138718421594e+00
-3.882680223329475933e+00
6.886413625802013883e+00
8.676637979377346710e+00
-8.313700708614812029e+00
1.669104453245571307e+01
7.866741692876120240e+00
-1.026112260730766579e+01
-1.566694103417231698e+00
1.700650763791176345e+01
1.308558713680680441e+01
8.960314942785739589e+00
1.144329342925871851e+00
-8.251959628406796199e+00
-1.326528605034198094e+01
-1.117364288918388837e+01
-2.717703428262402188e+00
6.758698847792533826e+00
4.216590306977809455e+00
-1.452076442878800577e+01
-1.592971367675030692e+01
-1.037377893843897070e+01
7.741239684107944719e+00
-6.476564687599685399e+00
-4.403736754385318974e+00
2.272906077707126382e-02
-1.000482291194617446e+01
-5.423299849098243364e+00
-1.023007817329754654e-02
9.614507692210683132e+00
-5.434916809242752223e+00
-2.173340647543756177e+01
-1.833566987744983123e+01
-1.787425499141875207e+01
-2.764754020756444319e+01
-1.668270342014826113e+01
-8.402042423113496028e+00
-1.461104206251524484e+00
-1.589245090558445206e+00
2.288232180079579070e+00
-2.655740158406192108e+01
2.362450913513934658e+00
-2.597489593140168651e+01
-1.389618583865852131e+01
1.340213859405562857e+01
1.318316731099466033e+01
-6.440340020650347164e+00
-9.045326897073936223e+00
5.013723045529329347e+00
4.063206407265124831e+00
-6.944456218199863251e+00
-1.061143690732248857e+01
9.495462630204080767e+00
-1.576978142932884275e+01
-1.086853311967371738e+01
7.394035730034081766e+00
-1.215167696975264278e+01
1.472529836512071455e+01
2.053549122858169440e+01
-8.553047368616963908e+00
5.779568615776454088e+00
-2.592300165768607556e+01
5.599888251395932492e+00
1.568393076820965293e+00
8.823802639923803426e+00
-9.231960486485329298e+00
-9.826563517896715894e+00
1.331644134061669504e+01
1.282718950572515837e+01
-3.040689595844175130e+01
1.158634086343425551e+01
-1.054096868174056389e+01
6.132619749322081315e-01
1.292055846680866793e+01
3.880308645412918089e+00
8.341557705427286251e+00
4.846729736315669723e-01
-7.591970969268112768e+00
-2.990538448248005743e+00
1.368907270715518365e+01
5.322361381001915248e+00
2.986472231364367858e+01
7.962105261601825079e-01
-3.063083118275302663e+00
-1.168889689938984944e+01
5.841447056389027281e+00
1.558361611711263706e+01
4.123292170107986543e+00
-7.632117579747542457e+00
1.748207614027759860e+01
1.138892499654137414e+00
-7.546421283419718407e+00
-7.537982025507772299e+00
2.400607517956910186e+01
9.082224303980343194e+00
-2.252368107271207265e+01
-1.901620881998641366e+01
-6.559022999467009285e+00
1.011332098328177231e+01
2.464404904037456134e+01
-3.589235549469294462e+00
-6.430252928890799247e+00
1.112116305180582643e+01
-2.595522282717490192e+00
8.107166959091388847e+00
-2.424423771094306179e+00
-9.861478561164094714e+00
1.819574003199700485e+01
7.538373404181390569e+00
-1.436203797233904789e+00
1.639774789598258664e+01
8.177057962272989755e+00
3.744724293412919458e+00
4.271356879482856250e+00
-5.965564932855679459e+00
-2.079977045680072933e+01
-9.670369340372154454e+00
-4.675869953486923691e+00
1.032139869132152299e+01
-6.409566648479926521e+00
-1.830964698291688819e+01
-2.479014338434766263e+00
6.346064264790080678e+00
-7.467509984559439928e+00
-1.268928010535248774e+01
1.038834310619654744e+01
8.426915197420830950e+00
6.495991435880307918e+00
-4.225607166119376146e+00
-9.729381346615253889e+00
6.277055202986467464e+00
9.034385342236037175e+00
-6.704724338537046968e-01
1.690250769090483729e+01
1.684202950316837644e+01
-1.752574561215509164e+01
-8.786329867426118767e+00
-2.017604293005863170e+01
-2.708514373728112190e+01
2.468800090735471997e+01
1.412293147650230729e+00
1.954078988264075534e+01
-1.039467033381780148e+01
1.900493940997055731e+01
-2.900581489969513704e-01
1.184836225493660855e+01
1.857253855116508490e+01
7.301679597766802532e-01
-6.423682723413455253e-01
7.972794985306030036e+00
-2.341333404263295037e+01
1.257203100511016380e+01
-1.734362003487451176e+00
2.198979749707871356e+00
9.123069469853772873e-02
2.134146747081941520e+00
1.355052760924587218e+01
-8.620142341221049165e+00
-1.553866768897578154e+01
-1.499508891525886689e+01
4.804225394405312599e-01
2.345277570681491852e+01
2.161622830781701055e+01
-5.714185641490288958e+00
-1.264771122948685722e+01
8.113265814531953168e+00
-3.023230335895467302e+00
7.379100750439321565e+00
-1.443452931406265094e+01
1.270789227010232381e+01
1.848192480117142011e+01
9.745270584996083230e+00
-1.022420722269304605e+01
4.229334663385394322e+00
-4.106049299579976442e+00
-1.214658400442750086e+00
-1.073727571856019125e+01
-1.124574306627642351e+01
5.194999804097973239e+00
7.281135168980959804e+00
1.083316205133284882e+01
3.151538274051101318e+00
7.678314140940056820e-01
-5.992340637997947361e+00
-1.382315355565936521e+01
-1.308297049901802289e+00
-5.517078114101854780e+00
-1.392665643042838397e+01
-9.794784865524260198e+00
-4.444136595043794991e+00
-5.571215118136956690e+00
-6.796163775787285033e-01
3.782398413802195769e+00
7.351797535944108120e+00
-1.051445517416918385e+01
-1.520521860300413231e+01
-1.634010497854185839e+00
-3.582115704042942550e+00
-4.098412539607322991e+00
2.064690672434859930e+00
-2.683757159366945366e+00
3.422250492704372249e+01
-8.750615541168496492e+00
3.185426579042443862e+00
2.895910596034795503e+00
8.591642099902045970e-01
-1.045018496773029071e+01
-7.937426499618798204e+00
-9.847716499271751189e+00
1.055532271829025248e+01
-1.555231079285883311e+01
-1.624455879998455998e+01
-9.907523935515740732e+00
9.537927367833097136e+00
1.843920371071393305e+01
-1.376118083731352471e+01
8.012529759147588138e+00
2.272802624635790991e+01
1.609521023259177497e+01
2.059843045984488086e+01
3.694322096460482818e+00
-9.177735374350856290e+00
-1.481798538628401052e-01
-6.208885450948704587e+00
6.495570383510612444e+00
-6.225408065026639903e+00
8.861448063292607813e+00
7.183045897898673537e+00
-1.533634733921119819e+00
-6.466249925485890060e+00
-6.633722023503513476e+00
-5.481533630338955021e-01
-1.091463067822175503e+01
2.396939768330256726e+01
-2.446743641332576757e+01
-7.373957311702743489e+00
8.197023945160204494e-01
-5.066601097322307901e+00
-1.125198580925360581e+01
1.458270127362700030e+01
-3.313470840255664518e-01
1.084855691865155691e+01
-1.731239311618519494e+01
-2.238561571465712774e+00
-1.758874891231718252e+01
6.121764365602703428e+00
-3.962843781857232628e+00
-3.474031005361020163e+00
-1.914308678485216575e+01
-1.755069154490610117e+01
-7.574983446478512406e+00
-1.019765111056341311e+01
2.955390371073043099e+01
-5.063932616577840662e+00
1.270982494261834361e+01
-2.026565412681947898e+00
2.043493926551828110e+01
1.623843110717990612e+01
-1.819843104211482299e+01
7.190421882645060769e+00
4.639749838561215256e+00
8.212885033961349279e+00
-1.238792811954694173e+01
1.757291519423723614e+01
3.193234966731689184e+01
-6.349318680916776536e+00
1.989612601528652158e+00
2.556143140321237439e+01
-1.132129471421013278e+00
9.078558121636474354e+00
-3.046067735263006071e+01
7.692731925881832744e+00
4.824729912047746261e+00
-1.509358665606143290e+01
