4.927265176219147724e-01
-1.027947181786903208e+01
-3.483030626459713730e+00
2.940727811997490448e+00
-1.477457343032537018e+01
-2.729841765449889657e+00
7.307684371286534031e+00
-1.003141152291677862e+01
-1.395937257153443767e+01
-1.089161988286324423e+01
2.826135183507861193e+00
1.120262778496380118e+00
4.190997711100942880e+00
2.675339170553750812e+00
1.426257616903470549e+01
-9.350209444339318665e+00
-2.136923880042244761e+01
1.072080088312041823e+01
-8.486314729654329980e+00
-1.356599787912163002e+01
2.597744260081085166e+00
3.105033782800278974e+00
-1.774639051217528518e+01
1.121839033691005483e+01
-3.694294767011856440e+00
2.095247375765363351e+00
-6.809063187997493216e+00
6.876301406106946956e+00
2.849309444866290786e+00
4.785947015710364738e+00
2.765043076979924130e+00
-4.992258513276603082e+00
-2.569167438197068609e+00
-1.857500008020138793e+01
1.173304099369965314e+01
-5.387750067622642192e+00
-3.317395393857298203e+00
-1.221860805240649483e+01
-3.051030116973514339e-01
2.838069864267495301e+00
5.591384293304071385e+00
-2.740689081707447627e+00
-7.090648224809955380e+00
-6.426661880799759530e+00
9.916218957805083889e+00
3.828553058938023668e+00
1.932737228864271462e+00
-1.449488581930012066e+00
7.185342995011624545e+00
1.068747896501605332e+01
-1.205196299831159834e+01
3.214797359811027988e-01
-5.568469770881243619e+00
1.102331545475850305e+01
-4.712134853462057293e+00
-1.619597129151572279e+00
-6.754535109330550569e+00
2.149194313145397217e+01
1.481689055960975665e+01
-7.090513434302639695e+00
-1.876081182496625033e+01
-1.080387159640240569e+01
1.165293453762897435e+01
-2.112425054478578978e+00
5.191201908794370823e+00
-1.824711789352183811e+00
1.006652678220788921e+01
2.171566029026463340e+00
6.311672713502761489e+00
7.192233046750243552e+00
-1.928800868391776113e+00
9.325066214346348303e+00
-1.016522648179076072e+01
1.484426132256566433e+01
1.090829298216160836e+01
-1.819797746301190244e+01
-1.524742091739715910e+01
-7.924599206129943951e+00
6.320910649754703847e+00
1.355459523616774220e+01
-5.012992018342824707e+00
7.564338767848481027e+00
1.103600538290351807e+01
-1.437022848746895676e+01
1.292676605207328855e+01
8.325573012412554874e+00
-2.109904554465176929e+01
-2.862162623578199394e+00
8.919502255105408395e+00
-1.624188034971072625e+01
2.096188042294715359e+01
1.008238881132865039e+01
-1.463789277155383095e+00
6.151566946266243008e+00
7.706709512870211221e+00
-5.641431448817797900e+00
-5.207059526212871603e+00
-1.168040604443439712e+00
3.925484687682364360e+00
-6.558097175007792101e-01
-3.386888711819347364e+00
1.485530411246029692e+00
1.358794438402925797e+00
-5.206626016547900804e+00
-3.071465095679775104e+00
1.815775779953611835e+00
-2.037005563201159219e+00
-3.096716987338789195e+00
1.055187475526621199e+01
-2.189973091664582938e+01
2.635067461630844932e+00
-1.622940521028522198e+01
7.349106225109468760e+00
-1.594232628758715187e+00
1.194598539156280914e+01
1.236495746047414812e+01
1.953844233916372242e-01
-3.745039602061570605e-01
-6.384628200249201413e+00
1.275799484905822467e+01
-9.074345749143176931e+00
-8.047772449544302376e+00
-1.978277160902829568e+00
4.553379692659469846e+00
-3.120378995239389219e+00
-1.681967609954228493e+01
2.040469833119327170e+00
-2.911018714042810984e+00
7.531023800016486192e+00
4.298086005492533168e+00
-6.455681411693149130e+00
-5.859473451736745275e+00
-1.390787548244507477e+01
5.395650870567921586e+00
-6.590330375919748462e+00
-9.107936746729754063e+00
-4.962857085881955399e+00
1.118802937779915929e+01
-7.519585589871780051e+00
-1.581353137981777124e+00
1.160468008202536438e+01
1.618432358144570093e+00
1.286204323279408612e+01
2.066696026122730734e-01
1.951248326343669603e+01
-1.147293347601713087e+00
-1.555529541173529218e+01
1.921202325236071218e+01
1.694145375846343882e+01
1.181922155585449907e+01
-2.130248196816998885e+01
1.078849610380417445e+01
-7.708181716138658324e+00
-1.042665484473235082e+01
6.025116571065368021e+00
-5.805624741864641614e+00
4.109529962842012552e+00
1.035091457481723154e+01
-8.539200503630270944e+00
-5.544939491252096175e+00
-1.137472702767673738e+01
-3.820931755561732590e+00
-3.015378279035767051e+00
6.612162603510632231e+00
-2.744869916879026039e+00
2.593020055708008442e+01
-8.638423300276436123e+00
7.668406774806986625e+00
-8.228775096441530934e+00
-6.404706987141308261e+00
2.349693821335782573e+01
-5.035776297635097265e+00
-5.897447380748507939e+00
1.440663608156382303e+01
1.431743779996564570e+01
-4.385003593968814783e+00
-8.096954450532978242e+00
-1.781600026464730258e+00
-2.066607053976084529e+01
6.055473263832475972e+00
-3.596202559267500654e+00
1.385662928412854278e+01
2.209038059435862067e+01
5.963181573387194234e+00
-1.493956890994148701e+01
7.266173752843120504e+00
2.030464716139525905e+01
-2.647741265046079207e+00
-5.922640688783134877e+00
1.575726646728601743e+00
5.082662795927989308e+00
6.203121944296822399e+00
8.790461101329906768e+00
1.173148042236242183e+01
2.857655499378492081e+01
-2.058626530786780506e+01
-9.476578865029489762e+00
-9.114576460065306307e+00
-9.104642747375621958e-01
-2.170344363975195145e-01
1.606972781934920214e+00
1.169859788379115084e+00
-5.941387014383535004e+00
-6.884266351156687058e-02
-9.670182571753560552e+00
-1.086069161743366784e+01
4.404495338096930945e-01
-8.347576892191723275e+00
6.175155615609998705e+00
-5.582816566627427868e+00
2.080320605940551459e+00
-1.831080051932169184e+01
3.597154114629947053e+00
-4.463430277126227530e+00
9.208967627828322122e+00
4.262212235797787407e+00
8.124912184003562743e+00
2.064810913566549111e+00
7.775634200375948879e+00
2.078020384184879443e+00
-3.389476091352045195e+00
-6.047104519101094589e+00
-3.578179911098369193e+00
-5.134132446115734716e+00
3.635491826147999372e+00
1.413844768035369626e+00
-2.421579358011613436e+01
2.438537606747591013e+00
1.145377774120927050e+01
-6.612046082392918578e+00
-9.067056049178849886e-01
-2.061802692895512834e+01
-2.458915792536922851e+01
-4.359878727425062550e+00
-3.042551554856609997e+00
-2.974781444576647615e+00
2.324005618876493706e+00
2.411004851385065706e+00
-5.203017416061765488e+00
-4.790828793924519324e+00
7.322096310220139515e+00
9.235739994607820691e+00
-7.080933457576942480e+00
8.377568489612080782e+00
-1.001698969297434161e+01
1.991633858061344142e+01
-1.786522078601258556e+01
-1.918790430426480143e+01
-1.168820156638245678e+01
-5.112552242664216706e+00
-7.337950139380467363e+00
-1.083282578121115947e+01
4.245641071818803347e+00
3.496948850427180844e+00
-7.985621653255489782e+00
-1.015441196495858378e+01
-6.484693144484915628e+00
-7.491984008637968540e-01
-2.066856423771017415e+00
1.313464214380151418e+01
7.863955100571561552e+00
-1.543835963718678705e+01
-7.144947783173787315e+00
1.249829106280349045e+01
9.706585422157722576e+00
2.042002571678134815e-01
-1.162328335369185872e+01
-1.101133743786405006e+01
-1.530266420852687759e+01
4.607892192109179774e+00
-1.513213519109501526e+00
-5.994239179633969350e+00
-1.734530105405772904e+00
2.228881992725914252e+00
-2.436838700907647492e+01
2.250371501337917834e+01
-7.693236550350395220e+00
4.441014293190528761e+00
8.912471951030875417e+00
8.586605017778808246e+00
-1.756589122311319251e+00
3.170820247095869959e+00
-1.214392664595659177e+01
-8.845939692377998043e+00
-1.176508800539063948e+01
-4.760498498355724806e+00
-8.668457560524842620e+00
8.651845505796508462e+00
1.459530021694185287e+01
-6.415877029331093162e+00
-2.203776799746661297e+00
1.213120068282084851e+00
1.053726682675506066e+00
-3.098225933502077201e+00
4.728662974066160096e+00
-1.118927686469177729e+01
-1.246057611428362799e+00
-5.873487338097391763e+00
1.623995899299983137e+01
-1.644353782303544875e+01
-5.446208182258792441e+00
-2.760605058420038116e+00
3.977565290767153261e+00
-3.590857482090739961e+00
-4.993954398033938702e+00
7.476826276166648633e+00
-1.785533390492893346e+01
4.988702463214158556e+00
5.686384197504510851e+00
8.225248288971903632e-01
1.411077178390557663e+01
6.489187663270063133e+00
7.531565081080524138e+00
8.911729252299103177e-01
5.027707115322335163e+00
1.639739361965953179e+01
2.059272217962069718e+00
-5.290000033663974754e+00
7.059943287760763297e+00
6.345537548634759162e+00
-8.802947398235893672e+00
-1.493385778877082970e+01
8.675805529032150076e+00
-2.043612838683355193e+01
3.919228021135925388e+00
1.690562433012099675e+01
4.268292075283413922e+00
8.520977204685966200e+00
5.621202726628416357e+00
-1.090959433907958598e+01
-1.090540611585090858e+01
1.002319471012223673e+01
-7.169601098730913336e+00
2.017837942374313798e+00
-5.873504700578915383e+00
1.129573006738481489e+01
1.930175778093462524e+00
-1.003641426797886993e+01
1.083099181743711270e+01
1.694240607440156410e+01
1.373144537518282959e+01
6.408092078857659857e+00
-5.310348074334154234e+00
1.084759087721886139e+01
3.842642192616604557e+00
-1.326042264866128084e+00
-2.055177018835341229e+01
1.457758278910318062e+01
8.377183927037176403e+00
-2.177939270893326285e+00
1.940729910997998298e+00
-9.668051538937195488e+00
2.686155976213577290e+01
-3.425664070363288793e+00
1.254729333490206145e+01
9.827475621995859001e+00
-6.402515737625066095e+00
1.431653159680574383e+00
5.758579988117793480e-01
3.800816820883038183e+00
-9.417248097130032747e+00
1.152345178007286464e+01
-8.355501139608685346e-01
2.169660501661538454e+00
-1.747743294212438414e+01
1.946235001027785794e+00
6.062176293265013172e+00
-1.819682336161258007e+01
2.076445866393689244e+01
5.951522538915787308e+00
-1.159085357527164462e+01
8.383586800366623848e+00
1.986961814715086039e+00
8.793258367939349451e-01
-1.751580948274044403e+01
3.878415809318103147e+00
-2.256434367573362465e+00
2.143258625145401197e+01
-1.399460484555318196e+01
-5.620950903585065994e+00
2.098906770548325529e+00
4.656872200732305345e+00
8.880896455025247604e+00
4.296177693083396143e+00
-1.154893445356991144e+01
-6.829500394280287878e+00
1.377518469734438256e+01
2.278737945285459077e+01
-3.544141085969380267e+00
7.053120383259559034e+00
6.104042758476100339e+00
1.831800232012377405e+00
-7.972402869128208280e+00
2.252353742051749208e+00
1.848341744587904500e+01
6.971735143319852668e+00
-2.121683918211092923e+00
1.610700984428141425e+01
-3.369965071520585553e+00
1.317253999539894416e+01
4.123617140377099588e+00
1.875636962901820937e+01
6.272801402671322357e+00
2.278839808507935771e+00
2.511993266102316724e+01
-1.253928800134850619e+01
5.225354648964642301e+00
1.364021074638698039e+01
9.976286759611248556e+00
-2.195660109112828806e+01
8.058721213563737606e+00
-8.462355650301434551e+00
2.224508115698901278e+00
-1.429404624085213449e+01
1.524534340362445839e+00
-8.420968239497033991e+00
5.065466438868953425e+00
-1.400358632390653746e+01
-5.237690986266942128e-02
6.711677228308371213e+00
-2.326864973606991960e+00
3.303437956010754739e+00
2.202819320636763578e+01
4.093250635845449459e+00
1.183462947130160714e+01
-9.812153281985596109e+00
2.169059136206986427e+00
7.476336834293149103e+00
-1.666286978476470537e+01
-1.313202449147428297e+01
1.812799318336035981e+01
9.081806134609619718e+00
4.544874669671833622e+00
-1.396288556896009725e+00
-9.252190435369499255e+00
1.279009810758463495e+01
7.115993260404143150e+00
1.451155578413420599e+01
-6.188763237272857154e+00
-5.613291564914111298e-01
2.057993508054277498e+00
3.076278428391324926e+00
9.301232009318960436e+00
-2.185842312712571101e+01
-2.828333862039342605e+01
1.533635425841809896e+00
-9.498797221004733338e-01
1.855082675497837741e+01
-5.956530405117099747e+00
-1.280222050078135432e+01
-1.577016926224534110e+01
-5.922834593327111818e+00
-2.915344841630840289e+00
5.338750205676194405e+00
3.928229119228022093e+00
1.408191770007677945e+01
5.238689864353707204e-01
-1.271591646483849658e+01
9.841334047081627956e-01
7.926829956424044532e+00
4.055975649176754017e-01
-1.473455422539187687e+01
3.444176828248106226e+00
1.298132168181739665e+01
1.405620588648795177e+01
-9.262172236139516457e-01
-1.000320201270119114e+01
-2.741304648540474176e+00
-9.231846724726047171e+00
-9.872812034011431592e+00
2.316667285449810265e+00
2.708831208677459745e+00
-1.162974861242499003e+01
2.102501419113268266e+00
6.159897938788763128e+00
1.183561100169800717e+01
-2.177202046863596863e+00
-4.788955995845052271e+00
7.084071016037207791e+00
9.021624801882822453e+00
-1.544663925178605091e+01
-6.371054682942802749e+00
-1.033431312583018125e+00
2.175264263010856070e+00
-8.009047011041216635e+00
-4.435064907663028855e+00
3.477384558381285462e+00
8.317401671830875642e+00
-1.349304941945050018e+01
-1.541912465024425138e+01
2.155781826420396730e+00
1.183876740114328996e+01
2.132333235462536436e+01
-6.055616171440455275e+00
8.382392884828190560e+00
2.935986716871656466e+00
-9.260465477343705620e-01
6.193726959755670336e+00
-4.343267506768528463e+00
1.666307706403532762e+01
1.586137379816124460e+00
-6.677099180829337843e-01
-4.659438155998535613e+00
5.854120307036883908e+00
4.353237180382489413e+00
-1.794562137616777875e+01
6.973450371669050796e+00
5.112107551544286643e+00
9.896501484936312210e+00
6.292324696149790952e+00
-7.033924626308854400e+00
-1.552118001070628495e+01
-8.139216536075766228e-01
1.576662540684291569e+00
-7.342922223777762269e+00
2.361225321767947527e+00
-2.176942672987074445e-01
1.675118507495221509e+00
-7.226665622176545511e+00
-1.194893283232345738e+01
-5.288069307178693279e+00
-1.481994209584513733e+01
1.699762153249861907e+00
4.621673165041926268e+00
6.704246270248384931e+00
-2.112787691105505683e+00
-2.070733551589452404e+01
1.265870870242887136e+01
-2.034143500909496538e+01
-2.912570149474827286e+00
6.994727069106501105e+00
1.841677186156270807e+01
-7.703755922586575267e+00
-1.672165587176375823e+01
7.888120842537543531e+00
-8.737801836434233138e+00
-1.777502026015976622e+00
6.891397099812861526e+00
-1.602796297200627995e+00
-2.758673311053841282e+00
1.444673013231300018e+01
8.140955408815385042e+00
-4.003993895383741730e-01
-1.842786232671755453e+00
-6.153541992907893388e+00
1.399731042210228038e+00
4.856641111329865979e+00
1.289543794013451006e+01
5.374834902631993316e-02
-1.909481013139612671e+01
4.872311444513914402e+00
-3.204536554561622452e+00
-7.824040337956121860e+00
5.283544250664109487e-01
-5.074001440796945595e+00
-1.477784577913942776e+01
-2.277533016645014285e+00
-9.520336571360919820e+00
5.930105187526428345e+00
3.719170068424939579e+00
-7.901996678014212350e+00
-1.450851028347286231e+01
-3.181610764233131050e+00
6.071511729870143093e+00
-9.965491792240527502e+00
-6.950780326936562226e+00
1.115699672921432350e+00
-2.526124347826066430e+00
2.572289237441078402e+00
1.892959126330755026e+01
4.129483032605416604e+00
-4.075142405503150655e+00
-3.506270517440820189e+00
2.155592451803690413e+00
-3.535774198879090502e+00
1.186585026648649954e-01
-9.809603575705018841e+00
1.403164335568416554e+01
-2.368481735349386241e+01
-5.265642621792321343e+00
1.773035029395061102e+01
2.193996826678836953e+01
-1.831932604245047713e+01
4.077395335026020362e+00
-2.059923735829271862e+01
-3.426674518939028857e+00
-4.593307165674646697e+00
5.727190829330607080e+00
2.944436000179995738e-01
-1.458722483505102474e+01
5.122872646162095478e+00
1.337867585492481304e+00
-7.478662811381358466e+00
-1.172812036742049102e+01
-1.365247495103913078e+00
-8.600886771047772328e+00
3.833895314167042656e+00
1.791089160506409872e+00
-4.642914217773190799e+00
6.017486827279657113e+00
-1.179902423995610228e+01
-5.911535167083586728e+00
1.634748227231656514e+01
-1.179026617048025827e+01
6.435037203868797739e+00
4.075709678485740284e+00
-1.227577948940199448e+01
-3.707925196503583098e+00
-2.251770123800639922e+01
-5.797305638010186613e+00
-1.171953955701035532e+01
-8.657708970538466886e+00
1.754317485884814687e+01
8.279229820565619846e+00
2.069204047513872879e+00
1.490724790729037252e+01
6.753036639191766000e+00
7.564751064993858520e+00
-1.925663547976744105e+00
7.698756093538619005e+00
-1.752432032632801651e+01
1.358656732099427611e+00
6.549844931606177312e+00
-1.262818164585213765e+01
4.010057656957626726e+00
5.811879779919010502e+00
-7.938500824067198813e+00
1.966381040602731112e+00
-3.641157231290452323e+00
-9.077729024464465724e+00
-6.536087842841433293e+00
4.919401969764798821e+00
1.352842716934223510e+01
-1.230720401736821934e+01
-5.516967897267661236e+00
2.387108895865666547e+00
-1.131972329912012754e+01
8.236103890728994514e+00
-9.911128165435561854e+00
1.455786541753244201e+01
-8.616219632462833289e+00
-1.652073980857876601e+00
-4.593155731248586449e+00
1.447970482528274516e+01
1.735970092721309044e+01
6.252260719481981255e+00
-8.334501118852802648e+00
-1.112419411507570643e+01
1.484225129543168009e+01
-1.583483880502221908e+01
6.970467146595162866e+00
-1.353814461971894545e+01
5.366332785429936969e+00
-9.530316982874195375e+00
7.059819018217644349e+00
3.442490331497106482e+00
-1.397611914872110361e+01
-4.487990559696841131e-01
1.015788476439690768e+01
-3.408606543252098220e+00
2.229124938198533190e+00
-1.657098303454323585e+01
-5.739029792272516417e+00
-7.792416953381088973e+00
1.072496584301000055e+01
7.468670152197852019e+00
-5.863412873257793478e+00
-1.417139014148418852e+01
-1.841259385992137609e+01
5.524005047497875243e-01
1.018617177466498447e+01
-3.632678814211542040e+00
9.620244695959957681e+00
-5.775816581366248315e+00
-7.212570686578445134e+00
1.792139809002974149e-01
3.098789803154224032e+00
-1.125175081504237973e+01
-8.276197030322968828e+00
-3.069552207655752873e+00
5.424506598854786921e-01
1.009399883775015105e+00
-2.578026978633263244e+00
4.508744078821644408e+00
6.546085484611434246e+00
1.107115319809176324e+00
1.120344961103315029e+01
5.479724214843042063e+00
-1.437550297496355434e+01
5.613079013759476155e+00
-1.243883631305843096e+01
3.155002258839371798e+00
2.459331128856672599e+00
1.676629798463823651e+00
-1.376911844605976576e+01
-9.667389986796633750e+00
-8.158510354993088853e+00
6.040519292437348753e+00
4.305408460625881339e+00
2.685164829647921181e+01
-1.092093436549451901e+01
-5.374627305805488753e+00
1.291258033320608867e+01
1.200680097636416299e+01
1.372894781650454377e+01
1.024736934624419149e+01
9.301377622024606495e+00
-9.898731214868622175e+00
6.329820970788312628e+00
-2.328153686403770628e+00
7.461292493411839644e+00
-2.475926973659564823e+00
5.821115797217895960e+00
1.190403510158796507e+01
1.665948906704430854e+01
-5.583701333798686051e+00
-1.016439523901165742e+01
-8.765855751944597429e+00
-4.664234425083971125e+00
-1.267503546367040457e+01
1.272465758764588273e+01
8.871297433649809605e+00
-2.137749737025762542e+00
8.265036182695251199e-04
-8.472183861021147067e+00
8.766910542136132634e+00
-3.326291045001421587e-01
-2.167061927948623179e+01
6.268747238519253528e+00
1.296807689497065041e+00
9.646152192446823648e+00
1.052517151703601783e+01
2.394122214469701859e+00
-3.256863898943572977e+00
-5.344528047342111066e+00
-2.623222529475000009e+00
5.102001876839889150e+00
7.812213165210060595e+00
-3.760519037343918569e+00
-5.024575123228080642e+00
7.547822891108125098e+00
7.516679536079371005e+00
1.275437086887749594e+00
-2.392288841672444732e+01
-1.615062760060842262e+00
-1.397983337026499484e+01
-6.902200328461216117e+00
-3.054720241357169463e+00
-1.345306453984210115e+00
3.249913494501945443e+00
1.421302957496514141e-01
6.862602676568631210e+00
9.902646329707984307e+00
8.312713113056986458e+00
2.056031847535180646e+01
3.292029842021932495e+00
1.531655186389716095e+00
2.384701528996191477e+00
-1.720869550256674430e+01
-7.257713405553489316e+00
1.194381668494895088e+01
4.747353503917606687e+00
6.807496628018006035e-02
9.475275645981900752e+00
-1.791252554270699804e+01
6.407001335252614282e+00
1.438048137882252497e+01
1.135296856251057918e+01
-6.215211904014620536e+00
-9.136110473711063662e+00
1.074561222539781014e+01
1.493429861696234262e+01
-2.600430089253101595e+00
-7.033127693806409120e+00
8.714797465478264726e+00
6.507526128853709402e+00
1.814506563297943487e+01
-7.816320586112852631e+00
-4.542956231501454667e+00
4.979186964803834492e+00
9.089930765120856293e+00
3.678417405431511966e+00
-5.749709971297040312e+00
5.020680457558426291e+00
5.433342776125580365e+00
-2.240726789861860624e+01
2.926961670786921488e+00
-1.931047574580363602e+01
-8.301774778727780912e+00
1.519813925615869366e+01
6.231741638285245521e+00
-6.933384633952623943e+00
2.074235759446746208e+00
1.245744744047133068e+01
7.360135546815672392e+00
8.470846969032219675e-02
5.847731137703353177e+00
4.144050913235499678e+00
-2.254987436406760803e+00
-2.490716836388887145e+01
-6.068543490764437998e+00
-1.320569890917964528e+01
1.398529560247825998e+01
7.338977306194698791e+00
6.050119526847285378e+00
1.181146397307932716e+01
6.251678499495281205e-01
-9.593692172155972031e+00
-1.484279254626641897e+00
-5.859435889722688806e+00
3.283943464000017354e+00
-7.308117403718703997e+00
-1.003434029496922264e+01
1.301876614882397920e+00
-4.785320136696018523e+00
3.972517813917260110e+00
-2.076202475647088264e+01
-1.015447565476905467e+01
5.718049360909835954e-01
-1.599171203462924495e+01
-1.236258815359547825e+01
7.747014424820313216e+00
6.385407127830789342e+00
1.231821370290672313e+01
-2.025160520111402818e+01
-7.257064745899851843e+00
1.044056721655777675e+00
-1.103307158354262540e+01
-2.249564065497096532e+00
4.847990808434110122e+00
-9.694105737431911507e+00
5.659329076279078663e+00
-8.244619142546900648e+00
1.102461179334613206e+01
-1.478478239533318472e-01
-1.029439602973582613e+00
-8.615296736300633640e+00
-7.349663174734306637e+00
-1.129641986218715477e+00
7.565267157627018513e+00
1.342240806890825233e+01
-4.467347398735238784e+00
-4.585952221198968282e+00
-1.455120600103434469e+01
2.371865180854878297e+00
7.083163532141858454e+00
-1.814217614931271649e+00
5.809730084207194167e+00
1.532953385782818145e+01
-5.606385001876831531e+00
-1.035191729376944814e+00
1.138308017782292403e-01
1.142483962198049596e+01
7.531760998891225967e+00
-1.498131816905241287e+01
5.194880378170823931e+00
4.599117063337432754e+00
-2.687388797808224083e+01
7.187495770304979104e+00
1.008294721322327092e+01
-9.572263832317030818e+00
2.623629849076844600e+00
3.844955898640031844e+00
3.198417790394571369e+01
-1.045915278087344413e+00
-8.262007536482858683e+00
1.332438897768499775e+00
1.127782560935409961e+01
9.395236075589034286e+00
3.079853826541813611e+00
7.656321358814656364e+00
-1.281830740309009675e+00
-3.438305842165745307e-01
9.070179484081802856e-02
7.733285193896035636e+00
2.463475481267529243e+00
8.939337522204150233e+00
1.113442430105772707e-01
-1.515461636879929408e+00
-4.253023054771560840e-01
9.633863488083225235e+00
8.018871884348250489e+00
-1.098895428070579783e+01
-1.094156194920012304e+01
-2.151581505708316744e+00
4.161918680023085848e+00
-2.016290181065207676e+01
-1.467804107494262311e+01
-1.318455545149098995e+01
-4.098105587767943092e+00
-9.700312486310639359e-01
-1.256298000873371512e+00
-1.420630940655902563e+00
-7.765069403273171744e+00
-1.557858330319322882e+01
1.134400850138124284e+01
4.316844080406489148e+00
6.682414920702042238e+00
1.006971834954636691e+01
3.998930394455778359e+00
-2.253719282879390207e+01
1.695430811985111585e+00
7.479182978148701366e+00
-7.903419959429413666e+00
1.680029623564988128e+01
7.134770267014092227e+00
-4.068136286046224015e+00
-5.450230287725933209e+00
4.355016082257148646e+00
-6.834189038421465412e+00
-1.868250443389222637e+00
6.326448679890837923e+00
-1.000171079860913892e+01
1.907517431656360340e+00
-2.888284741653168197e+01
-8.376919071330773292e+00
1.069748802188485115e+01
-2.055260116534340042e+00
1.169257690111536618e+01
5.232869447801153484e+00
2.700949802546959155e+00
1.809406477961167425e+01
-1.109620595192574299e+01
4.253914230051403678e+00
9.714894243288457076e+00
8.389609236076973175e+00
4.113131018754151214e+00
7.058912454333482245e+00
1.269843229317710254e+01
-7.921139595974448611e+00
-3.883902278115194395e+00
8.759155954867706484e+00
-4.807661216755941602e+00
-1.698908846039305809e+00
-6.109462404145013181e+00
-7.777967322057111055e+00
3.786015344855621634e-01
-1.155455507389692160e+00
1.935014869461869402e+00
-2.246623898213721660e+01
-1.321396824871979092e+01
-1.675735901128051708e+00
-2.677957307317718749e-01
1.928900658378140420e+01
4.738984913041656810e+00
9.983322699433493597e+00
1.254145541739251302e+00
5.047062426166258220e+00
-6.342773451695935094e+00
1.148263475017676427e+01
7.581994693310478262e+00
-1.673863419521665463e+01
-6.697807809694629633e+00
-2.266950525086523172e+01
-5.048810166811501521e-02
-1.054505755374294251e+00
5.001119233557000943e-01
-2.743116748833037910e+00
3.292334256826886740e+00
-7.965264425432949658e-02
9.735779977924959638e+00
-2.522008048908240596e+00
-9.479470855519439354e+00
3.500944782644404007e+00
-1.680212720418289862e+01
2.839486922332074670e+00
6.394089114872905988e+00
-8.644419861153378459e-01
-5.870618023818070519e+00
-1.087429829008283333e+00
4.108848435141317701e+00
-3.105430694740928921e+00
4.415437922071880905e+00
3.093291862035578266e+00
-4.510650075135575143e+00
1.462689269434365791e+01
3.104210297251450257e+00
1.315778631862652404e+01
-1.261690279729713149e+00
1.506551339314560201e+00
-1.416765947967355999e+00
-1.039344742776637576e+00
-7.124535265085000013e+00
-5.903093729590318972e+00
-5.387185444925667532e+00
9.218448421123234260e-01
-6.774790200520683037e+00
6.408263908858947033e+00
1.816187103516135437e+01
1.367719887949262336e+01
-4.337460219472913936e-01
1.833177727789190081e+00
1.295027013290531137e+01
5.000209035272707325e+00
4.906874852804499199e+00
3.345353865936157689e+00
3.153823060643499154e+00
-3.699208392098529252e+00
-4.057953869127602364e-01
2.883945283912034530e+00
7.963092142118449956e+00
-1.285425461225003474e+01
3.888754791459773763e+00
2.932415428540230629e+00
-8.634614128141256728e+00
-7.729128752697312699e+00
-5.744597109563920334e+00
4.898922566329757089e+00
4.274709479388908662e+00
-9.441896059531497798e+00
-1.454951983103195179e+00
-2.097470616782857178e+01
-2.031910956803006485e+00
7.066657478984699203e-01
-2.502748288145764111e-01
-8.415962860524114353e-01
-1.412039545910154104e+01
9.905533544744294261e+00
5.448771096131175717e+00
-1.266144721387061445e+01
-6.464481808402535723e-01
-3.297855471242588266e+00
3.078356865596620029e+00
-1.034811955620839541e+01
-3.530440931899497592e+00
2.009292345147567715e+00
-7.183530512019610903e+00
-1.002686844986590664e+01
3.138158147471679094e+00
-4.047770250719071150e+00
-4.556180106230585114e-01
1.631356335349833264e+00
-5.995914628605191865e+00
-1.969952292559647589e+01
-1.261970393522772760e+01
-1.673144905531257276e+00
1.277493934655940322e+01
-1.861498402422496534e+00
2.571203567050344319e+01
-2.251436346964406088e+00
-7.536135033645631864e+00
-8.435000946713372416e-02
-5.437127836100599687e+00
-2.507092378348943829e+00
-8.186820933446851356e+00
6.299511879078504961e+00
-1.191334678398710167e+01
7.056441747081922955e+00
9.126112592652553701e+00
