3.476482896657765220e+00
1.261507886570589676e+01
-4.014126000563912555e+00
-1.309845654502589340e+01
-8.878278186241882253e+00
1.309996728084188256e+01
1.294992460572842319e+01
1.798956485609839717e+01
-9.468385756261351816e+00
1.172036935227625420e+01
4.963930479410539220e+00
-9.852197887925324693e+00
8.888514192408592862e+00
-5.753497828742962561e+00
6.490285128722969255e+00
6.758354875348252300e+00
1.455610113214044965e+01
-9.289431371916213820e+00
-1.255167368278628715e+01
-1.205425318970832649e+01
-5.280943416465515128e+00
-6.993286374425298213e+00
1.995324615326546080e+01
1.511971509542375580e+00
1.413619964403439866e+01
-1.924790264838787479e+01
-1.810554841152907546e+00
-1.363902098093415560e+01
-1.691053039804715752e+01
-1.412483147514069515e+01
8.435076147479755093e+00
1.019567970866863149e+01
1.365544648510866033e+01
2.905163756055976876e+00
9.867081997088433809e+00
-4.109245324828110668e+00
-5.369666827779898455e+00
4.323969301102772889e+00
2.944730054957848786e+00
1.796626290689839323e+01
3.072294279120701965e+00
1.406560565737668744e+00
1.637845169656386712e+00
8.502314585840107242e+00
5.695187806696903721e+00
-1.567884160117503001e+01
-1.423945125421055558e+01
-1.360408465080359619e+01
-2.582553587644132342e+00
1.895872964417682738e+01
-6.106526478354273202e+00
-1.758520235847941748e+01
-2.137212845768718594e+01
-2.149434541008233879e+01
1.385927280680063234e+01
-6.184565992165895310e+00
-1.672451746741274548e+01
9.326000286527406757e+00
-6.076504587985327888e+00
-7.274040107361965823e+00
2.288706347420209397e+00
-8.795105951997639337e+00
4.332876357298395931e+00
6.757144569110714372e+00
-7.731197062281900401e+00
6.661573839160798371e+00
4.550601485511331035e+00
-2.005148664770972999e+01
-2.702492057779006274e+01
8.090835035140148790e+00
-2.411328554774503630e+01
1.107652717717865087e+01
5.000480000210395737e+00
-4.506602961597856449e+00
-5.438838113990996703e+00
1.386775512977871472e+01
4.452898379569479204e+00
-9.192910840474496581e+00
4.973951144058903040e+00
-5.661412589551964913e+00
-1.857672029376390643e+00
9.093078049292440568e+00
1.144622493556008891e+01
1.118132826163997606e+01
2.081557457549978096e+01
-7.329975525078618048e+00
3.038994270514059792e+00
-6.023889551940477816e+00
1.147149200631147359e+01
-1.484344536511951240e+01
-7.456515192249765778e-02
1.227309751466311383e+01
2.710129819358013670e-01
6.495917045153949410e+00
1.785090511277077496e+01
2.375484120995752946e+01
3.214769161436835887e+00
-1.088484471406584753e+01
-1.566518785204861253e+01
-1.041693997627072932e+01
-1.137192597635002045e+01
-7.799153854866968771e+00
8.096298796468175851e+00
1.004620034386368665e+01
1.185810303365504303e+01
5.102080338704621632e+00
-8.227064971374808522e+00
-1.072154378799023711e+01
4.948450776640811455e-01
-1.035137658970444852e+00
1.505844421852107118e+01
-2.025600566741155184e+00
1.706098041419726385e+01
-1.735606287948369442e+01
2.904401609325118816e+00
-2.931105957817899288e+00
-1.810359650238232021e+01
-5.555130599954333448e+00
1.353386328424939933e+01
-9.678322210770048173e+00
-1.159874627652214230e+01
7.344232074757887085e-01
6.525671182962547334e+00
3.229988661240375425e+00
4.800580004958433733e+00
1.175169624630547105e+01
-1.265608956642874716e+01
1.002212295390370222e+01
1.084979548975982810e+00
-2.048132453207545467e+01
-1.027067617985879533e-01
-7.940848228794610719e+00
8.382111221881977769e+00
5.571992906173704796e+00
6.356409908407711029e+00
1.609666960795055957e+01
2.893920789511167158e+01
9.300137085905632262e+00
3.843444419249615329e+00
1.693059756181365216e+01
-1.110407252595241312e-01
2.918481018873792010e+01
-1.542542869093005287e+01
-7.142390287936034809e+00
1.137296424243062987e+01
1.816344023112548456e+01
1.757124183698097397e+01
-1.888159107887399379e-02
3.798344446182422729e+00
2.040778072656542363e+01
1.190118349989909952e+01
-3.815768017597132911e+00
3.186272399550651002e+00
3.823886733283544892e+00
1.174829275772208703e+01
-5.430577632831744772e+00
-5.868154669689381819e+00
7.735260829897377732e+00
6.280528906562471647e+00
2.246616429713757856e+00
-6.614953310935762332e+00
2.879381505528570528e+00
4.768428525315867361e+00
-2.937078276318725045e+01
2.273642699847816306e+00
1.288520137295865098e+01
-9.732510285498399583e+00
-1.322595197620674679e+00
-1.551825835605427706e+01
1.170333217141227067e+01
5.149006306114167764e+00
-1.355440809707976157e+01
3.974495727060995964e+00
-9.608884450767348540e+00
-1.131384280729563319e+00
2.893772398137244650e+01
1.315423207619813972e+01
1.798117047677296743e+00
-8.060177867546691743e+00
1.734990436120250479e+01
8.048710030646979874e+00
-9.777051953042825261e+00
5.005593371895954213e+00
2.104069681411631532e+00
-2.494844673375327559e+01
4.390628781673002301e+00
1.499694253233429464e+01
-2.150219420930083913e+01
-3.084191441295376812e+00
8.972918610826093655e+00
-8.185633509320068057e+00
-8.653664100355168642e+00
1.808585669780372029e+01
-1.957721911635444556e+01
-5.470675780471808025e+00
2.347986780263367024e+01
-4.969937629231155007e+00
3.454766837620088626e+00
4.671218543944345214e+00
-1.603384106131603204e+01
-2.359588556016065297e+01
-1.058110829700396494e+01
1.449382837201104834e+01
8.120312569357114540e+00
-1.926544205586785452e+01
1.010576894002690018e+01
-1.183202433323518932e+01
4.863596916052772556e+00
-1.595987545688309162e+01
4.885595818007759661e-01
5.602434870463984140e+00
8.285598042034791888e+00
-6.595436694091498797e-01
-1.230741563196630217e+01
2.944651530126241212e+01
3.361195076813713989e+00
4.724628053882834244e+00
-2.295511112530654430e+00
1.163009892786811150e+01
1.347266092510357183e+01
-1.599182960660636255e+01
-2.533061781404686741e+01
-2.105703565261170951e+01
5.933686184305619449e+00
8.274273138114454085e+00
-1.546165113229813315e+01
4.057567025959802010e+00
-4.149323846904287016e+00
-7.687769587851668085e+00
-7.654913179119484212e+00
5.247325484533874373e+00
1.752175692829160170e+01
7.332032507048973358e+00
-1.420027148038965237e+01
1.398444237181212380e+01
1.259358506761893004e+01
-1.766076000692713066e+01
-1.758867980371003981e+01
6.389514866706245577e+00
-3.112203581206812952e+00
6.475586956229157920e+00
-6.376702955590346278e+00
-4.298366408335474453e+00
2.607571750450599968e+00
-4.452428129891565334e+00
1.643435279360701173e+01
1.998969788629032607e+01
1.103363708407400878e+01
1.176796128961474563e+00
7.653502672971798759e+00
6.921300689903384651e+00
-8.274858041272896259e+00
-1.303895746562776026e+01
3.427087792547660428e+01
-1.657666523003743109e+01
1.277809450630708277e+01
-8.259666506727825208e+00
1.302423830143350791e+01
-1.291270091476683390e+01
-3.128438406302540553e+00
1.937406593533795984e+01
3.140826994074231493e+00
4.665002516369735730e+00
-5.969438990312880833e-01
1.355023769464340333e+00
1.592644121534269175e+01
1.983770750086971191e+01
-1.029211426645778360e+00
7.417078225069642983e+00
1.005281021455877166e+01
2.330995396570495259e+00
-2.677583890621956897e+01
5.534660625783487831e+00
6.559272834526659324e+00
5.448176983354759528e+00
-2.352937938663759354e+01
-1.209487504416441439e+01
-3.030754131649806116e+00
-2.021066882323866665e+01
-1.078358443969896108e+00
1.046762866743991438e+01
4.483899431654664980e+00
-9.126759952730694181e+00
1.184845865597947245e+00
-1.059722253479046916e+00
1.366832343781254977e+01
-5.486471435339005387e-01
-4.387151667680468492e+00
1.005911681642971089e+01
9.411359832994111940e+00
-1.750151204630859425e+01
-7.961432684043781016e+00
-1.042943327191495229e+01
3.273904344039604730e+00
-3.672898682902252521e-01
-1.497114178846173971e+01
3.871007180042490337e+00
-2.294090261916706197e+01
-7.523438607325596550e+00
-2.265341429063436163e+00
-6.442163560504592823e+00
1.000656086200913464e+01
-8.677776276702328317e+00
3.306472138470207600e+00
1.206504561338769044e+01
-2.903057950744365900e+00
4.529486270036962026e-01
-4.394659475381341274e+00
2.350287484130310744e+01
1.028997828984407725e+01
-9.164317103765167616e+00
-1.849470224009694164e+01
5.839427402979272763e+00
-9.766817076879743098e+00
6.386239752081155352e+00
-1.362930555104847841e+00
-1.171448027955226401e+01
-8.686232898547464387e+00
5.414968457301931881e-01
-3.083965675322333055e+01
-5.963003051908506436e+00
-1.032847906881207090e+00
-5.856577130475271176e-01
5.190430091459470319e+00
-7.718557417494050554e+00
5.223531258242877229e-01
1.499287060945316163e+01
-1.187289667953146299e+01
1.197052527437507052e+01
7.640384577859762327e-01
2.030749890925586332e+00
2.122806351274110526e+01
2.347340130929969604e+01
1.328719672346339919e+01
-9.863944991620225977e+00
-3.067847058986947761e+00
-1.239923968791063658e+01
7.154232072103811291e+00
1.518865643170879309e+01
-2.410189051375871117e+01
2.271495966517639431e+01
-1.833388713771283562e+01
-7.728009860509111206e+00
1.534901238478950880e+01
-1.877928318106208749e+01
2.622220615034549951e+01
2.583048690456204000e+00
2.915180163522503864e-01
-5.078617630924648907e+00
1.211870087059458312e+00
-4.030675520422407843e+00
-4.269134891711289015e+00
2.510473858940434511e+00
1.282511917512806754e+01
-7.365799154917168856e+00
2.525156880583855923e+01
-7.741757037966651822e+00
-1.036837188051860892e+01
6.202993243446071503e+00
-7.740075218370279231e+00
-8.833659627589844021e+00
1.428316085603342955e+01
9.641072609604137256e+00
1.191458940164920577e+01
2.570555063659167860e+00
-1.620554351214424216e+01
-1.532733126884103214e+01
8.491999412851402695e+00
3.833708134739511220e+00
1.505253377188391717e+01
-1.630544163073421160e+01
-1.714566675628326209e+01
-7.931297026048201637e+00
3.082553285241192986e-01
6.002086944536003665e-01
-1.496049440787512985e+01
-1.406382625947740195e+01
-8.283455555221401312e+00
-5.562771141603187530e+00
-7.421064509580196145e+00
1.652406779438056361e+00
3.487039627545133857e+00
2.142027330152103559e+01
-1.700325686372725542e+01
4.917762538572329589e+00
3.158248835905052232e+01
-1.079853634134372520e+01
-2.885759162082768725e+00
-1.733125880683799380e+01
-9.695305236352822931e+00
-4.124274800212235914e-01
-5.643181859597962813e+00
3.644506383569450669e+00
4.760340942195966818e+00
-8.375825562114673772e+00
7.083332157201345680e+00
3.138214043871203618e+00
7.804188588206848465e-01
-1.908969433908936608e+01
-1.447354712803716481e+01
4.386508372723159965e+00
-4.943080578289194449e+00
2.251924181721026930e+00
-9.624711778954022634e+00
-6.561082512958408941e+00
1.544343252352377149e+01
-8.878858062471278734e-01
-2.141388667251676736e+01
-9.863252468300032660e+00
-1.856094952247707486e+00
-9.055072528414527255e+00
-2.844181795901680232e+01
3.464720290994958596e+00
1.435760057385661170e+01
-2.322140610669850247e+01
-2.655896219247541712e+00
2.084178569436293760e+00
-6.726305621502516319e-01
-3.758749198407010539e+01
6.979921971084329435e+00
-1.747997385403704129e+01
1.400569566822387202e+00
-1.623105532135312501e+01
8.595164961400136860e-02
1.356729977692378952e+01
2.543651679857834580e+01
7.970717346961734506e+00
-3.247304506491799714e+01
4.108367450664174747e+00
-9.391268231005645006e+00
2.968272919793219167e+00
-1.046659830339178310e+00
-6.618551316076159097e+00
-4.362025670311908243e+00
8.592081554413773858e+00
4.090383322606955474e+00
1.465715893237974798e+00
-1.992820576638141006e+01
-2.099355872472863638e+01
-3.831576899917428669e+00
2.576303277484257137e+01
1.013881776371844845e+00
3.476294779379453637e+00
-8.618424424605138912e-01
-4.569603344909188181e+00
2.266535962819218319e-01
1.871969490825073379e+01
-3.626748092436558046e-01
-6.662151024984731329e+00
-8.554929684208591567e+00
-6.963026563619996168e+00
-1.638975262792197185e+01
-2.349612217877520948e+01
-4.258314010573436725e+00
-1.860627258962439612e+01
2.958920566301885913e+01
-1.152422732880557987e+01
-1.518672448606935532e+01
1.127638715512076928e+01
-6.554257224075950461e+00
-1.742283706792350984e+01
6.334368340779208850e+00
7.870812879649298210e+00
-4.724395499900127859e+00
1.145420791166156249e+01
2.389412374984931198e+00
1.174425917733048053e+01
-3.368666565783976274e+00
5.934230063697436108e+00
-7.449930971766931087e+00
-1.515929752964501454e+01
1.297110502667943921e+00
6.220294330901902313e+00
3.097938050645178265e+01
3.527107470289588598e+00
4.776185221892990995e+00
1.127120901573603717e+01
-1.906021704875854894e+01
1.004803232923982570e+01
-1.413539357097972626e+01
5.266130304244005522e+00
2.578722017279699852e+00
-1.760569199398753115e+00
-1.594957032993270740e+00
-1.726925023369639689e+01
-1.669286055893768861e+01
4.116915276143814140e+00
1.495061889859366921e+01
1.877171312979838191e+01
9.620181135951774820e+00
2.603553620800715507e+00
-1.203566875814104975e+01
2.906647755642829178e+00
-9.537784952168067321e+00
3.786635465447693250e+00
-1.144218201451804262e+01
-2.237688740701178070e-01
2.999261615870604025e+00
5.751697254798231462e+00
-3.382148507296710704e+01
7.612638360224669221e+00
1.533313347925192360e+01
6.916397313671378555e+00
1.488851781809878716e+01
3.544313022086302833e+00
8.364033883110401746e+00
2.331750728927908867e+01
-3.243623380413362067e+00
9.183829096603858488e+00
2.670039371246106796e-01
-8.563645113612754045e+00
-1.646341788576287435e+00
1.006357518796413686e+01
-3.213848851828461139e+00
2.433331910877502935e+01
-1.380776708640911465e+01
3.456425836217778169e+01
-6.873989394650967810e+00
-1.207723106429648752e+01
3.919432730383638930e+00
-1.030922080942317010e+01
-2.470098899319502550e+00
1.306000984315164715e+01
-7.390199777286523997e+00
8.213951173884897372e+00
-2.006396178047040735e+01
1.582106554303085666e+01
-1.795015192527058989e+00
-1.502236483580650983e+01
3.214101769648428331e+01
1.308853177683928060e+00
4.104073293939769496e-01
-1.912304827579208677e+01
1.029731169268502100e+01
1.275214406980398785e+01
-1.120590499156347786e+00
-5.976585324044766168e+00
-1.388204149533772913e+01
2.124866837572527700e+00
-1.971865108959629298e+00
6.595995246922017330e+00
5.751414864485205669e+00
-2.312696139406744678e+01
-1.424809717876685511e+01
6.800701030339794784e+00
-1.448560320607519358e+01
1.168102448648323310e+01
2.561385125386891559e+00
1.240787511750752259e+01
2.137739066606208382e+00
-4.643521185881111180e+00
-2.741323105086009626e+00
8.181828379866063372e+00
-2.291391096923831583e+01
-4.951317806711113434e+00
-1.205237926101450974e+00
4.306004310725484174e+00
-2.120451361073651242e+01
1.578954983212057517e+00
-2.152619381815439326e+00
1.024444535184027849e+01
-1.735769743016010835e+01
1.185295536706469033e+00
-3.279705083837409330e+00
-3.277282962803955968e+01
-2.180556700444673268e+01
-8.313163534394075072e+00
-7.925124041481009129e+00
1.452226711072204424e+01
-1.224971251617683521e+01
3.172129406440251209e+00
-1.610124314125241085e+01
-1.183325017320432693e+01
2.432623094672361042e+00
-1.988806150836822662e+00
3.743991699347589019e+00
-7.748254885304707074e+00
1.255440325293667314e+01
-2.223116531978790178e+01
1.463457644894582543e+01
-8.159943270990009268e+00
-3.995418176221106954e+00
2.051542651490343872e+01
4.411805641232458441e+00
-5.279598055170796833e+00
4.016191101269420471e+00
-5.522553804663787425e+00
3.909329452599409116e+00
-8.760627883229776813e-01
-2.063441129975042543e+01
3.361033861938752665e+01
-2.462375887060026969e+01
5.515221581082573543e+00
-1.212138768403538958e+00
9.223027058055007998e+00
-1.602126729284586304e+01
-2.357612358755286408e+01
-1.525203225340156976e+01
-2.330995000749145873e+01
-1.737665946224095537e+00
-6.125638369154919438e+00
7.941989052227443224e+00
8.598179808977796768e+00
-6.715700109403143436e+00
-9.885799435807571811e-01
-3.807575994302970113e+00
-1.104466121030749814e+00
1.315409967373657452e+01
-4.284448448667411036e+00
-7.612193098545829706e+00
-3.821152735385346944e-01
9.892533860944986657e+00
-1.170080302243703407e-02
1.079809145078165722e+00
4.621111245411970714e+00
1.660196357129617084e+01
-3.393602706185048845e+01
2.185354718945765384e+01
2.999443174994237182e+00
-1.375742155396324407e+01
9.482325343837949561e+00
8.396477688025317576e+00
4.276305876402770600e+00
1.034976829722206837e+01
-8.472013000955353590e+00
-9.097929581645608721e+00
-1.649847101733839594e+01
-9.415381757605324253e+00
-2.831167442754676955e+01
1.404685465349554718e+01
5.635338187753031747e+00
-4.308501926516558278e+00
1.890464863038451293e+00
-1.184763613555313277e+01
7.717983508509607127e+00
5.085546206545100034e+00
2.036670829927649251e+01
-1.137724731555655922e+01
-1.458905977918558428e+01
1.329446034253493636e+01
-2.153058033694575002e+01
1.660015056642371434e+01
-1.158616615024510210e+01
-1.390647787556941850e+00
6.782596271093582097e+00
-1.676633164373234663e+01
6.435304453761284016e+00
-2.105077055883338488e+01
6.510980602135074236e+00
7.201095610031667427e+00
-3.635603323612189186e+00
6.873267203877218456e+00
-3.412464393080741587e+01
2.646245344536392352e+01
-1.378834506883065103e+01
-1.799172270194810608e+01
1.466340795263075591e+01
6.447443750695504683e+00
2.998865437025015623e-01
-1.727850510914139104e+00
-7.140344951588136091e+00
3.600631011359868516e+00
5.987521962308232304e+00
-2.059810176078328325e+01
-1.908478980117102353e+01
-1.027442926968436865e+01
-5.424429926647116318e+00
-1.142079264051160870e+01
-1.187178229189278866e+01
-8.402657301460994432e+00
6.144041044264683116e+00
1.089609682394824475e+00
2.941902702433663919e+00
-5.910202465940081140e+00
1.778921715175428631e+01
-8.566844937698245843e+00
3.428324961795730097e+00
7.310056885914420377e+00
4.940837872535867703e+00
1.474836875992364682e+01
4.303328049872808592e+00
7.380182111692450420e+00
-1.150197733215656015e+01
-4.090421465065141149e+00
-1.720380584390100864e+01
-2.749149259714821270e+01
2.369439769225264314e+01
-2.361592438433263297e+01
1.652685993031211709e+01
-9.567561707370916935e+00
-1.957833631569654287e+01
-7.833094717369140980e+00
-1.107197718751065096e-01
1.677318848543939422e+00
-2.763353125092425699e+01
1.405033976530013540e+01
-1.088790043515692929e+01
-4.940953580797409761e-01
1.713673277425627361e+01
2.824705355547119012e+01
7.018338528134181686e+00
4.426838786271782844e+00
-7.725584451072439407e+00
-1.861009883852000613e+01
2.926924462965215668e+01
1.989502211749617189e+01
-2.701118625660809869e+01
-3.621621302256619934e+00
2.317475802234296012e+01
-2.426870382031698803e+00
3.864475283004811246e+00
2.412918797197785636e+01
1.802306491404502253e+01
-5.793146358309389399e+00
2.235365803431476195e+01
3.540067270665637977e+00
-2.416293304618217519e+01
1.432773959902274541e+01
1.189406992474317093e+01
9.257897668308082473e+00
2.396693895472255420e+00
1.316009913689656408e+01
8.648644821706355401e+00
-6.766023492184816135e-01
8.584610678939583295e+00
1.218421952198180058e+01
4.941152191557997675e+00
-3.276790122355769164e+00
-4.589909093306395960e+00
-6.102427573492532176e+00
4.381950727135697221e+00
-4.468250396529382940e-02
-2.312934651982766709e+00
7.140305407097757850e+00
-1.060596795586353913e+01
-2.331319040637122342e+01
-1.316685219459603928e+01
2.007514760770123807e-02
3.942083976937921008e+00
-2.510486386624637856e+00
-1.670557854875211490e+01
6.208553603867350112e+00
1.916346792315344993e+00
-1.141549417662149679e+01
2.084848704523691509e+01
6.595650968733248298e+00
9.787879920832169844e+00
2.873433624261421571e+01
6.772590551042950935e+00
-1.605823583245697961e+01
-5.247733771210439713e+00
-2.731624514175835117e+01
-3.200027178978443132e+00
1.649383035649446327e+01
1.408083552497674251e+00
-1.637852422275313913e+01
-3.668062360768553631e-02
-1.510426505612369397e+01
-6.777099064750598423e+00
-1.223116190119356972e+01
9.513173257839213193e+00
1.478061950789415491e+01
-3.698518654925790905e+00
1.877264864118682297e+01
1.347978641992276216e+01
2.329646047933573882e+00
-8.698413706672454282e-01
-6.286950923933562585e+00
-9.251207385287059992e+00
-2.427337338072851569e+00
1.397800963475074454e+01
-9.839450892294324902e+00
-9.343662624041346731e+00
-2.631571679176964551e+00
5.185431472619905335e+00
2.442353955022694700e-01
2.446748069394412894e+01
2.650539508802196131e+00
1.640141924645497795e+01
7.861979070858014396e+00
1.504036523195149400e+01
-3.505228337861319154e+00
-1.304196648112691292e+01
5.155898896685191524e-01
7.495528668111010262e+00
-5.696475090739000491e-01
-3.564592289153096338e+00
1.132242379825905054e+01
-1.308511103730704939e+01
7.519363145832272721e+00
-5.075261885526754391e+00
2.732036052558076022e+00
-1.871272650167135065e+00
1.524035881351771593e+01
2.338866956916434248e+01
8.196431896996129396e+00
1.902699944479953587e+01
1.076894949577525518e+00
7.794112855748073443e+00
2.836030160961491298e+00
4.784833801650723473e+00
4.931397193428442627e+00
-1.786596434809391098e+01
3.813454900522983415e-02
-6.261358432763035609e+00
-2.004787175641796892e+01
1.013420462251026777e+01
3.291856738487680456e+00
-2.359049778747237269e+01
2.338926558306730286e+01
-5.440183970601783159e+00
-2.405357407492136002e+00
3.879051521154067927e+00
-1.494721605673569975e+01
3.339968278062914742e+00
2.011501695418908753e+01
1.493081498513338090e+01
-9.679549042353183808e+00
1.619371957361914127e+01
-3.210794318541069714e+01
-5.431143550529870190e+00
-9.961917002871132354e+00
-1.749072438681531594e+01
-2.196588610459490809e+01
-7.686382470846876203e+00
-3.470638989932275820e+00
-1.045366728101515719e+01
5.104902735265159919e+00
1.485560638319501159e+01
-9.239536451324109834e+00
4.155237121672046285e+00
-1.100908262669676674e+01
4.955538971681010096e+00
2.659434825525626600e+00
-1.173428982856508185e+01
1.560923135391399796e+01
2.128918460438389104e+01
-3.905151069339297898e+00
-1.089779969983073471e+01
1.049174465314023053e+01
6.789214775106692912e+00
7.293449086020804550e+00
-6.275917003649361448e+00
1.013564274445394986e+01
5.112965267891034671e+00
-8.024259081005197913e+00
-1.552294688775911258e+00
-9.603374428779009264e+00
-4.443502911405623479e+00
3.985189564458171407e-01
-1.942558917381640882e+00
-3.417314118569876769e+00
-1.075023417332729281e+01
-4.409719712713122686e-02
1.429544821042425085e+01
-9.305981704095851015e+00
1.470187712309156236e+00
1.618393927632781626e+01
-7.885617036396875612e+00
-1.118192924817659417e+01
-1.133900599534492315e+01
-1.441255437468837286e+01
-5.638618868185970356e+00
2.129454152936786926e+01
5.086014384283735090e+00
-8.386827533804574131e+00
3.403890896728178461e+00
-5.391684489886907627e+00
2.163222730385996773e+00
1.691534439152311364e+01
-8.742349756167595132e+00
-9.649263846403105527e-01
2.757867649528587872e+00
1.022220483740219166e+01
-2.963172688849001091e+01
-2.927795687867515984e+00
1.043426430741025257e+01
8.461975130215041219e+00
1.218127833404381910e+01
6.206341291373316693e+00
1.371755763801133376e+01
-5.705242503812668176e+00
-2.045546911918760369e+00
2.560319208008996483e+00
-8.415401632801295051e+00
-5.545454263754736601e-01
-3.383071485153873237e+00
-5.733600692501197749e+00
1.676209038545542596e+00
3.371072215631780722e+00
-2.586761455088802109e+01
7.687180701539518601e+00
4.821564456329832993e+00
1.133847542873319547e+01
-2.112908727400062969e-01
5.016920268897236745e+00
1.135429423156835682e+01
3.401408425237583799e+00
-3.629546405524695984e+00
7.930275484514207385e+00
-9.675703456238856859e+00
5.528206415685771091e+00
-1.939611180949415825e+01
7.538786926104279473e+00
-1.951768418424087770e+00
7.593379210447761096e+00
-1.496413165546163171e+01
-1.692681004069527262e+01
1.735394866001825420e+01
-1.328237226167797935e+00
1.371484203191301532e+01
3.082002860970536329e+00
-3.056463164129872734e+00
1.056123025833391438e+01
-1.409582916364878002e+01
4.888314252164891016e+00
2.285375472257140661e+00
-1.020877730679221251e+01
1.273304077871119588e+01
-3.896646298997527236e+00
-1.387476032844751295e+01
1.600510484444842518e+01
-2.068885657531065547e+01
-8.141364265995964189e+00
9.532933382644468878e+00
8.498301528735558108e+00
9.322826243545410563e+00
-5.247408666206795580e+00
-8.365277489713616177e+00
3.194642055406584191e+00
-6.057199580434779129e+00
-1.513179008242275536e+01
1.320445028160397660e+00
4.327254556372500005e+00
7.589804712161281941e+00
-2.822745130637463973e+01
6.335934703507163590e+00
-2.752378588553242622e+01
-1.650910591761428847e+00
-7.669521420936349365e-01
9.116232447261567451e-01
-3.281224956628458500e+01
-1.253693562545032947e+00
1.314323059597712984e+01
-4.826827450616908877e+00
-1.410458599121389689e+01
1.189909996811459258e+00
-1.134453146180696059e+01
2.438616267279211769e+00
6.737559951076669051e+00
2.838527470358355131e+01
1.103626484021905441e+01
-4.116421178121231428e+00
-2.290690965044629479e+01
-1.659840243408551075e+00
-2.243230006070475824e+01
1.840936870168665251e+01
2.271786527469632055e+00
8.669740778361632039e+00
2.230216723532212342e+00
-1.469015258911556820e+01
4.496192106782050502e+00
4.928694391793469798e+00
4.500797290611437518e+00
-1.155004414042141647e+01
2.152638185247461422e+00
-3.121370364412865683e+01
-7.886769844629618831e+00
-1.409867106513808821e+01
5.285959871623363782e+00
-8.333818541219754295e+00
6.084188159393992379e+00
1.359128429912330027e+01
1.371760012550380381e+00
-6.881588475370069347e+00
-6.460306636624220999e+00
1.189195407844574781e+01
-1.259347898096559426e+01
1.210069631108902399e+01
-5.357248965622838810e+00
-5.348835668539398291e+00
-1.985069690593974645e+00
-3.268261117675599348e+00
4.274736469097717873e+00
1.371339291522731152e+01
2.264038625503836855e+01
-1.122792829931417913e+01
-3.559001363596792533e+00
1.349098313791203196e+01
4.805393454255324492e-01
1.070980104710510528e-01
1.284475425236175639e+01
-5.502628746734147924e+00
6.595407596001114925e+00
-2.868881236808041191e+00
-5.003184753438997490e+00
-1.694365185227462334e+01
-1.415741300520010792e+00
-2.844291362112227439e+00
2.456822451712077804e+00
-2.422817615300806526e+00
-2.214083851461833419e+01
1.042800198580161464e+01
2.278329333931365941e+00
3.282084383044571396e+00
-3.989830211208662991e+00
1.957664268140951691e+01
8.320924807903335108e+00
1.085220250224270977e+01
-1.102621938012838809e+00
1.635068578382990623e+01
-1.845542674946249129e+00
1.169920932520992451e+01
-8.497150471921269599e+00
1.132131309249964879e+01
-8.928011727632837236e+00
3.367202472471030994e+00
4.779905160613726167e+00
1.758161149146081215e+01
-1.876387466337495624e+01
-6.824061467677617898e-01
-1.598014838488951650e+00
-4.794309362170788624e+00
1.615701104792005438e+01
-1.462790625389975396e+00
-3.091711955209689666e+00
-1.290989812460102115e+01
1.008049450810437975e+01
1.700338720059441755e+01
2.230562311751069871e+01
8.550536418942392913e+00
1.623826243973628891e+01
-7.550461239468528873e-01
3.129573101682922687e+00
-1.293119098518918264e+01
6.555424627024328821e+00
1.972432586077752070e+00
-2.394036049665399180e+00
-3.663441681595899446e+00
9.827426601676048534e+00
-6.205530008931960495e+00
1.941702612174436382e+01
2.249594436742125936e+01
7.219820057851251249e+00
6.344459721763540117e-01
1.465748810499203802e+00
4.566705618392648880e+00
1.616645870373034910e+01
-6.035565790727686064e+00
