4.051814678902960765e+00
-8.081853270152167923e+00
2.319219190066347025e+00
-9.089851757440914781e+00
-3.621093178515462085e-01
2.965628553350148966e+00
2.088527596380373552e+00
5.003089615696706183e+00
-8.466460894164331563e+00
6.324929631678831043e+00
-1.855962413980349890e+00
-4.071885526063319993e+00
9.698299118935145291e-01
2.527809176718073925e+00
-1.626409454273495925e+00
-6.656691130981819526e+00
6.291275094792839084e+00
-5.624867582844622405e+00
-4.588463943173222148e+00
8.262891133675308808e+00
1.658117125358675725e+00
-1.020944117433944953e+01
-1.148518592426160723e+01
2.006233513482181263e-01
-1.077181668252497726e+00
-5.811842743232384478e+00
-4.267018100349922349e+00
4.933704821964083109e+00
-2.269941033081912973e+00
-6.578558082702500975e+00
9.696219453443932768e-02
4.818100452416113733e+00
-8.486514606863675425e+00
-1.873055565007811341e+00
-5.836593676857639856e+00
1.353250191964309623e+00
2.714919207032382431e-01
-3.600147529372594413e+00
1.871405843921456924e+00
-1.653702642996236261e+00
4.155576740425692250e+00
3.608604208867477681e+00
2.999060428360025732e+00
3.127537034986607178e-01
1.020840720948837044e+00
-4.340879676508723861e+00
-6.740267142743638917e-01
-7.376138010130871558e-01
-3.011691043453114780e+00
9.948386177015215992e+00
-2.189281766049741673e+00
-4.560101918618471029e-01
-3.720665811046754978e-01
5.291979333467107249e-01
3.411752649858875164e-01
-1.371698547631734488e+00
7.256281366486529993e-01
8.558267132460127158e+00
5.487154202687928972e+00
-1.473956717109917491e+00
1.425800816381858349e-01
6.782555299654009495e+00
-4.362006345280979858e+00
-4.986716645941041470e+00
-1.743405113279753893e+00
5.254213383881465305e-01
3.496450997289126672e+00
2.704324406832487426e+00
-2.200685084525908941e+00
-4.423549976735178246e-01
-1.285496827451870772e+01
-7.034600428052548260e+00
8.322744985954944497e+00
8.130991534238608764e+00
-4.015766777234049734e+00
-4.693942599341399458e+00
-1.947218583370562639e+00
2.757898544771471450e+00
1.202291416763576093e+00
5.568379744984360613e+00
4.463604535868578971e+00
3.331046339997974393e+00
5.233951115339704252e+00
4.739307384897506026e+00
-5.168732869543330111e+00
2.749703775816141338e+00
7.116143733211250932e+00
3.436010756543136146e+00
-3.044754634907399726e+00
9.182321576299634636e-01
-1.639768751344075071e+00
2.330457116691964981e+00
-2.886377040960208085e+00
4.086220758881982995e+00
7.592064332698372553e+00
-2.799057087621811934e+00
-6.116576246064505895e+00
8.555305762674378922e-01
-4.029572993829019012e+00
1.060952379993223893e+01
-2.147770572034866543e+00
-2.923545807557526466e+00
1.188109409836811992e+01
-1.286031539890668096e+00
2.068348633773404721e+00
-6.400231878950878084e+00
4.643829351787170379e-01
-3.367557588707059679e+00
-8.236774777733815611e+00
1.085900211295789397e+01
3.856076604815137365e+00
-1.491066442198409803e+01
-8.874656200487688551e+00
-3.972213087170151979e+00
4.037043661692777619e+00
-7.178540352962773596e+00
-4.257308344536104627e+00
5.038426586094535864e+00
1.165767377159115981e+01
-1.079645328676063620e+01
-2.360437368016206516e+00
9.971316414563600183e-01
8.504915298860339590e+00
-6.634874854964309954e+00
1.067558297207497731e+01
-8.759800799415931039e+00
1.716362008109526549e+00
-1.067222198642368558e-01
5.552834043741731840e+00
2.122178598553996931e+00
2.860408825758090856e+00
-1.232880210884371053e+00
-4.653546812341793348e+00
-8.814616223691173147e+00
-1.636957928566880049e+00
-1.649250323431353582e+00
8.074343308567863531e+00
4.326784390472870001e+00
9.014412360028384086e+00
-5.491052665712099490e+00
3.096007063261260850e+00
-2.340496413786586238e+00
1.045015042670077321e+01
-5.636404976130975797e+00
6.247599944067199651e+00
-7.358894621762470223e+00
3.142356787679371433e+00
-4.844638660432131871e+00
-4.239855273482160847e+00
1.687660961209976662e+00
9.814948100469078618e-01
6.167722011978760133e-01
-4.648459686407976577e+00
-2.272678429413274692e+00
-3.723676956790221038e+00
3.560435920377067021e+00
5.353748506592647338e+00
8.125922018392341073e+00
-3.369687056117954604e+00
-6.573765465193066593e-01
-6.549349783430068683e+00
-1.210086588021826337e+00
-2.032511920388724302e-02
-2.139258037164323945e+00
6.758181475738796185e-02
3.015143575675138798e+00
6.081985043421249237e+00
-8.442383876724949276e-01
2.977087225393002967e+00
-3.046932547714091832e+00
-5.183980524233360754e+00
1.255830727412108416e+01
-4.642905517514196667e+00
-6.285256573559514504e-01
3.980870087400402824e+00
3.687180735566732537e+00
3.918694189170432995e+00
-3.543452460624345601e-01
-2.499828830788491274e+00
-2.329638769897004913e+00
6.222947320613876343e+00
-5.565632373301106384e+00
5.664205245847431236e-02
-4.143345232539369150e+00
9.719123774349888834e+00
7.342773104959935404e-01
3.944492939602191051e+00
9.885780230686219694e-01
-8.350935123830515394e+00
-2.761254815032173626e-01
4.038479640350761679e-01
-7.852015202025590668e+00
1.078872317332727526e+01
-1.769003807534593520e+00
-7.995236859798438900e+00
1.207233596400510311e+00
3.980111788383525528e+00
4.466729561258222958e+00
-4.958042691853878026e+00
-1.056866209949322677e+00
-7.087700547432094211e+00
-6.285350288699928178e+00
-7.887169110758279089e+00
-1.624918666065518380e+01
3.204076966288452066e+00
5.102336147036039549e+00
9.645843407450174212e+00
-6.523589627252830425e-01
-3.463701086566361553e+00
-4.807410697012548084e+00
3.063661701608775267e+00
1.629398666360314607e+00
9.218796804887113838e-01
-2.542426329222416292e+00
3.147842061417560178e+00
-2.546717347619208649e+00
-1.824529472514667905e+00
-5.176999710760869178e+00
6.222636721923897607e-01
4.579436293550308790e+00
3.811037753340096312e-01
1.252580502287206077e+00
-1.145003335117229515e-01
-4.309182372512794679e+00
-1.172689985289058656e+00
-3.157150165018780541e+00
5.092045816439024541e+00
-3.044353579113919128e+00
-3.333137439313947237e+00
-1.032978723281004996e+01
1.984778221233344242e-01
5.730838188337526340e+00
1.979734841270808010e+00
-8.825755626074776927e+00
-7.658947543897985710e+00
1.404161200934665121e+00
-3.482216701262323966e-01
-2.484548407910871060e+00
-1.308105213878863360e+00
-1.720129133303913704e+00
-2.147725719651023990e+00
1.243755731559150091e+00
6.107637292566969300e+00
-6.527354080899291588e+00
-3.867819617564788093e+00
7.825375592214949272e-01
-4.898875965695352441e+00
8.252875283379831117e+00
-6.353886268188398745e+00
3.295591672184771781e+00
4.491282841957465521e+00
-8.427193575523352465e+00
3.329553057774291780e+00
9.284487359922072969e+00
-5.315725377025764864e+00
-1.312435245264446237e+01
-1.573987086488692233e+00
-1.551712691197709493e+00
4.494263920407012947e+00
2.209081385035361222e+00
-1.145477947244298411e+00
-5.200126829697224728e-01
-5.431039823138322120e+00
1.242888677108421369e+01
-6.765259942105640079e+00
4.938547988709411030e+00
-2.033132566049960843e+00
-5.105869212241231025e+00
9.881484080719462604e-01
1.358539734697380208e+00
-1.018209838070528050e+01
-8.360110448990136334e+00
-2.560682213181332045e+00
5.159548809852156914e-01
-3.861407930388404797e+00
-7.465349688555228624e+00
3.395311915057992014e+00
-4.489134652056799624e+00
-3.980522090115599987e+00
-3.561775726587602442e+00
9.068916767182695349e-01
-6.211784900453979574e+00
-2.657812832684464777e+00
-2.025492457715219352e+00
-1.278921392924927125e-01
2.513332281760585651e+00
4.737027972747695159e+00
-1.249861412158737473e+00
5.112263983425882508e+00
-4.729395113238790138e-01
1.041534692299625320e+01
6.969933674231203469e+00
1.094772667174203562e+01
6.232548523856911160e+00
1.109397469497894750e-01
5.681609023789953028e-01
-2.891363029290021647e+00
2.917486653732486168e+00
4.509182623446429616e+00
1.036450951955589872e+01
7.667730357781719519e+00
-8.022586627350795752e+00
4.136373044366028040e+00
-2.208184197542866212e+00
3.486157529493527640e+00
-3.387858234610155339e+00
-6.897401317018872824e+00
1.113334211515366867e+01
9.301335075792671603e+00
-5.722420807322483594e-01
-1.117376826330629958e-01
-1.803182657684522638e+01
-7.235990898936435212e-01
-2.389508811090931939e+00
6.338231204367643201e+00
-2.177780210577911824e+00
-5.955210021265688880e+00
-3.791502433390749438e+00
2.816291494703951903e-01
7.321852955417508468e+00
4.275071789464909955e+00
-4.080785660938767379e+00
6.777297426262972380e+00
-1.546637044463939681e+00
6.529324064857442877e+00
5.172693537600867586e+00
-4.467738718808110576e+00
5.764717945688378364e+00
-6.983374520125451568e+00
-3.858905290055508086e+00
-6.943816430114338800e+00
-2.302957797754284108e+00
-1.698967538402971211e-01
-6.908389247413065926e-02
-9.227054933020514271e-01
-2.522444141525135741e+00
-1.052131597602774349e+01
-4.576582015168589201e+00
-8.089974886554948341e+00
4.408013596859317929e+00
3.587407102002658110e+00
-4.540953866408106165e+00
9.324591538007048541e+00
-3.543766424718299834e-01
4.164231899104303025e+00
-1.260331154367681528e+01
5.177724376426493968e+00
8.155549252180056552e-01
3.286115804550187480e+00
-1.330925265087028109e+01
2.955659636457115713e+00
1.130372264603101762e+01
-5.530096838472711163e+00
-5.220692982595991793e+00
-2.977207168305277207e+00
6.161981950402136698e-01
-3.134285517304157054e+00
-1.386877593735902359e+00
1.412032620783228554e+00
1.575319681791305548e+00
-1.747243790582524658e+00
7.421778794218214514e-02
1.723421720111865563e+00
6.220125394829461030e+00
-2.609382916736342928e+00
-9.068636336769170470e+00
-5.551348970080817402e+00
1.323893827850255889e+00
1.110391997159532629e+01
1.203663398463903356e-01
-2.526769270811992207e+00
-1.762613054701204440e+00
-1.380105461135066314e+01
5.530774487968996844e+00
3.024835912004209426e+00
6.518196108338059069e-01
1.459416186705158047e+00
-1.159586740212208422e+00
8.723023492739047313e+00
-1.852714783623434780e-01
2.549206088583939600e+00
-3.929855067771174326e+00
2.770788650860404712e+00
-3.676736421132004828e+00
-3.449737266898467158e-02
-3.901895702696607238e-01
2.022994181890679144e+00
-3.590684550564826605e+00
-8.096904975869609444e+00
5.435585981119816168e+00
7.237296500264498889e+00
1.556787342060841572e+00
-2.257369102248341974e+00
-2.044504237244653133e+00
1.118719511417660861e+01
5.072026676047015847e+00
-3.893608934181502779e+00
5.897838407680213280e+00
-5.718700779769014808e-01
4.407936149347053245e+00
2.702951411072779919e+00
-1.965511345069441251e+00
2.736009559841329875e+00
1.289235824394429963e+00
5.778797274703741937e-01
-2.634498541433461849e+00
4.628523692555465807e+00
-4.101281910473375092e+00
-1.010170963293685453e+01
-2.369244755959387660e-01
-9.148248182384788763e+00
5.923963033181710358e+00
-3.131597711349447533e+00
8.175169354923466081e-01
1.988817872247898189e+00
3.190477629106415858e+00
-4.115495642044519897e+00
1.096789381627444193e+01
-9.232204886987926074e+00
9.721577600590608270e+00
-1.661665460382093951e+00
-4.506796900323684518e+00
1.246828441414146482e+01
3.699388490219919667e+00
-1.580974857025121860e+00
-9.943731140021400128e-01
-1.699788318887331950e-01
3.378362317954920702e+00
5.715251767635839641e+00
8.404351159038187191e+00
1.117043530786653527e+01
-5.655113234751164342e+00
6.868590347227231163e+00
5.383964597402975727e+00
-5.283996037408533297e+00
-5.087288798196508921e+00
-4.273062349213004651e+00
-5.884708895269161744e+00
-5.254428925417228058e+00
-4.656488813502945412e+00
1.815479676481069671e+00
-3.257639686349397934e+00
-6.151634510365731501e+00
9.753680148210285950e+00
9.543846550228277437e+00
-3.402345760502446304e+00
-3.331545349801767308e+00
5.030428916508238757e+00
-1.690727652953038174e+00
-2.090281792780479986e+00
3.295225149701355161e+00
-5.559388453611328273e+00
3.885096498919295982e-01
3.310038757281145827e+00
-4.107169965102216658e+00
2.511239228355805153e+00
-6.232930593974749911e+00
4.128936283675292529e+00
3.023286265604848477e+00
1.059135613278022880e+01
3.162399273968677704e+00
-1.378719315634855924e+01
5.443238737035015262e+00
4.821378713863192722e+00
5.062346386833011636e+00
1.057004892325060341e+00
6.182442080850671928e+00
-3.792414002722603872e-01
-7.345236016367540088e-02
-4.484303791190937361e+00
-5.165628293558899742e+00
1.159606946372099401e+01
-2.845416916185731004e+00
-2.412603831638602259e+00
-4.750800232993795724e+00
-5.620365287488240824e+00
-6.769254089238954109e+00
-1.441608969004833085e+01
3.766687982163756221e+00
8.472062447375291683e+00
8.405644936833450487e+00
4.242668732533724452e+00
-9.109114579207968632e-01
-1.514419841803654299e+00
-8.509289960972700184e-01
-2.849377707278244021e+00
8.260521089392160121e+00
-1.906562325548965653e+00
4.043014604284350000e+00
-5.189990449577958076e-01
1.207829821130007986e+01
-6.436304652217777367e+00
1.288818461017233741e-01
-2.100756488206177330e+00
-4.093464326583555746e+00
5.159711213055130585e+00
-3.073433568982036679e+00
-1.186032248475094475e+00
2.630604596328429245e+00
3.585383908069855963e+00
-7.938974809302270508e+00
4.713904084024172825e+00
7.630711772239646695e-01
7.371063049799873035e+00
-5.499263175728630770e+00
5.963225589936659077e+00
-2.762012265566768932e+00
-6.907663900510604194e+00
-5.099785259818817806e+00
4.056999200362401581e+00
-4.543732134404697476e+00
-1.313302728917506434e-01
-2.876275465711475743e+00
-1.948616030994083093e-01
5.473867893577057941e+00
1.542357864204863738e+01
-1.591887265589363221e+00
2.957572830875386138e+00
-4.878067067100486098e-01
2.117510702759015651e+00
4.127219974832902594e+00
-9.540174361683444459e+00
5.309695532003916973e+00
-4.460452748925046507e+00
-8.864828094177951812e+00
1.557965932519657981e+00
7.427351746561296153e+00
-6.922073304531651816e-01
3.295420101393087720e+00
5.431234712098397921e+00
2.016254951080311275e-01
-5.264630954422818476e+00
-1.062650385224815253e+01
9.939476912467618774e+00
-2.695480557217578621e+00
-4.285710620715812880e+00
-8.937618863451673334e+00
-3.205468851292253341e+00
1.198487665833549709e+00
-3.012810795665109342e+00
9.723465790930374553e+00
2.559033659592305221e-01
8.088773309675147516e+00
8.420084226364290547e-01
-7.750249907942183825e-01
6.647994549781364171e+00
-3.521904527033401511e-01
-9.460859185602199517e-02
3.798320685788840301e+00
4.578097489946043375e+00
3.658005282477402531e+00
2.941556232379202385e+00
4.988365625527885427e+00
4.021233689577749182e+00
1.364733922048200876e+00
-9.597991594464179599e+00
-8.473419197807924519e+00
4.657964906432193075e+00
2.376987691348095844e+00
-2.315256624639757455e+00
8.973245624125647524e+00
-9.040232194438780899e-01
8.450955604502707885e-01
1.042545932889459870e+01
1.715600686704142896e+00
-3.741401122665307444e+00
-4.562477668011236664e-01
2.275461468109866381e+00
2.382621443231579761e+00
-6.244682677716065555e+00
-3.370418509752004965e+00
2.158244451705733535e+00
1.377528823105498734e+00
7.969658546412700773e+00
6.702431113719902633e+00
2.579697470772312151e+00
4.582617165090654865e+00
-3.287622039280683417e+00
-8.493756607524852731e-01
-8.180824087559715352e+00
7.518153219704407419e+00
-9.564571874421164965e-01
-4.425119957483767408e+00
8.942052226060713593e+00
-1.570541157329422788e+00
-1.577336968472740741e+00
3.658972119284117586e+00
-7.816529681448253220e-01
-2.877191265742832016e+00
4.807693357591462657e+00
-3.920314636994000068e+00
2.639788562656605997e+00
-3.272303765191284519e+00
-8.721815755062129583e+00
3.735101459726807960e+00
1.001139692077217802e+01
1.425478900563728146e+01
7.054716940404010650e+00
4.566025257486646893e+00
-4.760461662014572326e+00
3.740983580749902337e+00
2.950612828898330875e+00
-6.347815934219447342e-01
2.186051440206059127e+00
1.634561495602334658e+00
5.416748992765598736e-01
5.917597351602847056e+00
1.081932673881667029e+01
8.386031796262287230e+00
-5.668406817808182119e+00
2.425612270634492695e+00
3.309046833288873835e+00
-3.944829182623176056e+00
2.885719461669519426e+00
7.311561278642965789e+00
-4.999312741485644196e+00
5.008519106475889160e+00
-2.360406097022764271e+00
6.364025481434559595e+00
-2.514999546057510305e+00
-2.139996080319161997e+00
-7.782286748937746523e+00
-3.524630633305932292e+00
8.799556934780553563e-01
-1.938865213639550333e+00
-6.660874475017732443e+00
-7.578869344804989083e+00
-8.918160869255387979e+00
-2.070804385661542568e+00
2.271620102437561073e+00
-2.454118608700763815e+00
-5.880890872648911305e+00
-2.615050075249104822e+00
-1.457131065200410469e-01
-2.031648659341503738e+00
-4.890760340003122764e+00
7.411093209447323638e-01
-1.369053885891900890e+01
-7.702828418548091083e-01
8.231828721091245527e+00
5.649534654905901121e+00
-1.438642946688329971e+01
1.507752425663102080e+00
-3.897337388807097902e+00
-3.943484465989030241e+00
1.051755934807173354e+01
-8.214013588814152556e+00
-1.417060512081347312e+00
-3.069756417718426000e+00
-9.662309054890913629e+00
-3.283802650391744127e+00
-1.726633261649160644e+00
2.656732800676753214e+00
1.820118524244188851e+00
-1.226409503556783775e+01
-4.265813915689570024e+00
4.406537831808354788e-02
6.804611625722285950e+00
3.983727749671583940e-01
2.432764912755591702e-01
1.067099968967875334e+01
-3.994363510581359300e+00
-7.742206357752637658e+00
-6.872451979633689589e+00
-6.483140572945269575e-01
-4.921202984597296215e+00
-9.127868483008396705e-01
2.215438111654892239e+00
-1.392179012557665185e+00
5.673080489403263371e+00
-7.193289050042492860e+00
3.980156693709624438e-02
-2.543650067175658336e+00
-2.938564874071179389e+00
3.019044277719677538e+00
-5.235473326472093625e+00
-2.632699303913507372e+00
-3.145563064456299074e+00
-1.188135059521403925e+01
4.266172989675618865e+00
-6.934562026949890878e+00
-3.854219008986491168e+00
1.126831610762156100e+00
7.214812091558170160e+00
4.200137901194292311e+00
-6.220590681892042006e+00
8.970953191289307682e+00
1.178925048228820077e-01
-5.223511893715045318e+00
-3.483989306053484114e+00
-7.367816268123388745e+00
-1.515444285051700257e+00
-9.529587733359953461e+00
-7.871844578507158907e+00
8.528312289614564889e+00
2.550175001592205337e+00
1.397169269640381017e+00
1.862680358616668475e+00
4.726750462602375080e+00
7.230343359672893655e+00
5.660890489244820856e+00
5.149178793057963333e+00
3.917929660636214617e-01
-1.123519981274998081e+00
-4.548775218320546543e+00
-1.702609215352378635e+00
6.097911345113843362e-02
9.366321095546648046e-02
-2.941329331677905223e+00
6.106432759567855584e+00
2.637698191906890699e+00
-6.716794597600275196e-01
9.830779398016140647e+00
2.962222062653482091e+00
8.823060027847978048e+00
-2.123838930716954732e+00
4.389521252470035328e+00
1.475305983331042681e+00
-6.017614699679016965e+00
8.593443382119488883e-01
5.703193569310545996e+00
7.985035626522301477e+00
8.067203405861558263e-01
-2.262150852773806342e+00
-1.044846423679089309e+00
7.506371127681212840e-01
-4.558505503552443550e+00
-7.232102322330578481e+00
-2.588017419996812229e+00
-5.677522308651561378e-02
-1.256301716268761748e+00
-7.778229514485573759e+00
3.776624192031968086e+00
7.076059628016206915e+00
-1.920098413112025781e-03
-5.585269740517725623e+00
-3.005634507686111068e+00
-4.001515049097515764e+00
8.439773545235137675e+00
9.579272304151309925e+00
1.006903409855197751e+01
3.362787664188649828e+00
-2.144248949168062968e+00
4.456003407017011142e+00
-4.320268366226838630e+00
-4.587810925984637578e+00
2.474936487493054837e+00
-9.883018709788158329e-01
-1.221296217023583708e+01
1.549552395574627095e+00
-1.850041241772798717e+00
-6.016107036861650936e-01
-1.607866124836095367e-01
-4.491722870406539059e+00
5.531863702836529839e+00
-3.202271822192921391e+00
-5.193803825856805334e-01
1.319783399275462843e+00
-1.008194472206222514e+01
-1.402272045330439099e+01
3.740620941619250850e+00
-6.916390170548015526e+00
5.558260748868448786e+00
1.690738372842028658e+00
-9.587549830179099786e+00
-1.198406308285460753e+01
1.938101687473295920e+00
3.455737393648785183e+00
-2.022815417352426426e+00
4.545880853650079878e+00
2.758809971019920315e+00
-6.721619610176356119e+00
6.440271957284207538e+00
5.342963229894474253e+00
-1.855729198699067606e+00
-3.534156280379180615e+00
2.214525965621120474e+00
7.115768104827143503e+00
1.210794040455719811e+00
5.339753025565976863e+00
-3.641262471486268915e+00
-5.768051945131395186e+00
-5.329746075615760859e+00
3.083435391361724509e+00
2.433441464071194105e+00
-1.791439840167471598e+00
9.244678349574666498e+00
-4.099696185599787768e+00
5.030763113909094031e+00
-8.500834861775736329e+00
-2.910925390029373006e+00
-3.975580863162500034e+00
2.068729157428716992e+00
-6.480801767933089153e+00
2.592094500206058250e+00
1.620847688742438342e+00
7.416284257994494311e+00
-2.810098597966844913e+00
-1.556462600299362453e+00
8.430593359807630804e+00
-1.243751233283350022e+00
-9.732771906012889218e+00
-6.084070600259011030e+00
4.835406215609291181e+00
-5.665563957965666475e+00
3.651669759037348584e+00
1.119574736239263846e-01
-2.952703046776951723e+00
-2.264044944300978912e+00
8.641411188825728118e+00
1.001798568685506208e+00
-1.120495022532987939e+01
2.963915198168360465e+00
-3.066872440628393148e-01
9.766795014368220507e+00
-6.764111647008686390e+00
-4.671093725204530145e+00
-1.570241849542385104e+00
5.786772022855024566e+00
6.875224367646601831e-01
6.295723799502556339e+00
3.172615534575822238e+00
1.259380950554197964e+00
-2.073712833897808139e+00
6.863670424771532552e+00
1.039136950388918912e+01
-7.589912315884914662e+00
7.941186879238995466e+00
-4.649013156294149240e+00
3.415574332435647786e+00
1.064825146474078110e+00
-6.822385508987053981e+00
-5.587553815166629967e+00
-1.017023617245387701e+00
3.454699411716247504e+00
-4.217906228581737027e-01
-1.165080574800209057e+01
4.666889733889220793e+00
7.486261577372022025e+00
-2.675724236295860425e+00
-1.880250705282194179e+00
-7.459390969086383549e+00
-3.357639507488288100e+00
-2.820726824453327453e+00
-9.424131678324271233e-01
4.586793857546825670e+00
-6.392269066315844128e+00
-1.959514669568622747e+00
2.851524614305098293e+00
-1.306099154000568063e+01
1.066303846709625525e+01
-7.078044459306755964e-01
2.266401569778423664e+00
-4.271459196329725039e+00
1.964741603077570620e+00
6.361995729702629276e+00
9.328827492070990601e+00
5.698277886669117720e+00
-8.588624108916587119e-02
1.456119731378568360e+01
3.987398702615388313e+00
-1.102868513446026988e+01
7.935042767754261206e+00
4.033692858639644996e+00
-2.891960061236219737e+00
3.206058344532831672e+00
5.637572150165068408e+00
7.803526552782852121e+00
4.986895275444596543e+00
-4.184120428693129057e+00
2.939118996982916343e+00
2.773486490621808187e+00
-9.461144597949175949e-01
9.149218165315990969e-01
-9.534888234406475149e+00
5.989760994365981972e+00
2.912592261741803856e+00
1.110177788520589282e+01
-3.157098725969988973e+00
-1.548103177891742233e+00
-9.112567033743783629e-01
2.080836276037630606e-01
-4.041059655264005457e+00
-1.228639721731392909e+00
-2.053374735459762568e-01
6.105663306682250102e+00
7.095792259535504520e+00
2.787755373179393370e+00
1.359204469905249457e+00
8.964792917791307048e+00
1.511567832447246351e+00
6.076238696746461443e+00
-9.142696735460306812e+00
5.731121399936105476e-01
-6.506981780147558680e+00
2.403752904581180516e+00
-8.201628568567095101e+00
8.184485282868332323e-01
5.064937018175818650e+00
-5.317484199961330482e+00
-2.384275806229607220e+00
2.565148336671558837e+00
-1.303743126912339623e+00
-1.170751345442901759e+01
6.925619268526218342e+00
2.315034492070168759e-01
7.186628773334728493e+00
9.209362016860893618e+00
8.679020821406262520e-01
-1.929246681620348847e+00
-7.937953219177693587e-01
3.377021190085651270e+00
-5.210631900678775352e+00
-2.012598452945062455e+00
3.690577809961700595e+00
2.132326125233804159e+00
-6.540426337117553501e+00
5.605534513884886660e-01
3.886080685097482057e+00
3.100455302845408490e+00
-4.822350216725888039e-01
4.157625002310656015e+00
-5.112779401917982192e+00
-1.225770225022282389e+01
-3.862241416721377441e+00
-1.416357536507062864e+00
-9.855658436471898654e+00
9.711152461372482003e-01
-4.560435372697007494e+00
1.904630458033954143e+00
-1.294678199265181018e+00
7.741125583271760036e+00
-7.315033583428281361e+00
6.886677087936877939e+00
1.484670229596026303e+01
-1.301247582778404244e+00
1.377207959021243333e+01
1.073464154388619196e-01
-1.445788865024963732e+00
-2.203608700750329330e+00
-1.393134384969077821e+00
3.923746352165059292e+00
1.065034967123682064e+00
-1.075567088938409910e+01
3.375509956822760227e+00
-3.670709197210693553e+00
-3.609697296799163624e+00
6.703557436858734953e+00
2.252023516036612438e+00
6.530061067624036042e+00
2.577304765542085541e-01
-8.876588410448077227e+00
4.630529900661867870e+00
-8.844159862202554123e+00
1.110567472788868493e+01
-1.216045762975803157e+01
-3.045822148306246646e+00
9.909818229879288509e+00
7.926663390080366689e+00
-8.817985780126365469e+00
-2.249557359849374549e-01
2.532907634208930503e+00
-1.287152891169586422e+00
-3.174897341105895165e+00
-2.376278284699011589e-01
-1.138550750348478191e+00
7.891302475405646888e+00
-1.432033695283507768e+00
-5.216941999711586675e+00
-2.413162772918815424e+00
-2.951103051373053621e+00
4.941381539519368538e+00
1.357927720317155362e+00
-4.663274034036466453e+00
9.501515518951130446e+00
-3.559295905444475494e+00
-2.568186641024441386e+00
-5.826362725290115563e+00
6.828927680189099902e+00
2.991749618093259233e+00
-2.806614317195893715e+00
3.889063164112561033e+00
1.216217688581192835e+00
3.875006965235131773e+00
3.176232077055344938e+00
-1.049934417383128604e+01
-3.520238500888035027e+00
6.739721797130862058e+00
-4.411983152321902857e+00
4.445953585041389822e+00
5.674331438906714098e+00
-8.649610434082017463e+00
1.041667020690423939e+00
-1.112854546351755847e-01
2.813074594286767649e+00
1.214035148518071416e+01
7.282108548816419891e+00
5.397545731799493041e+00
-2.460536636890105822e+00
-3.277081775155773480e-01
-3.438195799293739530e+00
6.553056647013541181e+00
-1.045425944275875452e+01
-9.320585199077041638e-01
2.508682357289584886e+00
8.549894451493102565e+00
1.335960866004721304e+00
-4.269386013861339535e+00
-1.879771195975548093e+00
-2.127366006226882433e+00
6.727825891972754491e+00
4.137057073825209486e+00
2.764269320725023071e+00
8.396496706169161328e+00
5.843952431570595962e+00
2.071078396085933804e+00
-8.849289086197423160e+00
-3.500214706574903190e+00
1.754522703444622467e+00
4.921159940917924303e+00
-5.048702163638955298e+00
1.443027359038289714e-01
6.679143009213920346e-01
-4.474325550643217575e+00
-3.121941547118341376e+00
1.201041655055809088e+01
-5.535892094863318569e+00
-2.092260630850002912e+00
-1.253080592913909008e+01
-1.739728926244981988e+00
-6.735987268736517430e-01
-4.327975394801823583e+00
-9.237298135692850742e-01
1.880136338821389863e+00
3.698733841386151688e+00
-1.786488294408695943e+00
-5.778214157460718425e+00
-6.872936090417344213e-01
6.614870614553736594e+00
-9.938727620130269003e+00
1.396414991680956508e+00
-3.737983276930584964e+00
5.690147097392841857e+00
5.087493289740626423e+00
-1.849641446140597223e+00
-5.325044413434520507e+00
-4.748693853290004707e-01
5.795118828690301704e+00
-4.232601163708819003e-01
