-8.503319609445618710e+00
8.924810049714592353e+00
2.562491620746619958e+00
2.274883548992438520e+01
-1.365188617130094606e+01
2.386108698273722339e+01
2.887885416130101746e+00
4.583129844998137514e+01
-1.707091602500974759e+01
1.456428713434191735e+01
1.194589690193450160e+01
-1.347394626300331666e+01
-3.074874634279843733e+01
1.039543523616991294e+01
3.950786704814622396e+01
2.788898799269985851e+00
1.972910329996384604e+01
9.469696836577430332e-01
-1.998400003337536646e+01
2.174820560254414659e+01
-3.006299772294851458e+00
2.790971757780587126e+01
2.593491783158778574e+01
-3.616211766297307229e+00
2.431127393428208450e+01
-2.414303455772274987e+01
-1.028062649625976910e+01
-5.706054992792073222e+01
5.826744620589440871e+00
-1.733192852500854642e+01
5.015485740937530323e+01
-3.193093144196944344e+00
2.733696613512183049e+01
3.777542315156149755e+01
2.201094560449151771e+01
2.070976112761015742e+01
-3.216736777756995735e+01
-9.357193745090762960e+00
2.073053815864268756e+01
4.007338329924939657e+00
-2.176655093411936193e+01
-9.696736998700097310e-01
1.560917772625941069e+01
-3.604429461321673500e+01
5.489392295760364249e+01
5.408263472756240731e+01
2.466999034256787127e+01
7.203305323362076962e+00
-1.384914068039550017e+01
-1.276941953455877687e+00
1.125244327813745215e+01
-2.615310566175678986e+01
-2.707889658794132970e+01
-3.420036159232451745e+00
2.429665999061796811e+00
4.511626260735975080e+01
-3.330463618154608696e+01
-1.587724043562941389e+01
-4.318127083578438885e+00
-8.624157795643151658e+00
-1.539169426359982040e+01
-9.634595189814325167e+00
6.819263935073450078e+00
1.025440760702327125e+01
2.322851216281446440e+01
2.648317395358924031e+01
-3.020609564892382792e+01
9.084803143969722328e+00
1.277661916823603860e+00
1.344229320654348925e+01
-2.028036289008560900e+01
9.398598137975335831e+00
-2.002318256644967320e+01
1.658003993551068334e+01
-4.562722131489985600e+01
-3.766647501010311316e+00
-4.335011693377113673e+00
1.245863519234638872e+01
2.159599482345538135e+01
1.169867357874021252e+01
-6.604627927838498280e+00
-1.636895414038095353e+01
9.727929611132534404e+00
-1.004218318951149769e+01
1.458086194579518313e+01
7.074459402329377866e+00
2.568528203307566571e+01
2.503703574173991342e+01
-4.901898004409463994e+00
-1.968295217580959644e+01
2.289333861797848613e+01
-6.514089161916069770e+01
7.169052992638348165e+00
3.368302818795529419e+01
2.600582794471691983e+01
-1.701346758972381679e+01
3.600195803165465236e+01
-6.478997540777052810e-01
2.404827601722318420e+01
1.105679715717525724e+01
1.035007450478091062e+00
2.552457384320504019e+01
-6.818294762679870225e+00
3.516457927484593426e+01
6.971544374293429769e+00
-3.214054548217850993e+01
-6.582161558731247197e+00
-1.446504773471335348e+01
-1.110779810174531335e+01
6.671820343681753585e+00
3.351268825181373501e+01
8.197685996081357729e+00
-5.374502591309300925e+01
1.070792843976830788e+01
-4.333492855386749554e+00
-3.094445192916790432e+00
4.792554550067570140e+00
4.808719074704707275e+00
1.037290624163859309e+00
-1.302347441330916844e+00
4.415672006910730474e+00
1.372134596231260062e+01
-6.856124286633670906e+00
3.143500624108497377e+01
4.184831565840164913e+00
-2.103660406926787907e+00
6.378186447609628829e+00
-8.628953826527752113e+00
1.803285701024929821e+01
2.195951304560059469e+01
3.958265382923676245e+00
-2.336605215718673989e+01
-4.773418066961708561e+00
1.819196760244361277e+00
-6.954397355703742178e+00
-4.696701962715652101e+00
2.928314949477394791e+00
1.983738361411894147e+01
-1.128951213805828857e+01
-4.598540331035607109e-01
-4.552874558536288419e+00
1.421639767388655962e+01
1.754965761420922377e+01
3.036697933515027970e+01
-1.563547260906009129e+01
5.527211182413499513e-01
-2.952213236423906650e+01
1.707973569240218481e+01
2.560430379058481698e+00
8.922233155863787957e+00
-5.635836377187803059e+00
1.213723134108051660e+01
-9.801377966081535220e+00
2.581266311170329075e+01
-3.104936782458606004e+01
1.667938065602537279e+01
4.343661578521507138e-01
4.961658816221515167e+00
1.611351165819299425e+01
-8.358804425627972545e-01
-7.596995445698488503e+00
-1.417634267640850432e+01
5.790222393892817898e+00
3.955420620416148392e+00
-3.757230692247356529e+01
2.658642214946795423e+00
2.700161980285188790e+01
1.588687074807252131e+01
5.599254693107128311e+00
-3.526724388789444831e+00
1.985203627456622755e+01
1.134922075133254182e+01
-1.200124028918617825e+01
3.930111166024584435e+00
-8.597086403058316506e+00
5.606676450388889954e+00
3.820127488427004447e+00
-1.979034801664914056e+01
2.134010709621869140e+01
-5.437442469306052573e+00
-3.232393459194925356e+01
-2.379469751566977465e+01
3.738652510029983489e+01
-1.039775229768253695e+01
-6.040555591989575035e+00
-2.346963462066158002e+01
-1.401307355483000805e+01
9.985673357135432582e+00
9.138594752572320346e+00
-3.353352674830054525e+01
4.332447540814511910e+01
6.156105321687752152e+00
7.082206647686802192e+00
-9.893472946528925061e-01
8.761561683318664251e+00
1.499440709214793799e+01
4.131505344531045409e+01
-1.701658679052339807e+01
6.011526694152511396e-01
6.126111208494744886e+00
-1.599610375723784905e+01
2.354614506952854214e+01
5.299240400872842205e-01
-4.314381762739083115e+01
-1.409849108469027534e+01
5.874946870034359847e+01
-4.436271242779807977e+01
-9.611442114179961749e+00
7.692608609918073492e-01
-2.244627114811600155e+00
-8.646007335072027900e+00
-1.247560104378557888e+01
9.306857289131915678e+00
3.556995255724807947e+01
8.437494038277877806e+00
7.374492661091503365e+00
-6.379192411431918508e+00
-2.521644256074984547e+00
-1.773749578524039805e+01
1.842321544649988141e+01
-5.524829016896289247e+00
-2.268822996430417049e+01
2.333717438039347059e+01
-7.523609137079219522e+00
1.102866060727117059e+01
3.401995616639566578e+01
9.086191439420055360e+00
-2.051685208936594229e+00
-1.088348859158883286e+01
2.087616517018799556e+01
2.620646719364187405e+01
4.190065530425538753e+00
1.170643113198869756e+01
-4.102163513468033074e+01
1.550365175687505293e+01
-3.012029081964435662e+01
-8.350405003435529494e+00
4.841361125341422600e+00
-1.338208996662550909e+01
-2.103402261140703189e+01
-4.102434263146155047e+01
3.193452478160303087e+00
-8.017918337590765887e+00
-7.500194664280462220e+00
-2.066376527252688788e+01
1.515441844009356309e+01
-2.279857768600558998e+01
-7.695227347131211815e+00
1.119312505765914345e+00
2.323785231564732001e+01
-1.909363993040208740e+01
-2.946709324491966697e+01
-1.872426827881669098e+01
9.805293104848132657e+00
1.327968334387695748e+01
1.533722733601002641e+00
2.884049919062500855e+00
-1.623516854863093783e+01
-1.694773272184493962e+01
3.990758270474489677e+01
-2.546266519642690795e+01
-4.653237139181623405e+00
1.265360330209628792e+01
1.916472945730622612e+01
-3.353867894884409395e+01
3.703151413302394701e+01
-1.310002767848188832e+01
-7.681319760243879635e+00
-3.538866248079936661e+00
-7.165673264405050702e+00
5.605553605131204931e-01
-1.974460577443613829e+01
-2.440934997081848934e+01
-1.518274263844555882e+01
-3.848172506883206978e+01
7.739165702710683270e+00
-9.916974945078433024e+00
-3.842637189334110914e+00
-1.654740536569210008e+01
2.388714347834952179e+01
3.354902441180120043e+00
1.726226724415507618e+01
-4.105774852401984276e+01
1.815050895767995343e+01
-6.575418016809674526e+00
-1.578994597830293145e+01
1.418793781516083286e+01
4.429419636727228493e+00
7.288974243854397628e+00
-3.133107686081582344e+01
-3.168985382163979025e+01
-2.312120848729297151e+01
-3.525166602676920036e+01
2.783802770030253271e+01
-1.961747319837514070e+01
-5.838977194746173716e+00
1.443054548967484862e+00
-9.085363443499627323e+00
7.817263783608400018e+00
-1.091334734479100277e+01
-1.593888480774017324e+01
2.534055886339892893e+01
3.977876051570997618e+01
-2.945767551396644990e+01
1.171473716421849254e+01
4.950409221606915100e-01
-2.346230990265774352e+01
-1.849460329821806681e+01
4.656451482037682865e+01
-1.555684673215175984e+01
1.387230359935827551e+01
1.675627825723579534e+01
1.066236606076133597e+01
-1.873516833843388696e+01
-3.004768371538476046e+01
2.445971370980161197e+01
6.724184821665193823e+00
4.150523143656855041e+01
-1.959871684507032530e+00
-7.722737658445395503e+00
1.830691987794995512e+01
4.517043473974043621e+01
1.219453753791173867e+01
8.001797940500186002e+00
4.224015552020034647e+01
-1.925895416422759521e+00
3.651889015431859775e+01
-7.828365134323761687e+00
-2.688338586002517161e+01
-1.485132587464559961e+01
7.710654141650848281e+00
1.161954342366554371e+00
7.117936007931059628e+00
2.958825487342011229e+00
2.938549531509977442e+00
1.990295581471538355e+01
1.988294885180777172e+01
4.596047775949278602e+00
-7.854582968618100125e+00
1.130218506648496302e+01
3.345281044481670563e+01
-2.449520715380451463e+00
-7.674920799800860394e+00
1.104127827284109031e+01
-7.684998494579459383e+00
3.486548524883312439e+01
1.417149441185000036e+01
-2.856850397017264598e+01
2.921144269964500850e+01
1.241668269712465467e+01
-1.439194932766632462e+01
2.156455936428511677e+01
-1.058844008803660586e+01
-8.791217667953333148e+00
-1.046392122695177740e+01
-2.211531336730728015e+01
9.321919329723357350e+00
-5.916417035951715420e+00
-5.308253935393015155e+00
4.466550882623253393e+00
2.488092026933514234e+01
-4.531858493861530945e+01
-3.477443112979038631e+01
4.128115153355648204e+01
2.176963686988188229e+01
2.691758237659870545e+01
-2.291421534190189391e+01
-1.412747290798002808e+01
3.941638430173565188e-01
3.583717932517532567e+00
-2.210513488972365792e+01
-4.560184857525674929e+00
-6.436741430482923576e+00
4.227354674029009551e+00
1.376659557866883210e+00
2.869531835062382186e+01
-1.721265390057755473e+00
9.555539366587785466e+00
-9.324895347268389756e+00
-9.812624620203171943e+00
2.368351361023259471e+01
2.144034585660691761e+01
-1.836814112465031812e+01
8.361193801548614246e+00
7.252406183776384019e+00
9.829837232082708098e+00
2.716963033536564609e+01
-1.426250002246873905e+01
1.109681070990397167e+01
-5.953695775498676568e+00
2.674104249587838655e+00
-5.701644337537491225e+00
6.049406058538591147e+00
2.751424068948519874e+01
5.101786488384314922e+00
1.497104441706239975e+01
5.609215667446544984e+00
-9.464703519279746402e+00
3.270327338528344541e+01
-2.013112096513973270e+01
-1.862328254559945862e+01
-3.913656226632862456e+01
6.609829134861533007e+00
7.096200043090218124e+00
1.370355036071024735e+01
-1.494670615606593955e+01
-1.572805919015575959e+01
-2.348936178218808024e+01
1.766554381292116105e+01
-1.053468530209371856e+01
1.141348410290952131e+01
1.475141045448942378e+01
-5.862939670710563433e+00
2.709687671145656651e+01
1.460043735722918967e+01
-5.139940260176726339e-01
2.528773031378818104e+01
-3.691836580245725941e+01
-1.679213029456507078e+00
2.518826283738824756e+01
6.742685495240171356e+00
1.944868511112015241e+01
3.423023413239677382e+01
-8.125595900113959047e+00
-1.199696949681519698e+01
-9.700446794431909492e-01
1.749134764585719637e+01
4.498775183747111051e+00
-1.353352107939183568e+01
-3.315666952265113876e-01
-5.492278844370417801e+00
-7.431924391985020861e-01
-8.697756595374769972e+00
-3.162387653205042426e+01
-7.639959461266042418e+00
5.996617295299738259e+01
-6.414982439066706732e+00
2.934802584003797676e+01
2.221279721469035451e+01
2.223757755335422104e+01
1.870383695477117136e+00
9.665729546622152668e+00
1.078846227377222355e+01
-2.170088681652281970e+00
-4.346130976304848126e+00
3.542887526976015522e+01
-3.304052471387146284e+01
1.530203756608456089e+01
-1.714183472002006603e+00
-3.294329569658864187e+01
-2.910648380779981892e+00
4.513134266430844477e+00
-1.979565136030212447e+00
-1.189104313422320258e+00
-2.839173084153414095e+01
-2.031770177660555277e+01
1.995774466185594775e+01
1.446468235490897314e+01
1.368098182282479947e+01
-3.112175017385383313e+01
-1.975157840124698794e+01
-2.990199887447486304e+01
4.183065508567594293e+00
3.000954570700440627e+01
-3.823130396534803133e+00
9.694273372637566055e+00
-1.889478427486273659e+01
1.854521228242020925e+01
6.134810685343929038e+00
-3.284483468391429994e+01
-1.440511516077929821e+00
1.634851837559843091e+01
1.520966040191111368e+00
1.493980011959279075e+01
-4.085317431382259201e+01
-2.237983541467180615e+01
1.663090451124793745e+01
-7.469789992601977957e+00
2.190428440025723944e+01
1.839454096615663659e+01
2.965093026191254921e+01
4.379535592219277795e+00
9.395662593046766986e+00
-2.224082766497071262e+00
2.801937799157473652e+00
1.801471596845862067e+01
1.558635567917777465e+01
3.461893744529817951e+01
1.835465722205263361e+01
-5.882825037740714968e+00
1.041131958579097017e+01
1.394134103515175305e+01
-1.159638425395620231e+01
-4.961054133694066337e+01
-2.746044040514582463e+01
5.770424612752174554e+00
-2.385552704167400861e+01
3.733692949522468663e+00
1.411512133638952804e+01
-3.421153672199238827e+01
-2.258159632787184989e+01
1.053649147541250741e+01
1.179532482084746192e+01
-4.354672291976488196e+01
-4.155850090276040021e+01
-2.110276327010484465e+01
1.081556242780185606e+01
-4.124626545627626939e+01
8.303137752481440259e+00
-3.535060390269772768e+01
1.383638927796160267e+00
-1.432050714239674782e+01
-5.828776349366745713e+00
-2.020163354364731134e+01
9.721312095553022559e+00
4.367224177198150592e+00
-4.289298005416079640e+00
2.180500296920792991e+01
7.568136745925564401e-01
-1.374465091948539985e+01
-1.631521894588239263e+01
6.105174216345332638e+00
2.168855338748207906e+00
-2.053672735255672066e+01
1.144806829540418747e+01
-1.557474204212821789e+01
-7.727799786032836238e+00
-3.934937901267583982e+01
-8.829617913090354264e+00
-4.097743893784234537e+00
6.270414884898974250e+00
5.731238567528142092e+00
1.301731447573368960e+01
-1.133846734800972200e+00
-4.468554188892322543e+01
6.370326591916824377e+00
1.459706432522725095e+01
4.927150634364240034e+01
3.469722192976318897e+00
-5.620489020739570662e+01
7.216121491870810090e+00
8.158036008699387054e+00
2.001821014380575914e+00
-1.631506561239491049e+01
4.378459375349851257e+01
-4.792719267640198844e+00
-1.275673097989187266e+00
2.731619439624477952e+00
-1.822346615265733050e+00
-1.015276059498926919e+01
3.645921825287045692e+01
1.755451594562937601e+01
-7.248552823488796371e+00
-8.893702254850893496e+00
5.718248434438572225e+00
-1.435923074262816179e+01
-2.599067885530561384e+01
-4.413329796144966899e+00
-8.405707555869767589e+00
3.029186975180080665e+01
-3.265956314676182082e+00
-1.005711472029157250e+01
-3.618776072811320432e+01
1.164631545465652618e+00
-2.075229558781191486e+01
-1.511766415775497308e+00
-1.821395348736362507e+01
-2.375084942482030925e+01
-7.746143155609698461e+00
3.042955042069642069e+00
8.213693060759903464e-01
7.541776448951384992e+00
-2.409731849839583262e+01
2.637652701071916628e+00
9.188096198074001464e+00
1.520104386976334254e+01
-6.826468284833969724e-01
-1.778458852973441395e+01
1.070382098131208970e+01
3.770225450398921652e+01
-1.372604668034965769e+01
6.587805390468263411e+00
3.153113054571679008e+00
-1.568172229045217314e+01
-2.079702908895290747e+01
4.351511755920371094e+00
-1.221207015770279547e+01
1.774331983614962471e+00
-1.872770338974537196e+01
-1.280383518546836719e+01
-2.623376390041534378e+01
-1.756328612362365149e+00
-1.805505729623170907e+01
1.645925227559365212e+00
1.989772021437229199e+01
1.789628334449510660e+01
-2.058551531741279916e+00
-3.777297469447858447e+01
-2.977285465648368756e+01
-3.738955706485564434e+01
-2.838423919583217270e+00
1.411353639433772322e+01
1.826820217414993408e+01
-3.280780933163399737e+01
2.166114729145498430e+01
-3.044484791832091730e+01
-1.946207774930201140e+01
-1.535631285618258346e+01
1.996264583546951954e+01
-2.076464697238549206e+01
3.760476856701436077e+01
-2.204647634485328922e+01
-2.766084153471267371e+01
-2.799906324731889740e+01
1.291627299671921492e+01
4.172518057419880577e+00
-4.241270982844240933e+01
-1.689360723435662237e+01
7.790775155498348425e+00
-1.860819463692238784e+01
-2.525214668252392158e+01
-5.271538132481032868e+00
1.046721303992523389e+01
1.082104368333421363e+01
1.713747939255135577e+01
1.894250071910953892e+01
1.987722789115499822e+01
3.173560567906307028e+00
4.994040222968422427e+00
2.513708344030101927e+01
2.072083702994290277e+01
1.639987881938030867e+01
1.679744240851598036e+01
-4.185599584869234668e+00
2.658948479202464910e+01
-1.782366582923623710e+01
-8.558261476780094412e+00
-1.053774611675214601e+01
3.489507192396573032e+00
-2.348914972798586476e+01
-3.094045041599406076e+01
-3.599229178587244782e+00
-3.747688562522104583e+00
1.284991543116965929e+01
-6.439857199053406589e+00
-6.114027208370702127e+00
6.543476686737538017e+00
1.966449819433158552e+01
-1.113419310618397517e+01
2.226633005144726241e+01
-1.763503275957362604e+01
-2.565454388327038515e+01
4.552193146906966348e+01
2.113671583883024141e+01
5.754863196352554056e+00
-7.455186940204105106e+00
-6.655286853446205519e+00
1.790004100202746784e+01
-3.301380412709710299e+01
1.390342070613376535e+01
2.297498689391712645e+01
-4.972411678872017404e-01
8.589167139136858253e+00
-1.727867377149310002e+01
2.148918481835722361e+01
-9.590193604695537388e+00
1.282865760709200842e+01
1.339901718387626595e+01
1.904027258689225377e+01
1.101116269905894507e+00
-3.148161960007529903e+00
1.197059198242692091e+01
-1.203632881647168773e+01
2.398739333698217457e+00
-2.858064638872625807e+01
3.662661877413139866e+00
-5.078962286455958042e-01
1.941026010954504244e+01
-1.136395042832735669e+01
2.537441627891290352e+00
-1.330191959560966986e+01
2.043493093637665226e+01
-3.228102247630555155e+01
1.802457622027950634e+01
1.986167420286929897e+01
-1.479798764782729847e+01
-2.110953739442857824e+01
1.918437609123187837e+00
2.007793813192834165e+01
1.254506633164705320e+01
4.633729751939967834e+00
-3.127727586804146043e+01
-1.682788256165160590e+00
-3.748293312469379401e+01
-1.912457678626764235e+01
-1.690704895685242448e+01
1.078349794642695691e+01
-1.044502590326391100e+01
-5.237721527854289683e+00
1.383892744320078450e+01
-3.301875036546148579e+01
-4.065788802897222354e+01
-1.070395821462253494e+01
2.751393411083429896e+01
1.229937510210599427e+01
1.552845379831127381e+01
2.139710018754624343e+01
3.156319697219975140e+01
-1.670930859369450872e+01
-1.163385244818428976e+00
-4.094650641229836197e+01
-6.460302692500484056e+00
1.634864799281633552e+01
-3.767166848422827741e+01
1.312378954162402778e+01
-1.798389138590005487e+01
-2.780911263223385177e+01
-3.419471587510831245e+00
1.486566268423682402e+01
6.605705509198450898e+00
3.606767126588028560e+00
5.109893359650099498e+00
-2.840864284550222862e+01
3.668122542369371075e+01
1.253136381464466353e+01
-1.795551711718677224e+00
4.119385345561018852e+01
-3.315167220356759969e+01
-1.390210307839954496e+01
-1.861812669582415936e+01
2.159898156247703938e+01
2.035269126576263687e+01
-4.043827052022249902e+00
-1.269557606646481318e+01
-2.061608199002171204e+01
-2.610653995755312984e+00
-1.452278484071368680e+01
-9.339125562529634550e+00
-3.368831712511799736e+01
-2.813805051570511750e+00
7.847066987949665950e+00
1.280420833090630595e+01
-4.348784059411764602e+00
-1.808705134743415099e+00
-2.034584313704922209e+01
-1.271609726575088040e+01
8.668498187229246810e+00
2.780976836011944187e+01
1.146417323946138112e+01
2.425212914818805388e+01
-1.187964936215670342e+01
-3.569916756426260385e+00
-4.676724729127403180e+01
4.307889396081923650e+01
1.225747362572375643e+01
8.795537173925613850e-01
5.497004075416904723e-01
1.494508725760019097e+01
7.397593835706882004e+00
1.261659824593237289e+01
-5.540050019768043121e+00
5.844474558387141583e-01
9.072571217445114522e-01
3.973528686565923618e+00
-3.124635277795204225e+00
1.781695626960289403e+01
2.870917724504391444e+01
-4.092235375408878895e+01
-1.238039456321537912e+01
-4.501814833950622763e+00
1.051144896238773363e+01
-1.656808810640189922e+00
1.666454983251831834e+01
1.356284994535990052e+01
-3.567242369705440552e+01
7.638191760737809588e+00
4.610528198306430347e+00
-1.277332043319511357e+01
-3.703198403667513627e+00
-2.693058953566440294e+01
1.923374273502293619e+01
1.120755290598712328e+01
-1.359421663827706084e+01
-1.655988346928375776e+01
-6.480455623729243442e+00
-1.963753210105382863e+01
-1.014682974280901995e+01
2.054119459586968510e+00
6.886330359240675492e+00
-2.798741678551165535e+01
4.472784164616557234e+01
1.102271861997085800e+01
1.521454923171092943e+01
-3.601786424551685073e+00
-5.400918586274570998e+00
2.520767116091642279e+01
3.110912071562240699e-01
-1.264375361291456557e+01
4.799226295032136136e+01
-1.790364461707512334e+01
8.345292822907063979e+00
-1.443320327507055545e+01
-2.076733089332480375e+01
3.514309661296544363e+01
-1.627553019881296237e+01
-2.591606387089148811e+00
-6.713127188289869096e+00
3.263440030095638988e+00
-4.437124080930474435e+01
3.189883211277060937e+01
-1.556476011535616166e+01
-2.851079009531911268e+01
-4.653064319886699707e+01
-9.309321944586478992e+00
-1.560282780569787864e+00
-9.928462269139028962e+00
-8.206367729262892041e+00
-1.977916479872207844e+01
-8.303901856119937364e+00
-4.095005522051721414e+01
-3.534544270805992738e+01
3.192788672556446272e+01
7.347278227427242570e+00
4.043048515841163315e-01
-7.671534631439147489e+00
1.395312382117216465e+01
-8.379648240775491530e+00
-9.764706335896056189e-01
-1.440421807971841162e+01
-1.393845423764524050e+01
3.233401940080370451e+01
-1.475091972815084418e+01
2.858722049352189032e+01
-1.225534712935012749e+01
2.156314176028274332e+01
-1.771520727626742797e+01
3.334210220234800204e+01
-1.098796384900557976e+00
-2.138274292443631097e+00
1.189692025720080970e+01
-3.383396776493808744e+01
-1.297983480185127902e+01
6.414605328843688170e+00
1.578265766060364861e+01
-7.301471266310755048e+00
7.070414337338458033e+00
1.007920025603960879e+00
-1.736520332248420218e+01
5.131836371339284497e-01
4.158511197622613231e+00
2.150186158793504987e+01
2.093598634064807484e+01
2.449496012019781332e+01
-1.789162609540555948e+01
-1.756513631099990924e+00
1.004421494586034669e+01
-6.722078784228421533e+00
2.506222124872369861e+01
7.818262582443924469e-02
2.635190255554481453e+01
-1.363234441571998623e+01
-9.528645372813201675e+00
4.754932304509807750e+00
-4.710504367907869749e+00
-1.189490362610079188e+01
9.404166213436129240e+00
9.140385174387127165e+00
-1.785926881619626627e+01
2.761282144337732447e+01
-1.492874658744871930e+01
1.515639421461635550e+01
-1.259593043116968758e+01
2.070805910700008212e+01
-5.608532923181936525e+00
-1.945166482531288210e+01
7.779474674028760361e+00
3.374539975958213311e+00
1.986898851012605505e+01
1.226973988470366983e+01
2.987766030740364176e+00
3.425792161346455345e+01
-1.068779384642427388e+00
-3.883585321198832041e+00
-2.505736676790710504e+01
-9.938466210503690945e+00
-3.191742835012698976e+01
-1.895039730821144985e+01
-1.194383219542202212e+01
-2.173009978313590995e+00
-1.196969999066583412e+01
-1.216748092339113185e+01
-2.971046479476792967e+01
-1.461008289376689895e+01
2.960090733792423734e+01
-4.586383143920098604e+00
3.541342509253873949e+00
1.242549338396056058e+01
-1.552334654304535455e+01
6.180719431252699181e-01
2.515710811976073558e+01
4.438175479204207363e+01
1.705504451886263695e+01
-2.953108232983842640e+01
7.348797449193436582e-03
-2.353883624343527714e+00
5.923055831398213122e+00
8.656004711390240303e+00
1.885634575534874813e+01
2.306039580112051457e+00
-4.967018549296685848e+00
-5.512274752028609726e-01
2.274686364779969949e+01
2.990280405079947634e+00
-1.977931019872448104e+01
-1.699093492255221349e+01
-2.993496951347947466e+00
3.367860295023580619e+01
-2.280203787831062812e+01
-1.289703870466823332e+01
6.443771833269947846e-01
-1.888220715215173229e+01
-1.359044205269830385e+01
-2.815541484054588928e+00
-1.659722926314088909e+00
2.367713870792495623e+00
-1.831162261564380955e+01
2.807996087398865193e+00
4.673380891100002543e+00
-2.771016192720945881e+01
-4.557841931260771418e+00
2.078448397170426887e+01
1.752931215180583635e+01
-1.754315134860274839e+01
1.893610930584486596e+01
-5.772242485440299831e+00
-1.667547761901795411e+01
-1.799173874547997798e+01
2.450491963400947171e+01
-9.762694923759001053e-01
-1.581955219923106881e+01
-3.189411528948600605e+01
7.097858785918941926e+00
-1.698322259434562831e+00
2.095846894980129349e+01
-1.022247178138377777e+01
2.387532915421335034e+01
-1.828182786468781984e+01
-4.209789544732696243e+01
-1.977679144666971034e+00
-5.251927692860519414e+00
5.924816987539169411e+00
-1.926465258254849999e+01
-1.067294303157272140e+00
-5.057281537798675508e+00
-1.389767929259075885e+01
-2.172257771161413942e+01
-2.003499422678394204e+00
-3.197952301806692432e+01
-3.886015943393325500e+01
-6.801061726137329622e-01
-4.554688209926140274e+01
1.411435329588154275e+01
-1.207986546948022877e+01
-7.008969111317024936e-01
-2.950717986113050983e+01
2.683214439071061008e+01
1.245634235131547474e+00
-5.256824030180675678e+00
6.261028492720410732e+00
-1.572041980678318129e+00
-5.002531980404721246e+00
-9.312750273634634368e+00
6.893939164989678403e+00
-7.813582948522050486e+00
-3.056071801520367615e+01
3.366891240189414880e+00
1.494647233571359024e+01
-2.920168579967115008e+01
2.901625450802159278e+01
2.514799204459552584e+01
1.710539841074234602e+01
-1.292012700154996985e+01
-1.714741682508945431e+01
5.440869067292164019e+00
-2.569575007696085933e+01
2.103021152994862319e+01
-8.905928114053887512e+00
-7.681699173569938033e+00
-3.228409800053941581e+01
-4.818631911621448438e+00
3.498159091105499829e+00
2.478790560641064644e+01
1.360804828341183992e+01
8.318810553543084296e+00
3.119130229486036399e+01
-2.947828625662251056e+01
-7.836977112380989041e+00
4.336402543882665128e+01
-1.756182644838990115e+01
3.414815562001387406e+01
-8.428882113341760629e+00
5.662875919536165981e+00
-1.390450657947782354e+01
-2.485011512955440338e+01
1.672665963573447456e+01
-1.650337693780689818e+01
2.882686053662010028e+00
-3.358480102521660404e-01
-3.939819546447218102e+01
1.999746584094431512e+01
6.247184042774614809e+00
-1.979813721099531776e+01
-3.501115205489834636e+01
4.461515226678278623e+01
3.145054403430196288e+01
6.820517533401992960e-01
-6.280813342706201396e+00
-2.671743995410804828e+01
-1.244521897292185386e+01
-9.958889936254802677e+00
-3.653763123114904232e+01
1.173826807145175444e+01
9.009023462072988098e-01
6.108704950891706176e+00
1.593646131657811083e+01
1.687962775578504449e+01
3.286125792395118594e+01
-5.002820958244853067e+00
-1.677933029878529325e+01
6.529184028026080000e+00
2.634772889302601229e+00
-5.734725955727775215e+00
1.621914276275164113e+01
-1.332608312277276497e+01
2.631565850679924878e+01
1.640760271011483340e+01
3.004107186332380053e+00
-4.252245743193671323e+00
-1.597702406023715049e+01
2.442447470994975589e+01
1.902905858340091072e+01
1.824417825786882119e+01
1.088080944306533659e+01
1.140845361736015917e+01
1.100500294285179237e+01
2.159618576020821124e+01
-3.595907054190386809e+00
9.972448123878233872e+00
-2.292436471673219245e+01
