1.610057665289063245e+00
-3.185971534483112322e+00
4.595551607039527475e-02
1.114093996689205746e+01
-7.453015146214701403e+00
-1.216766507725109925e+01
1.925302433438863758e+01
1.473950786573319149e+01
-1.189657650375512077e+01
-3.694564911638797078e+00
1.107783285932373118e+01
-9.480833008028815456e+00
1.586144791284117517e+01
-6.203761691077872342e+00
-1.509226632222841857e+01
-1.953659134349464566e+01
2.493092454140039393e+01
-5.858352506701237417e+00
-8.963937878573604578e+00
7.654203693196659497e-01
1.601009459711190352e+00
-2.033393649667332070e+01
6.020870289533182707e+00
-6.888016544668026597e+00
1.088440971406856939e+01
3.944427256323419950e+00
1.338255410505936993e+01
-5.210687844021582471e+00
2.077584983880589764e+00
-1.549431146382964863e+00
1.042360431929221853e+01
-4.724359609238599766e-01
1.279786568935893243e+01
1.830812594503169688e+00
-3.926509060377240790e+00
3.483393769519089744e+00
-4.539767062688737642e-02
-8.396438636267971489e+00
2.830301668979001661e+01
3.531139711938042325e+00
-3.758050981770015397e+00
-1.208215963799378123e+01
-9.290170558934653045e+00
-7.521654196073027876e+00
2.017502806116704406e+01
1.438452255955992065e+01
-1.850025400559568567e+01
-1.937796692950714661e+00
3.226749314641579769e+00
-3.155221579211310523e+00
-5.453500314802969484e+00
-2.112991007083102613e-01
4.891153594156119055e+00
-1.081450324595068757e+01
-1.323739343112679201e+01
-3.024679509424060164e+00
1.905290095370509817e+01
-7.161331648101320724e+00
-4.487015728494871070e+00
5.776174856630480470e+00
-8.291566366669792743e+00
6.063363234495695586e-01
-5.529912924200552915e+00
-9.313841115773563217e+00
3.769236163724912547e+00
5.221576228742193848e+00
-1.326640071639905827e+00
1.331723441407702957e+01
1.083368399057164311e+01
1.255125554008980515e+01
1.703198036524296199e+01
1.794747296731837238e+01
2.123785038173020112e+00
7.053855527629103506e+00
-2.772869189959639713e-01
-8.162832292947031831e+00
1.154097000013227348e+00
-8.408244350602284811e+00
-5.496566367811531961e+00
2.395065695429594133e+00
-3.120846077036872224e+00
1.054931322686982087e+00
4.044531456447701068e+00
1.188696414933617085e+01
1.820417728197395490e+01
1.326748907659806687e+00
1.108073505451190499e+01
-1.048381101366531709e+01
7.252795176790436393e+00
-8.074549131272149793e+00
1.584703797125483593e+00
1.564078777916786578e+01
1.110562527757876694e+01
-2.384493141711822028e-01
1.017399469383689947e+01
1.035476631239594347e+01
-1.533979378080232081e+01
-9.927711469897580798e+00
1.393890326744545405e+01
-2.864442064557129797e+01
-3.678242380013481139e+00
-4.288747017414338281e-01
-3.874497472566925893e+00
-4.698227349733687497e+00
-6.839681182078011901e+00
7.684809765369090329e+00
4.998672617509937410e+00
4.297473083411055939e+00
8.189565165084428111e-01
1.260123768131689559e+01
-5.227332207003369646e+00
-9.076968638792576316e-01
-1.883091568272558858e+00
-9.509591858717701740e+00
-1.079372099573920529e+01
-1.269294640153767517e+01
6.590254722336757354e+00
-1.111384730586027736e+01
-1.361892608989350606e+01
1.696103704169138471e+00
2.665468504489391321e+00
-3.084849769598825731e+00
4.956980864157372935e+00
6.000959783637527245e+00
1.061324077290460011e+01
-6.946954340123541627e+00
4.401911450168706885e+00
9.061332678346621705e+00
8.889263073367784429e+00
-1.562534385722888608e+00
-1.856166141710987461e+01
6.650959198900234348e+00
1.087698468175684852e+01
9.309449676619147240e+00
-7.320044283132258300e+00
-2.491544843787452113e+00
-2.216466995085604097e+01
-1.084740791194269072e+01
-1.653474045915956481e+01
1.152788411170198124e+01
-4.586734211949174522e+00
-1.027822680122279841e+01
-1.961873088189194192e+01
-1.029705908220586785e+01
1.289772673786520274e+00
7.359471660457357345e-01
1.788806030139583214e+01
-7.751578793875586015e+00
1.247794391542996806e+01
-1.136840996778181845e+00
3.020574885430181489e+00
-1.037495089855744723e+01
1.042232420165900386e+01
-1.883870354251735080e+01
7.446972794653876626e+00
-4.135999125196986981e+00
3.543920362958492110e+00
9.471827373781915860e-01
-1.569699105544706974e+01
-8.868220543576127213e+00
5.234970244520744664e+00
2.113161972353059692e+00
-6.655942322187977211e+00
-6.330086333668305087e+00
7.978588117987321482e+00
1.161172162282645459e+01
5.276278528530513157e+00
-1.055908818471412047e+01
5.329479682653217587e+00
-1.230169226699921481e+01
-2.593158050694943650e-01
2.431230919696245252e+01
-2.313860820217679137e+00
-5.286353721043067999e+00
-1.724946659098208102e+01
-1.489308217359508912e+00
-2.179009244138261892e+01
3.355751176039910799e+00
-1.077565278164364138e+01
-1.190305116638272587e+01
-6.030830468202370120e+00
1.506633165071758640e+01
-1.376359419322841759e+01
5.339485358807726456e+00
5.243933542720532692e+00
-5.000298599752376560e+00
4.235541065374824221e+00
-2.803259934405039644e+01
-1.037734081385212370e+01
3.975180165871973426e+00
1.254923392035383500e+00
-8.580485982186687011e+00
-4.483453954404229336e+00
4.518570477440911226e+00
-2.518136650744934713e+01
4.392266585676447122e+00
-1.881919455538003105e-01
-1.720095121701377749e+01
5.507340557513591417e-01
1.003111308325988915e+01
1.333006070420221079e+01
4.665440997769573883e+00
-8.934270260480580816e+00
7.094460033040600244e+00
-1.570660200137743878e+00
-3.638957835825274989e-01
-6.405220742066284778e+00
-8.187046371082942642e+00
1.979294212413262954e+01
-2.527495925959901246e+00
-1.155310268480412184e+00
-3.222938698287941861e+01
1.325476674215601847e+01
-1.016330402955393097e+01
1.704355617192132755e+01
-8.206628076343569944e+00
2.146619782939662713e+00
-8.711823449737552849e+00
-2.370765710784603186e+01
-1.060825694253674456e+01
1.967153284061476981e+01
-1.411198960773708855e+01
-1.000451466827867009e+01
7.061396338170938591e+00
5.098498558181230322e+00
1.379244244146027221e+01
-4.949471665358444739e+00
-6.240542460324104646e+00
-9.323910664167801343e+00
-3.912831016420005859e-01
1.515605186595404774e+00
4.922932230390034469e+00
-3.221110851614994997e-01
-8.163378855081571572e+00
5.294627756226171655e+00
1.789538989312632111e+01
-1.709141875469793126e+00
9.235078931634909338e+00
-5.874898627809578500e+00
5.734253580991808263e+00
-9.572766104557651090e+00
2.120813903432119396e+00
-3.110993112929730131e+00
4.944098281153854302e+00
1.988630595722466765e+01
1.304336459531923076e+01
-5.817164968145073445e+00
-2.119358076295075577e+01
4.821033758837778294e+00
-7.581433322591776047e+00
1.588036575396880501e+01
8.594107749668172147e+00
-1.359557324155928981e+01
-1.550663335892860140e+01
-5.192795407822053733e+00
1.551730564305166382e+01
-5.958050453338528563e+00
-1.763020788135191097e+01
-8.759449387917170426e+00
-1.107294296138938883e+01
-3.560355117338850128e+00
-2.131353730196708796e+01
-1.462251869963981221e+01
-1.848694654734501563e+00
8.242673543611054754e+00
1.075007631249736484e+01
6.881764431965663675e+00
1.242979355822952314e+01
-1.595205560287550561e+01
-1.853316088407262541e+01
9.787479381568871872e+00
1.042851758136892348e-02
2.066663611254265476e+01
-2.153352541419120314e+01
-7.298804381489240711e+00
5.693870186492388186e+00
1.347829684575749809e+01
-1.156015831559816043e+01
-2.218264566523202319e+01
-2.442477374378337895e-02
1.482408176120685184e+01
3.853286539106161257e+00
-1.561721046661100898e+00
2.595356843999674923e-01
-3.347683490188822386e+00
1.245143428874938962e+01
-1.257114328319895336e+00
1.557947865698359635e+01
-2.173340955662592933e+01
-1.999361150384416774e+01
3.847767773309554995e-01
-8.085718044242925728e+00
3.364230164927619171e+00
-2.548313770537415479e+00
-2.217841091261264808e+01
3.649408641354344951e+00
1.723141265566522584e+00
1.737532650142602009e+01
3.454135129196432619e+00
-1.106895785124517317e+01
-1.087791629952779182e+01
4.953087031266603546e+00
-8.308128213422262931e+00
-5.649933269371013367e+00
-4.829064467551840156e-01
1.265734009453737841e+01
-1.048511085330409998e+01
1.058980982822027350e+01
-6.644067196755546689e+00
-1.306513054940026386e+01
-3.845125888147719717e+00
2.091589876477624177e+00
-1.851039265747654383e+01
-7.669277806364876326e+00
3.206473299649812425e+00
9.664211939157000941e+00
-2.738877637428390699e+01
3.548262320466539332e+00
6.443142373210922536e+00
1.536392796233880276e+01
-1.731953364699887388e+01
2.045706309761947672e+00
-1.143089136176131149e+01
-2.117969118347993174e+00
6.821250551262403761e+00
1.054467297410635052e-01
-3.815442128012422884e+00
1.185211960171468881e+01
5.353302892267718605e+00
-4.330494435144101928e+00
6.226825320766503857e+00
-3.318075368528320190e+00
3.209257925877720297e+00
-1.187226129773637773e+01
-1.464670214004566162e+01
5.252085137399553183e+00
1.713253651353297613e+01
-7.140250659917692033e+00
-9.355821846084689142e+00
-5.782902402576745260e+00
-1.740947071963008952e+01
8.339449810813260200e+00
-3.769558925754258993e+00
2.842246114576155058e+00
-4.410105188530716092e+00
-1.820655889120023740e+00
-1.568882132775373250e+01
-1.210523881499869603e+01
-8.976790569030764777e-01
2.624429385194104736e+00
-1.206102475090175297e+01
-2.520316651198190705e+00
-6.248082953516982396e-01
-6.501035152096034331e+00
2.077821806460961263e+00
9.794225323467829369e+00
-8.181407499014623497e+00
-5.799253920217028124e+00
-6.716174418383128675e+00
3.851671915502987709e-01
1.103817466979582385e+00
5.926062025845373782e+00
-7.131084339127610860e+00
-5.753500970630134326e+00
-1.713955594651496828e+00
1.684969073966985365e+00
8.442177473587737069e+00
1.022040276264221781e+01
1.243083979014257778e+01
1.129780529681646684e+01
6.438342460839628245e+00
-9.620267981921243106e+00
-1.909470393636988117e+00
4.730859711747684715e-01
7.445590011422078547e+00
1.492978024759891298e+01
-3.816920179152997861e+00
1.551959153292734683e+01
2.373543557071721821e+00
-4.622572451187118681e+00
7.001595012539673313e+00
-9.772871637468748318e+00
1.544740570352962905e+01
-2.987656364885141524e+00
-1.062411148808520167e+01
1.050028430970601168e+00
-1.520524837899754900e+01
1.325226189758143214e+01
5.427822941317709926e+00
4.464406617172700820e+00
1.267110552303902260e+01
4.329479658843299106e+00
3.224969473210185011e+00
-4.659779796714690114e+00
1.004800995802330732e+01
-2.319975111152689617e+00
1.141550292381920961e+01
-5.421957336954308815e+00
-1.075468680766027241e+01
-7.003924732428802535e+00
5.914795729999743124e+00
9.688651008052243663e-01
3.536243011982560525e-01
2.375644508932619914e+01
-1.377246544735088918e+01
-2.932947504418945694e+00
-1.831235205486016326e+01
4.065706640555462492e+00
-1.308330942827843124e+01
1.379683292473402378e+00
2.781548581261800379e+01
-1.665759898604849099e+01
-1.838535850496293378e+01
7.927982996608925248e+00
-1.801989175238248420e+00
-2.520942173593083702e+00
7.394257880002096606e+00
-8.878187455659869443e+00
-1.633933722974472857e+01
1.881942979023813578e+01
5.556416271811160712e+00
-7.915271482957547455e+00
-1.201779470626932778e+01
1.110479502171178723e+01
-1.638396931849828375e+00
2.901382210651247684e-01
2.811147680469363763e+01
7.237747358714429424e+00
1.851413166361120233e+01
-2.391858964216824646e+00
4.517331212678296737e+00
-2.461191127279834134e+00
1.050455846173406371e+00
4.304226667243846727e-01
1.804488541642381039e+00
2.303095135420952033e+01
1.486794637132420149e+01
7.898115452619232535e+00
-2.835349949264367897e+00
-1.279129330093702333e+00
9.612544837188350400e-01
2.125176973531423030e+01
8.224993510443855627e+00
1.978722699230938886e+01
1.450346476846682897e+01
1.487794168252408689e+01
8.279873441501036879e+00
2.892836207170915497e+00
-2.107106911482410361e+00
1.087416812927473408e+01
1.083034407415316025e+01
-1.798582065348144354e+00
1.294915836088685523e+01
-1.793278073238568027e+01
3.311248037959534152e+00
7.185324926015145053e+00
4.004331337921385625e+00
-1.147840972033435847e+01
1.381468200801317181e+01
-2.744818776765947099e+00
5.592180904507597639e-01
1.417480462117040396e+01
-4.258602724940310225e+00
1.009657333403812096e+01
-1.021019902723026362e+01
1.521529095977279944e+01
7.010100749113648000e+00
9.004306361987753249e+00
9.427402085346097138e-01
-9.839500542926124638e+00
-1.216013692737360685e+01
7.667597145536433345e+00
-2.277584646259183998e+01
-4.804983313055762650e+00
5.191082984647345633e+00
-8.540383998993590353e+00
8.396430906072032130e-01
-1.040151351101332189e+01
1.959090217737644357e+00
-8.480787329495662163e+00
5.540332172020782764e+00
-1.882800443883769859e+01
-1.202960617716905745e+01
-1.210635752587577230e+01
7.617872352814226034e+00
-1.164900757149120025e+01
-2.365157038201203932e+00
-1.576136570933746839e+01
2.255801410782724226e+00
8.130185250225522964e+00
-1.961589006353661091e+01
8.005792673961375172e+00
-5.810651832036818121e+00
-1.188270298317960361e+01
-7.579721842465053427e+00
1.744270292282213219e+01
6.102630929480367783e+00
-2.490898488252963716e+01
3.684102568055451776e-01
2.639516769757661141e+00
7.247681247683971151e+00
-1.158642860572123823e+01
8.406261678051487607e+00
7.960749967734724208e+00
-8.004223746759420166e+00
-1.464393238136618436e+01
1.268871438567432008e+01
-3.365722514039999336e+00
1.411365945125051446e+01
2.672617958668773497e+00
-5.174952552348727197e-01
-1.587679722315199804e+01
8.149192495785566592e+00
-1.199204619928730331e+01
1.012101687749573031e+01
1.345987181241124375e+01
1.057264138656554131e+01
-2.077478606853602372e+01
-2.056893363493895421e+01
-1.950139089380333868e+00
-1.721150242042778444e+01
-5.845268826935079431e+00
3.647363909424732320e-01
1.601742441764468339e+01
-2.045545514327993075e+01
3.619955149899515057e+00
-1.270300074646319821e+01
-6.288246012717463529e+00
-2.050976538896878409e+01
-6.024311001792753473e+00
-5.280255365495995612e+00
5.688483892116735774e+00
-1.706858057436793175e+01
-2.375694093529806317e+00
1.000647590334249992e+00
-1.235304271423033029e+01
1.019672453502664133e+01
1.489046259328237642e+00
4.343188673476523043e+00
-5.731134338479276558e+00
6.584219041879110002e+00
5.742129829895294968e+00
-9.118368850031963291e+00
4.925920193354297538e+00
6.782096711719962201e+00
6.420510600710769289e+00
-8.157735046402901702e+00
1.062850354539303765e+01
-1.692369857961075752e+01
-1.287391924494178852e+01
6.833692626236629764e+00
3.804597449348090521e+00
7.422825714927797414e+00
9.938210129585547392e+00
-1.749516150900577660e+00
-5.783591423956059963e+00
-1.198098263357007376e+01
-2.032047222328287361e+01
4.388796286387958823e+00
7.087569145220123268e+00
-7.276912442331065378e+00
-1.670773536523046587e+01
7.152843826733439325e-01
1.508981039036601324e+01
8.130815862177527720e+00
-1.476807348718998902e+01
-2.096443775371167462e+01
-2.078369320557440503e+00
-1.218719715521198665e+01
-4.350048927657443443e+00
8.077811268592219207e+00
-1.018024772532719879e+01
-1.705815589646023156e+01
3.915496795314035161e-01
1.035436303900389454e+01
-2.210414495923475897e+01
1.357279242433128275e+01
3.915193808870178316e+00
-1.392585050101484612e+01
2.456240809482936882e-01
-1.146619763512298107e+00
-1.261949260094962533e+01
-1.146059400050211963e+01
-5.393582581664247755e+00
1.368666844242129477e+00
9.385491613760237328e+00
1.142112473211457369e+00
-1.084346901303793409e+00
-1.789653071138112450e+00
-2.158751023796681423e+01
-1.837377282149290636e+01
-1.070534177890570504e+01
2.548339771337843618e-01
3.585876522852103232e+00
1.052941439040639082e+00
2.204648589803849479e+00
2.607589056861546695e+01
-1.806608329435165805e+00
-8.448425644429374159e+00
-4.362689523156555005e+00
-1.327262555271279432e+01
-2.130546495207879865e+00
-2.723808469607138960e+00
1.113511000099204296e+01
-2.236080632081979047e+01
4.596726701212759281e+00
5.453871879412069745e+00
-1.006039190685651974e+01
7.257529242720032414e+00
1.479406426087579440e-01
-1.675009813083127597e+01
6.465345906210137272e+00
-1.708999907883099567e+01
7.337148950866377639e+00
9.205914283532681708e+00
-1.283875382339583027e+01
1.852996536676616568e+00
7.062966629959876563e+00
2.682098101277144320e+00
-1.749437625717467881e+01
1.003860760386339734e+01
-3.722945212436926710e+01
1.239810123644821793e+01
-9.113650705043754741e+00
-5.675036688656697415e+00
2.988135681759937157e+00
-1.484064422792753390e+01
1.302642557491844499e+01
1.212538813818910910e+01
1.294832991837917646e+01
-8.409624786993850076e-01
2.088628484853634060e+00
-1.077730936533168915e+01
8.220358402128431052e+00
-4.175241777067916438e+00
1.434029489316480266e+01
1.053978111963987052e+00
2.331172892888427328e-01
-4.810535095276350148e+00
-1.280399608646180809e+01
-7.641001846880640658e-01
1.946927177057811598e+00
-2.395238238809402276e+01
9.838988065513953885e+00
-7.118320658306513060e+00
2.846304790096314719e+01
-4.255804847350741937e+00
-1.386048436381547333e+01
-6.693193223071819631e+00
6.868916698888623884e+00
6.140144008407361076e-01
6.698801154318442919e+00
-8.633427038244096963e+00
-2.297171056337709771e+01
4.858343572201333060e+00
-5.729576909928794315e+00
-3.426271774458762742e+00
1.793026667165862165e+01
2.710201149733326176e+01
-6.535273475070106919e+00
-8.070922708200010121e+00
-4.682307110516306992e+00
-2.303777687921308104e+00
-1.224850630906116322e+01
-1.485034577406271872e+01
-2.343217881100103028e+01
-5.670310755623654053e+00
-4.206888207440003136e+00
6.621996081729864869e+00
1.424365942054350498e+01
-1.409220102692261989e+01
-8.339176695312946919e+00
-2.881790724567534490e+00
-2.548402371166003633e+01
-2.348973407840947214e+00
2.692235141341991778e+01
1.304024951535363996e+01
6.988102581659748402e+00
2.675698458275775682e+00
-3.050529845241477522e-01
-5.181679980057941393e+00
1.053590822563139362e+01
-9.953140554750387281e+00
-9.410229073161881175e+00
2.380189175832690296e+00
3.173879272440407107e+01
-6.959820938246432220e+00
-8.841365202404318779e+00
1.485501577230834869e+01
-1.335362804832941208e+01
1.832073680669060423e+01
-8.346443273738376689e+00
-1.197828404144275716e+01
-1.551212196204379890e+00
1.177043772492232243e+01
-1.028496672051132599e+01
1.309975971217141932e+01
-7.257526078568554695e+00
4.620738202212759660e+00
-1.234100093135085707e+01
-1.512421915720915777e+01
-6.801196229554821171e-01
-7.811101322964856486e+00
-1.171525277089032357e+01
-7.638473482407077242e+00
-1.368511859989596147e+01
-9.558677704237302564e+00
-9.753490479553722281e+00
1.336270174232349817e+01
1.190719127792346477e+01
-2.374211736824291652e+00
-6.098035267613624022e-01
4.569527899646956270e-01
-1.790138229911016410e+01
1.057334059863336861e+01
-1.232435883634264817e+00
1.968330821563630906e+01
-4.729431073397707408e+00
-5.733956542161394943e+00
-1.173541878281516837e+01
7.528260035493926416e+00
6.276300072332956503e+00
-6.476687388539012602e+00
-1.741488402080384468e+00
-6.980244684120012977e+00
-1.193273618019008708e+01
1.017947613973760213e+01
-2.271908666427412626e+01
-1.477280083421865164e+01
-5.263853653303591784e+00
1.785427066053039269e+01
-6.494513245100922205e+00
6.733768986465642925e+00
-1.161514327793175561e+01
1.578635413688844302e+01
1.137962690992990744e+01
-7.319554160323293424e+00
-2.523907192277951683e+00
1.482235886168385441e+01
6.448446246328451537e+00
8.837844338520337573e+00
6.357804428697521715e+00
-1.009574939414833494e+01
5.838026322765829335e+00
-8.870313590649756108e+00
-8.377391949541918015e-02
-7.764769999163576131e+00
-3.656846822297950439e+00
1.225596766792829762e+01
2.017291447721579201e-01
-1.205684976453116519e+01
6.475878330275740780e+00
1.125745231368449772e+01
-7.457247896443119473e+00
-1.213128247106345725e+01
-2.015740573996726681e+00
2.317632509074445935e+01
1.109029697676673010e+01
-1.975044221057863325e+01
-2.311250509407396692e+01
1.093931424628063809e+01
-4.204531040710750034e+01
-1.906084197401051838e+00
-5.017192369651364281e+00
2.864394715339208375e+01
-1.804900438339477731e+01
-3.216641716454019928e+01
1.641870703594366265e+00
1.196828569131357156e+01
9.140753600253030964e-01
-2.145718392781741812e+01
-7.199337258985277543e+00
-6.753991509360041334e+00
1.623170171356310476e+01
6.146964546552370123e+00
-1.360282393739218598e+01
-2.657474999608218535e+00
1.120327891243839602e+01
-3.026898576938163110e+00
-1.895918452529004927e+00
1.063578178937677521e+01
3.336274013342378275e+00
-1.085012090915610550e+01
-4.286057395949586457e+00
-7.467297589330748053e+00
-1.186150774284080001e+00
3.406816247778844620e+00
1.622267116866775183e+01
2.166872069388615074e+01
-2.544400012710629433e+00
4.129824235584546699e+00
-5.495021095079296813e+00
-7.085657481969636962e+00
-6.849038227309314664e+00
4.779759873314872176e-01
-3.578489306380989277e+00
-3.154584996047966605e+00
1.744531061965088981e+01
-4.343740051931914259e+00
8.518142960269333486e+00
-8.045790358607746384e+00
-5.644225251218888850e+00
3.189953669582836326e+00
1.257115243262235182e+01
1.619082356061356265e+01
1.320518850504655006e+01
-1.484076320917558789e+01
-6.017336861200602627e+00
-8.492884048285752385e+00
-1.636736640541825949e+01
6.912220780324163094e+00
2.019567834852795940e+01
2.001928322110267189e+01
-5.942719618870887288e+00
2.753749670606844724e+00
3.334159268046605895e+00
2.195805446572490638e+01
1.386677271822772894e+01
4.590547092909392113e+00
2.356963042757838966e+00
-1.120592808402117724e+00
1.360545147604831406e+01
-7.447451548363622997e+00
-1.361109739509787175e+01
8.082979750096084715e+00
-1.468031998817991512e+00
1.537632676357735306e+01
-8.316769130846243030e+00
1.617110446282047320e+01
-7.655373733333572517e+00
-6.723591559307529941e+00
-1.469504481749416769e+01
3.167554569748036286e+00
1.931764466357917431e+00
2.329023462884399542e+00
-7.989777205643687985e+00
4.560561803803000913e+00
-8.282818413308606909e-02
5.789371626802974902e+00
-3.282422230402982422e+00
4.276269218790954341e+00
9.717759499872274276e+00
-3.234696912055098350e-01
1.286626633086602389e+01
-1.573572567756578877e+01
-2.935968903251539075e+01
1.123269160775204867e+01
-1.815274603455741431e+00
-1.442923992502290353e+01
-1.458292642940281247e+01
-7.793719739891900034e+00
-1.257335015933152000e+01
-3.145087649593439671e+00
-8.861747782558435205e+00
-6.443394795609391767e-01
1.105706187397095475e+00
7.639900171076734914e+00
2.265274646204099351e+00
1.266019434421450640e+01
-5.456476191125870123e+00
-1.695596360803769187e+01
-4.996629163641595817e+00
-1.425244541383356278e+01
-6.488957680040353004e+00
-6.459313849350426295e+00
-7.459310947220412213e-01
9.432365311097870020e+00
4.367420537946642867e+00
-8.043587320525077189e+00
-2.728303031459137529e+01
2.675047256357545145e+00
-1.494960966836677896e+00
6.396498704426125670e+00
3.478672370680911285e+00
-8.397715451270427067e+00
1.354222412124757580e-01
-1.920319690593558093e+01
-4.523324745198582519e+00
5.680931469976662207e+00
-2.122940692823230791e+01
-1.893107691284542149e+00
-8.766671434474654134e+00
8.036672771115231484e+00
3.744035406021605228e-01
-2.098220868685684337e+01
3.104345211184126541e+00
-9.453961862377347813e+00
2.771679969866970294e-01
6.747615469873334604e+00
-1.938725379790190995e-01
7.874763260529758391e+00
-1.122680334673478697e+01
-9.110216572352182851e+00
7.269210052156347857e+00
1.112797655092148830e+01
-1.788634383189556232e+01
-3.270046050616198574e+00
6.018933013118616948e-01
1.683059761348603134e+00
-7.864171797295780308e+00
1.112016982587521063e+01
2.265705542754895774e+00
-5.706187898741372777e+00
2.311375321427370011e+01
9.196376108414977324e+00
2.680888852976773862e+01
1.008236707147153410e+01
1.854304322372998470e+01
-2.750467141025585427e-01
1.582907972685244324e+01
-1.150887261570707309e+01
1.381777902109651457e+00
4.683496712265401207e+00
7.499454820115582621e+00
-4.437656445934677230e+00
1.365328972358484982e+01
1.202303218187154243e+01
-1.694102643766736804e+01
-4.979116258671406392e+00
-1.203356981583803176e+01
1.211223879600118636e+01
2.663387718150469485e+00
-1.016480980764464803e+01
2.351901966752861117e+00
9.621391293076237972e+00
9.802056203602493856e-01
9.920086049323558086e+00
-4.789650092178384888e+00
2.568446278983370412e+00
2.687971219071464191e+01
-7.795243131242859391e+00
-1.295158461356528123e-01
-2.426826022392160276e+00
-1.392126108081898650e+01
-1.605783451146652396e+01
-1.025910002328820525e+01
-2.474910645935669784e+00
-1.567242876475801516e+01
6.874963357399073161e+00
-2.252817977200336053e+00
-5.487889967131662772e+00
-3.761723094435637460e+00
-1.082058273718649488e+00
-6.705154155476071409e+00
6.184168185110863192e+00
-1.223917952084612182e-01
-1.881291420064739484e+01
1.300881838750083475e+01
-5.890146075544896220e+00
-6.923261355913505888e+00
-7.724944883071062307e+00
-1.082404158206560396e+01
-1.067957411661354961e+01
1.050479810492338378e-01
-1.051956246157767438e+01
1.200067876655229515e+00
-3.674541698199543571e+00
3.062436505773799222e+00
3.654869673437979749e+00
1.110982283236465840e+01
-9.455870153124559252e+00
3.331065541337026481e+00
6.430481667094088749e+00
-9.090363503780508836e+00
-6.409369465582436476e+00
-3.069918020936115433e+00
1.234323798650842363e+01
5.240093697552117291e+00
1.096666632537012909e+01
2.476618711105898996e+01
-3.559845365425071684e+00
-2.380754656544236347e+00
9.343979364496256323e+00
8.330401669489940986e+00
-1.065404575876021998e+00
2.400521575112370520e+00
1.116006471538811162e+01
5.662580856100507987e+00
-9.793992054672199243e-01
9.298718881008518622e+00
-5.267430137674803170e+00
1.173446214684268618e+01
-3.681784480362413348e+00
7.642196290018386406e+00
6.301998301132195834e+00
7.455295129152326616e+00
2.485726739952058839e-01
-8.153234177147371753e+00
2.924897165968851631e+00
1.790902600639277154e+01
-2.436048241878144616e+00
-2.408654849353690253e+01
1.687644220231250713e+01
-2.056992126169324564e+01
6.222104198241351192e+00
1.413280020609269094e+01
4.338052065996727436e+00
1.208863280621204073e+00
-9.323437792587679240e+00
-2.319020835207399323e+00
-4.062823613640773601e+00
-7.514299733915329460e-01
-1.418740914994802260e+00
-1.120081125666051669e+01
-8.089518420549273170e-01
-1.864593551599491406e+01
-1.333666032792896949e+01
-1.095821734234718070e+00
6.110076926796038421e+00
-1.021854485333595797e+01
7.012042806573550280e+00
-1.521445513405005556e+01
2.196490301887446872e+00
5.849451068343322291e+00
-1.755560713148127050e+01
4.732853455624008276e+00
-5.205340596187957303e+00
-5.830319854922270117e+00
1.057742470872481633e+01
-1.719970491232855636e+01
-1.229854388220572758e+01
1.385154061275780890e+01
4.957008241903995138e-01
-6.947275890226740636e+00
1.170530243036843387e+01
1.597383316148898302e+01
-1.550228422636292569e+00
7.223041090009114651e-01
-1.275297734294421126e+01
4.574096651575743522e+00
-3.068824456862720762e+00
1.153884262270688588e+01
-9.249234993385890391e+00
-1.007149006800413638e+00
-1.623476968910940244e+01
-4.152559406557747579e+00
-7.226422713379456297e+00
1.301794676698798447e+01
-1.114690975156150188e+01
-1.879891898067020950e+00
2.451123592021947628e-01
6.674679317677340684e+00
6.046631537097735709e+00
-8.056473012464106631e+00
-9.757220626469470304e+00
-6.758916966720708963e+00
4.905397333982314478e+00
1.120629471963693113e+01
-1.911485514676658948e+00
