-2.402737380811812873e+00
-2.747335329894312395e+00
-6.989683304559338950e+00
1.474808309687439589e+00
9.520584024913851806e+00
-3.307310243979442621e+00
2.738060798968983800e+00
-6.406475802471589986e+00
-1.516619035979705465e+01
-7.904303235796722227e+00
-3.670892009125477085e-01
-9.832516325462810514e+00
-1.776613617204666795e+01
5.472295053107315788e+00
5.578679432178000219e+00
-8.675413221968902633e+00
-1.152268789560737616e+01
-3.406029852600375163e-01
-3.313594016360848826e+00
-5.710663587778004313e+00
-1.719630212119367840e+01
-4.171228085775721683e-01
3.661097847123333082e+00
-1.006189615532091075e+00
2.050478408203393776e+00
9.779827924805235995e+00
2.089134886607933783e+00
2.154473328179914215e+00
-5.021878358930939257e+00
-1.759733695070325066e+00
-8.678872522188440186e+00
6.182201645208100338e+00
-6.860751561417923750e-01
-6.864664871419382308e+00
-4.335037870966803375e+00
2.321160264874828627e+00
1.890960370134372903e+00
6.568557604435769193e+00
8.068160489759515386e+00
4.512659518604527520e+00
-6.935898719773226917e-01
-5.180905559971328955e+00
-2.512849424238962293e+00
-1.973281235115762478e+00
-4.139049289465990711e+00
5.241661225252005174e+00
-6.046460085043388943e+00
1.855520532187715288e+00
1.222386378970349297e+00
1.748578827154315229e+00
7.272762435567702965e+00
-9.440054729329697025e+00
8.079355463468072429e+00
-1.439275629260464306e+01
3.345875878414542814e+00
-5.452366900588703658e+00
-3.782157405869945421e+00
1.912285396323783360e+00
-1.190802383416259547e+00
-7.726526857334750531e+00
1.693087400039522405e+00
-2.507050755478319459e+00
-1.807419778971507851e+00
-5.402674607206726876e+00
1.144483196346302023e+00
-7.895662750625495718e+00
2.397511540602531355e+00
2.096635843111570363e+00
1.228632122554511952e+01
-6.645324486435755240e+00
6.364795958634315909e+00
-9.014005668456682940e+00
6.956214694577379509e-01
-9.658407773541835439e+00
2.474554385391266820e+00
7.173001156775499432e+00
-1.204129533146241648e+01
-4.557056590757782577e-01
1.129229155289776365e+01
-4.615482133833930800e-01
4.171075212213469108e+00
-5.908623803932798069e+00
-1.440401164768796427e-01
-1.251384400857853407e+01
-6.508160232107517373e+00
-1.049040565942095959e+01
1.260254333599592380e+00
-3.796577901571952296e+00
5.028305359324701795e-01
-2.774004708656764517e+00
3.896622345711402979e-01
6.266814233147904645e+00
-2.127907015147759040e+00
-4.453826953142336009e+00
2.703224258559878690e-01
9.738992144695309605e+00
-8.416150154397376681e+00
6.051034392563570563e+00
9.895752663501575341e+00
-1.184878698084757787e+01
1.101053550279647197e+01
9.461237586642932129e+00
-1.870895006800069815e+00
-1.311173678287201838e+01
6.774810737612276590e+00
7.654430248578073304e+00
5.876444218327642410e+00
-2.766267603560729205e-01
1.199892210891801092e+00
3.412408229567834184e+00
-3.270134278594200694e+00
4.772977015932397649e+00
6.424726732974850307e+00
-6.698965550621927889e+00
-7.211060182239750205e-01
-1.387950188589334444e-01
3.991486013759342644e+00
1.842768854637343856e-01
-9.398885481569893230e+00
1.056770707225874872e+01
1.400297229069735527e+00
1.231133736401820933e+01
-7.061550809045912480e+00
3.308387171299567608e+00
1.040008503543980467e+01
-9.075551312322318154e+00
-3.649752785167893698e+00
5.497136774358838629e+00
-9.969303570766226974e-01
3.192038293804528415e+00
-1.207056806394289694e+00
8.297636282290994814e+00
-2.383975227245433537e+00
2.225519146207227195e+01
2.390917009158424200e+00
1.101441620236830232e+01
2.099313314977306000e+00
6.599706056570029400e-01
1.140426566076358128e+01
1.639702440056779409e+01
4.942556889874257564e+00
-1.466658163866327858e-01
-8.289988973216788182e+00
-2.460792378552253190e+00
2.020689490985732206e+01
1.623173046588939528e+01
3.106144730496067652e+00
4.666894640112419168e+00
7.808779901692607162e+00
5.875069941955228359e+00
1.222226036980617181e+01
3.824538793619097987e+00
5.087672702847584993e+00
-9.132247669340449292e+00
-7.968001339732697641e-01
2.196067022854328310e-01
1.178583004176814342e+01
-4.308207088252952843e+00
-1.799193722323633837e+00
2.021376353208847831e+01
-4.651609204097336026e+00
8.071701953604314639e+00
1.943064883770801998e+00
-1.884583701500455843e+00
1.697307202532425663e+01
-1.301162573884970719e+01
4.556978866741777878e+00
-6.679446870480638232e+00
8.401957473802397658e+00
6.184727062966889122e+00
1.469455069938400582e+00
1.424662425503774532e+00
5.647276399590742457e+00
-2.064875464001669769e+00
-1.515861730986444300e+01
-3.238409242899980001e+00
-2.125046428972279244e+00
5.937924583309098558e+00
-5.848015098281204693e+00
-2.967219484675416297e-01
8.017703989333636372e+00
1.176754964236400802e+00
1.484662800468059629e+01
-1.509560954661395904e+01
-1.506224722584464359e+01
-1.033811345061200626e+01
4.846724388575195164e+00
6.777906802397248853e+00
-4.438252370572294048e+00
1.432236206644851295e+00
-8.863817483178296541e+00
3.162070517536879510e+00
6.241793569838922195e+00
9.151506489027378066e+00
2.815320584732954767e+00
-2.642245212032231727e+00
-3.945101646066250467e+00
-1.869089595738321119e+00
1.336618070826485205e+00
9.727483517676020597e+00
-5.372518141834118133e+00
5.550684279796231912e+00
6.956076226663820528e+00
-1.138950104058821999e+01
-1.136416799175350434e-01
1.410845134909678578e+01
9.700513326796206259e-01
-9.234117054811937564e+00
-4.110926679775952941e+00
-7.242356855124252313e-01
-1.413206104910934613e+01
6.629767905892984814e+00
2.105309281780271391e+01
-6.759148808419856103e+00
-8.787623744629437184e+00
-4.102667267385211147e+00
-8.068367735981020417e+00
3.584091971197267412e+00
-6.446895345288372603e+00
-7.238259612584907465e+00
2.207328386241285578e+00
3.947068532558676068e+00
1.361124705620327191e+01
9.228676568674661240e+00
2.903506819713773002e+00
2.162165123866635508e+00
-7.491430577344232455e-01
1.619615174004807301e+01
-5.878918834091587442e+00
-1.500449009416817958e+01
1.682202320169892573e+00
8.392790073677559803e+00
-3.152734799855108960e+00
-6.800284792666108302e+00
4.561774041528659396e+00
5.254350152154341203e+00
5.410190294915801168e+00
-3.776872191462979700e+00
-9.793505496684113965e+00
5.665210297711270604e-01
8.663698714017545655e+00
-1.278704465395392198e+01
-3.953445029367156582e+00
1.806510458713221468e+00
8.072701470483174546e+00
-1.266971410764609196e+01
8.913044875692555102e-01
1.209692763328417575e+00
6.917506174603196278e-01
1.033102195994575823e+01
1.054038457190177880e+01
3.887132575998287543e+00
1.438143703278269037e+01
-3.691513955154430260e+00
9.560926971085816461e+00
7.940732070085538830e+00
6.846910349828467801e+00
-7.144203790558124822e+00
1.011360890094886322e+01
9.442837257426157649e+00
-4.414445167888151333e-01
8.452525605941679787e-01
7.396111779987907253e-01
1.342451997361003890e+01
1.203623703303905579e+01
1.129739475283766659e+01
2.690911699169344917e+00
-4.472355855676164005e+00
-1.296039740117140937e+01
-8.913314325158967932e+00
-1.654283061466793825e+00
4.078407223169092433e+00
-6.886934407615585840e-01
-1.849601150978860575e+00
3.062156670653729762e+00
-5.963915681083095777e+00
2.170020455143127691e+00
-7.270252813644817458e+00
-1.217636758989444346e+01
5.274805760886325245e+00
1.456053812703976291e+01
1.196108206338609214e+01
7.184505517551272646e+00
1.319106633374194892e+01
-4.732145862224905741e+00
5.108651988783167397e+00
-2.395568351712285882e+00
-1.094786382456431006e+01
3.486100822729416571e+00
2.388090729005113988e-01
5.337115281558293844e+00
-5.678469287986914082e+00
1.164945959815784526e+01
1.973844401434182272e+00
-3.894301706786702066e+00
1.923152085926270294e+00
9.834727031667198638e-01
-4.670075893928026467e+00
4.872009732727009990e+00
-1.068471288760312721e+00
3.351594674565913756e+00
9.354640554592274171e+00
4.183660548792105693e+00
-8.698319625963264468e-01
-1.726063475494274968e+01
5.852047070500563386e+00
3.795379866240461197e+00
-2.311292813071669228e-01
-4.613557557228316952e+00
7.217450908299498202e+00
7.776588621245235089e-01
1.490092898652044440e+01
-1.258174432052575931e+01
-8.904082109119807242e+00
-5.410091241683860019e+00
-4.636052816439973689e+00
-2.003457694087024787e+00
4.517344515819547546e+00
-1.653071769856258588e-01
-1.331046678356301172e+01
2.833903627136173942e+00
-4.352587799527141144e+00
-3.709744457301756171e+00
1.219517632436327759e+01
1.106471354018605169e+01
1.509755423566912391e+00
-6.538247979843219149e+00
6.774172994762515110e+00
5.389634535614270305e+00
1.093907380302356103e+01
1.048801260258777113e+01
6.418948932818984154e+00
-9.915783611082602533e+00
-7.496857616016010084e+00
8.160984173732918734e+00
7.298282955425569263e+00
-4.240622675503945338e+00
8.540422057374250642e+00
-7.842828194181408641e+00
8.590859664269371976e+00
3.540342653923012062e+00
1.672495591586645247e+01
7.843052923922462227e-01
-1.580643707116696639e+01
4.883943879443370051e+00
1.050250059054494933e+01
7.992213121089558392e+00
-8.510643336209298582e+00
-1.482538929773542868e+01
-7.063127189082368806e-01
1.211736673187179747e+01
3.631720468641168154e+00
-8.652571572325561178e+00
5.496149599838993094e-01
1.291222287070245278e-01
2.353230957705291893e+00
1.158915711543170168e+01
-1.511617844258605459e+01
-8.835796491999364122e+00
1.298423445677457799e+01
3.185338497038310290e+00
-3.212861086583724379e+00
-3.753948063052829465e+00
6.436334405682278437e+00
1.455474364357816519e+01
-4.871871179368558735e+00
-1.769936492103723680e+01
3.426945641922914731e+00
-3.927380489919178430e+00
-1.498706794129339670e+01
-5.838867603113804705e+00
-7.321170652045848826e+00
9.676073317460072154e-01
-1.008403026501435429e+00
-7.267396847696504736e+00
-7.680477821263202998e+00
2.137200240919578942e+00
9.957873584838832226e-01
-8.988337404486019366e+00
-1.021722215451601024e+00
-9.704773331540886616e+00
-1.006025120788748062e+01
-5.388215026786077999e+00
4.818224502596872405e+00
-7.943694008240503868e-02
-2.255601897798021227e+00
-2.033313538573785717e+00
-3.310447932231101564e+00
-1.806836054225873234e+00
8.185559248706291147e-01
1.465058649682132508e+00
-2.087868878550647178e+00
-5.661315287855013700e+00
7.644217932088868572e+00
-9.019604953139153114e-01
-1.947542455164693376e+00
-6.546016434221580305e+00
-1.168366671882309760e+01
-8.623271627192540478e+00
7.608475926107764131e+00
-5.043904402099362194e+00
8.049918926729407787e+00
1.517180472428807114e+01
-2.706675613266161129e+00
3.932196517842118100e-01
1.401725066839982503e+01
4.181104151736001917e+00
9.164152649572671061e-01
-7.240125795222258631e+00
-3.612211535273737617e+00
4.003724599722780830e+00
4.280172433835138790e+00
-3.349992925844548219e-01
-1.137326951854842250e+01
-1.420356420537608022e+00
-2.897342117274716244e+00
-4.854571142233726100e+00
-1.850628415023545514e+01
-1.316972179279815514e+01
-1.572967975943061758e-01
-2.906598291403433176e+00
8.626206120122967391e+00
2.076857368692118122e+00
-2.647976103543923987e+00
-4.897954769737645542e+00
-3.898755790710410896e+00
1.314925726962168184e+01
8.518666553434123045e+00
7.924519743267544492e+00
-1.534958290236767908e+01
9.018903917553961591e+00
-1.145557348302780731e+01
4.716172428169630670e+00
7.913258795943652224e+00
1.341673102647985694e+01
1.115660865239998145e+01
1.579086698509692965e+01
4.907364601482500532e+00
5.981495397851570139e+00
-1.308403356324082889e+00
-1.375229002830558045e+00
2.212878915593915252e+00
7.818087805646571020e+00
-9.353799819929683679e+00
9.510481530396711847e+00
1.074322965030605914e+01
4.631731408926891835e-01
-2.853296758136926847e+00
-1.428284720673066310e+01
-8.870314273287606355e+00
-2.266848328527936385e+00
3.315048053682859708e-01
1.333286947722299232e+01
5.193456576600175900e+00
-1.130546517940816953e-01
3.820179476035050925e+00
5.727719103809436163e+00
4.978039770650328211e-01
1.520119816416073455e+01
1.136054094308645901e+01
-3.657227191542891109e+00
2.081509103823960150e+00
-7.815251302179238024e-01
9.474963349816050595e+00
-6.298167224131145048e+00
-7.700312874437253541e+00
-1.389668331382577060e+00
5.629747335921175377e+00
-5.247381248518562025e+00
-2.473416164246681426e+00
4.787474341446358750e+00
-4.686053043882657754e+00
-1.393274572816937340e+00
6.018709035035277211e+00
-1.354738723622663699e+01
4.673369343490703542e+00
-3.717807314126720275e+00
-1.001235852650900648e+00
-1.843443744010389240e+00
-1.017354414235607241e+00
1.005645951432633645e+01
1.523395158585499765e+01
-9.043199591819717220e-01
-1.969949753379763191e+00
-8.383468300125993977e+00
-4.746434688648092148e+00
-9.373874509248685261e-01
-1.083634923226497904e+01
1.584168911475844821e+00
8.930590918343126461e+00
5.639588081295634936e+00
-1.760656012865834086e+01
1.348631981234174404e+01
4.513526560830671386e+00
-1.731338308432526230e+00
6.243370197191302928e+00
2.351569951065721753e+00
-3.765136369679375150e+00
-1.083855241808957182e+01
1.066618351681243659e+01
4.047200283121549447e+00
-4.029721615447591887e+00
-9.225679224656401445e+00
-1.281918770072308078e+01
-6.642191743596552733e+00
-1.176999945134493686e+00
-4.156512511105669994e+00
4.762434358276578017e+00
6.794892882918469823e+00
5.095977699892452861e+00
-6.807708761413202581e+00
5.723389161204062603e+00
4.005869662133150655e+00
2.838890510651411514e+00
-1.741336956647035095e+01
-3.115966476558875708e+00
-8.050609651830027857e+00
-2.672193504649154061e+00
-1.071092024507384011e+01
-5.011406605654259216e+00
-4.339451422196496821e+00
1.144074322708865221e+00
3.509508628553142273e+00
4.183589415464105343e+00
3.752234804303482552e+00
-6.694637291747758123e-01
1.095295602200806151e+01
-1.078228307187993451e+01
1.042696544657326196e+00
9.784257594776400779e+00
7.623976596477156420e+00
1.201737440824562020e+00
5.380263674902775461e-01
1.259365768191590629e+00
-1.195640017852070258e+01
-1.689222002590677008e+00
-1.475506996695224515e+01
1.385752067312810754e+00
-3.192071108039972849e+00
1.290764271812331110e+00
4.925632280363146265e+00
-8.823239053124003473e-01
-6.307162109959032037e+00
1.113796821116667957e+01
2.817176826811083945e+00
-5.612427168463160143e+00
-1.023089978230216746e+00
-5.514591760142625532e+00
-1.087259827240213639e+01
-3.751964007123647971e+00
6.789208197741489759e-01
7.776042772312170115e+00
-2.665336078426028266e-01
7.796424099839902588e+00
1.164019881119115141e+01
9.256379180614224822e+00
3.509769644460861038e+00
1.168787927965972173e+01
1.581899997460628526e+01
2.987587480105814652e+00
-1.451109562402987052e+01
-1.741309163339249722e+01
7.228101879086445969e+00
2.064742630603060736e+00
-1.282271280857225193e+00
3.323559450234358170e+00
-8.363877281281142828e+00
-1.220273413754011438e+00
6.941272464657821661e-02
-6.011469582911390219e+00
-8.923759287906564808e+00
8.122805875593812175e+00
-1.143658288607249318e+01
1.062710147517238823e+01
-1.994012331972354057e-01
6.328176531340398370e+00
7.909340538676847387e+00
3.801696180239702016e-01
1.249320722360785396e+00
7.870702284817179262e+00
1.796701685548575567e+00
-6.759636990016478109e+00
4.199737955237828224e+00
-3.694123299966954210e+00
9.351433517722526290e+00
8.323101148779555869e-01
4.400552552719355859e+00
3.873523763782938278e+00
-8.464125611893626555e+00
-4.688372847183310377e+00
-1.567817949289564750e+00
-2.649041418354487476e+00
-2.803991291762800486e+00
3.001457906751590965e+00
-1.307660137679132006e+01
-1.809383389554526156e+00
1.185548972800981105e+01
-6.210977813143577109e+00
-1.528100602643038153e+00
-5.717778611753324469e+00
-1.264679714828344181e+01
-1.015645320900266713e+00
2.830349485447485325e+00
-1.342725696166710847e+01
6.196859755931484415e+00
5.165503166520111655e+00
1.151750204409193934e+01
4.552580505672489508e+00
-6.912366941325177372e+00
-2.895300815358698987e+00
-1.242661852300814118e+01
-1.717887844113521023e+00
4.198295679497698885e-01
2.844964738468730658e+00
-4.199869670438438618e+00
-1.753044936176340585e+01
-1.667752450156159361e+00
1.194385483047709329e+01
-7.771676568630864423e+00
5.707010413399638438e+00
7.091835653155182051e+00
-6.194434355107677703e+00
9.461240184174148027e+00
2.960725141881646927e+00
9.384776842504196637e+00
-1.092848681082216000e+00
8.736357007597213453e+00
-9.024949316206392069e-01
3.782480160734713603e-02
-4.757115957627145342e+00
-1.191096088892653349e+01
-4.846756869688055858e+00
3.644681959084909550e+00
-2.739317797829048828e+00
2.218664331519463850e+00
1.973867454448769720e+01
-6.930745394566058870e+00
-1.073046359503583425e+01
-6.545712232188741986e+00
7.860413254514891257e+00
-5.999331910484537289e+00
-1.594218386334123494e+01
-2.288373687899012854e+00
-1.163107802616454745e+00
4.506470000493045802e+00
-4.298668322846101453e-01
1.139089646929001809e+01
-3.759388065847787397e-01
1.235840131973016121e+01
2.393468280992953612e-01
1.057531274123211418e+01
3.152070375556550452e-01
-9.204031418819139887e+00
6.121788551422315372e+00
-1.139083294790923695e+01
-2.043174579405557800e+00
-1.523720574460347699e+01
-7.669115686981407443e+00
2.924766895545006129e+00
5.533270393783634944e+00
6.308426548047505023e+00
5.511892180602394831e+00
6.286745229918500932e+00
4.052303156375372417e+00
-4.594340852931880548e+00
-6.121366859316066389e+00
1.726042254871646975e+00
-1.612004779246933417e+00
-1.758394080236689661e+01
3.996858736693540415e+00
4.770055540792448312e+00
1.765939050868400884e+01
7.716776221685062609e+00
1.783196452638271090e+00
5.921362179745999654e+00
5.151507508284560721e-01
-1.761682170866484709e+00
-5.471759365099253536e+00
4.714980048022546555e+00
-5.219233672069357732e-01
-6.244121402098808282e+00
-1.139043051386513072e+00
-7.601340807829335411e+00
-1.363902303331613330e-01
-1.498640892118370260e+01
-9.143576509302942412e+00
-7.855112352741828730e+00
4.655760879571463895e-01
3.449253111084563006e+00
-1.200663682632934481e+01
-7.510255399515095576e+00
5.885861606564737336e+00
3.395570487244099933e+00
-5.112204635050765944e+00
8.040262408373871850e+00
-3.207775838867643614e+00
5.077905140510817539e+00
-3.284380302221958203e+00
3.508745567647108210e+00
2.364134571902302695e-01
9.998461322779146343e+00
1.080737067599706691e+01
6.088467720374950432e-01
8.371692037857805246e-01
4.847499029311864049e+00
-7.253872901800063389e+00
5.046927720998835021e-01
-1.758747116072233996e-01
-5.838797188410382866e-02
5.631763292728186876e+00
8.817194158827370565e-01
-6.211182342439938608e+00
1.612341526173926809e+01
-6.131314198708303742e+00
-1.081901845427019460e+01
-5.884495700226892723e+00
-2.872862947143247858e+00
-9.329687491474282224e-01
-3.105923815140756439e+00
-3.862656249603434677e+00
3.994466678802385484e+00
-5.354486146643562705e+00
2.728999667688118969e+00
-5.222455154355205131e+00
8.121315789544841124e+00
1.040703040629356924e+00
-1.511719730422646402e+00
-4.283654348474316365e+00
-1.154172349111266271e+01
-2.425185295539662889e+00
-3.621136553305404515e+00
-1.647432268957488510e+00
1.412990613021865238e+00
-2.649324970825513326e+00
-4.636665324366473939e+00
5.591840728396848093e+00
7.644421969943080875e+00
6.245307126565112554e+00
6.536798392176780936e+00
-8.766936196190270536e+00
5.411269241197929070e+00
-3.292923244594939680e-01
5.886734527860499888e+00
1.229557033616756945e+00
-4.003459286498106451e+00
-2.950053264096523797e+00
1.511275262286499999e+00
-4.562161056659975067e+00
-8.894823389951714177e+00
-1.356686953380561178e+01
-3.248315658504945524e+00
-1.335888458780314281e+01
4.002319392892170313e+00
6.493888645828651995e+00
-1.839675761583756852e+01
-2.011205407309974547e+00
6.568550777733049628e+00
3.804662497984621528e+00
7.234107523461904554e-01
-3.089683292192928032e+00
-6.130015332929478866e+00
9.221935204295741428e+00
4.273863926399286584e+00
8.128362511992630601e+00
8.150453139462531027e+00
7.651030810007132033e+00
-6.587891702078723100e+00
-2.165110128564893266e+00
-5.756373695623994813e+00
4.218554982859304303e+00
1.348162493449991839e+00
1.739275470088695741e+01
-9.276900955650315694e+00
-5.597068852300853159e+00
-5.393548320744949720e+00
-3.401340104500683914e+00
5.045734518372871902e-01
4.474937451910230846e-01
2.950879666369973897e+00
8.368012456358920659e+00
-6.162982974653413493e+00
-3.387817376995352348e+00
4.902869683775889165e+00
1.432816570534851230e+00
3.858357806493406095e+00
-9.163043642973690339e+00
1.101866377128449059e+01
1.037031337138834708e+01
-5.214096682641637059e+00
-2.543992014566604620e+00
-2.748138241412338090e+00
-5.672706652549928563e+00
6.383385498521080947e+00
-1.001770143915189948e+01
-1.034199282836254596e+01
-7.628401871593752048e+00
8.349460332776084681e-02
-4.638974549370718847e+00
-1.359073244290014415e+00
-2.028498674776874733e+00
-6.890454698017490109e+00
-9.329403681311223551e+00
3.757905254177371646e+00
6.278336278704075291e-01
-3.218448594298975340e+00
1.750037693450764209e+00
7.457328104069648411e+00
5.405059494242627771e+00
1.323013067179945246e+01
-1.504561627444488403e+00
9.083036106720543401e+00
9.061368727269115908e+00
1.175437288992618079e+01
8.532240110583810377e+00
-4.009291379601988226e+00
7.088586362952425723e+00
5.277390243182719765e+00
2.203993727341234887e+00
1.337211043893762108e+00
5.027661952643696530e+00
-6.186689228935840390e+00
-2.030108809664132963e+01
2.087274017081423949e+01
-7.507008923958161439e+00
4.659389095552157301e+00
9.720920473355466385e+00
-4.681479326306509314e+00
-2.953120971305455811e+00
9.079429002227502821e+00
3.444165747702890634e+00
5.719173876416403068e+00
-1.428311259227260521e+01
1.457926414381859326e+00
-1.100493080633181187e+00
-5.204345580475601807e+00
4.803119615672489573e+00
-6.768133692493270459e+00
-5.101213626441981397e+00
-3.062403547952896155e+00
1.006028833290351621e+01
7.694252988747986244e+00
1.223711428183145378e+00
6.362805135666875778e+00
-9.151615244716241548e+00
-1.835696157235241266e+00
-1.538851399683542009e+00
1.812221711998472040e+00
3.163036491736121114e+00
3.385343168262538782e+00
-9.203031224088672246e+00
-2.240180151201601078e+00
1.416383687596230123e+00
1.091720914249833996e+01
1.179296383585103802e+00
-4.856380052278057136e+00
5.293347543157121970e-01
4.663300306410347318e+00
-6.992212228039703881e+00
-1.926172878281087630e+00
8.763063561274332613e+00
-9.945631830322907874e+00
-6.632486156319005843e+00
-1.822859169549825964e+01
2.857914777940440576e+00
-1.078145896129633563e+01
-6.945233145835131516e+00
-1.072551187331840872e+01
1.060389959862033393e+01
1.567027682659417920e+01
-1.362367687899133628e+01
-5.065414704958397962e+00
5.708753530603885906e+00
3.041984264625540391e+00
8.624108320133036187e+00
-6.290982638288252105e+00
1.175366191857097453e+00
3.082152316124333158e+00
-1.584016638444813552e+01
-8.517460604758978704e+00
1.190470007196483548e-01
-6.934330238163674665e+00
2.903927921378229637e+00
-1.827783127466943824e+01
2.226186726300163787e+00
6.003057469438431326e+00
-3.275437214383015494e+00
1.438553943621927900e+00
4.932901132935345601e+00
3.802251892228461383e+00
-3.693279664124344386e+00
4.088087305862499576e+00
9.486795709127918030e+00
-1.656640190533130275e+00
-6.121841250127567635e-01
1.567589765090769660e+01
1.318372647525089203e+00
6.887545292044505274e+00
1.102641144385848548e+01
-1.248334108608180770e+01
1.520427305711622434e+00
6.906847457289882364e+00
1.598044041761455603e+01
-7.173140262460281136e+00
-1.020254627881904597e+01
1.288099421216863050e+01
1.017639396671293994e+01
2.427961054323879875e+00
1.362610711746455827e+01
4.176395995685913576e+00
6.346457235007838094e+00
-3.346803363990785485e+00
-2.971034146625741723e+00
-3.433779088824668868e+00
-3.242435869915456514e+00
-9.848320668835934821e-01
-9.328345646158349158e-01
-9.937903464171101930e+00
2.955239925858003325e+00
2.740387397379154599e+00
-7.595968171853252571e+00
-8.042252342991201175e+00
-1.420716306998652279e+01
2.682784149069923352e+00
7.531787505631124979e+00
3.522868406055317703e+00
-8.522622922691528657e+00
-9.508296724395036037e+00
-3.544099108745021098e+00
7.570582260934331842e+00
-4.892892050662128511e+00
-3.176867989775120549e+01
-6.228325216390007135e+00
-2.587751475816357338e+00
1.031034366904775723e+01
-1.671466391407109509e+00
1.366288279200022693e+01
2.278126031216430647e+00
-5.863879114543046889e+00
-1.204551755214394060e+00
7.787921353048986362e+00
7.981026562088529452e+00
-4.160736854186480649e+00
2.349922758747285201e+01
-2.297337119135738348e+00
-6.915340299945915703e-01
-1.025466039313014299e+01
-1.240225834481877776e+01
-7.527036021116031428e-01
-7.454824570058637967e+00
-1.321844771242211358e+01
-6.495600745660474296e+00
9.970081047253243511e+00
6.065873174618626074e+00
6.065357968889604212e-01
-3.111541896460686685e-01
1.294335828015330137e+01
-1.583188919494500269e+01
-1.837787492758794272e+01
1.227740458491882336e+01
-2.620074777635668983e+00
-9.300687510313215611e+00
1.124155826295706984e+00
-7.284219181276286648e+00
9.170228972233568365e-01
6.453853469878842120e+00
-4.041545348595153797e+00
-1.595654631911433619e+01
-1.629676216557442714e-01
-8.723827492450241250e-01
1.049620473574638346e+01
-7.759040515058392984e+00
-1.406833138927300375e+01
4.150994725542989650e-01
1.308378104187295943e+00
-3.520092343704367188e+00
1.317358842063717894e+01
7.622617119084334369e+00
7.542656676119351644e+00
1.889065687475627087e+00
6.785660711674571743e+00
7.223438575112913540e+00
9.057226848037448486e-01
1.351425975639190868e+00
-5.165322403764896819e+00
-1.686361890099521688e+01
-4.421594729204803009e+00
-6.687933416497363837e+00
-8.434139022019122578e-01
-4.652051815174346849e+00
2.469527018274597641e+00
6.582981961379844371e+00
-1.623239221491668216e+00
3.028674384494379090e+00
-5.119480754047796012e+00
-4.735133194069884865e+00
4.065818676426697920e+00
-6.465234523252339827e+00
-7.851890912988667814e+00
5.128689073939149523e+00
2.585565325734960673e+00
-1.159413831889934299e+00
-5.435848729475369012e+00
2.197375976862201430e+00
3.441385307982518071e+00
-7.689266614141407885e+00
2.381287506064530213e+00
-2.331077368903303526e+00
-5.219036988428113588e+00
-4.502017690678815853e+00
-1.695739805889724039e+01
1.770619474881182498e+01
-1.018598974555366610e+01
1.386191489905330343e+01
-1.695181984901195982e+00
1.611338482985509302e+01
7.117294119171175382e+00
3.783660764251853159e+00
-1.393285126276705910e+01
8.421361212121832196e+00
9.755183712519382766e+00
-5.863866699871659982e+00
-7.937526100193165846e+00
1.911496804069729993e+00
-1.369898137977234143e+01
2.090754746595750724e-01
5.658243778185291895e+00
7.669110904940962925e+00
-7.500884305449299738e+00
-5.342856274427354890e+00
1.374833537132326811e+00
7.364337573358628042e+00
-6.668635765508772906e+00
-4.203263006795559420e+00
-1.081089341949314075e+01
-2.917524275121558208e+00
-8.304636976686674998e+00
7.664310634227025965e+00
-8.221622798695384926e-01
-4.467319769263609075e-01
2.281386466863611906e-01
-1.697784135765307667e+01
-1.112579722563105378e+01
1.917821068464797385e+00
1.344042816924986461e+01
-9.068251803157547641e+00
1.524923333870952913e+00
6.081084900491926959e+00
1.336473474817340357e+00
-1.874439587093169157e+00
