1.331633413711180225e+01
4.095250645629032960e+01
2.294653672258930044e+01
-2.601042227344758828e+01
-1.797106707296386929e+01
3.277171949808407447e+01
-1.407312067304120262e+01
1.712006026449535767e+01
5.693994830106786509e+01
8.369379115568720806e+01
-3.203880859416252491e+01
-1.914284447805685474e+01
5.191327058304405107e+00
2.257054896235824515e+01
-2.947456941229707184e+01
3.699317066211089156e+01
1.379776071105891289e+00
2.833486277506903761e+01
-1.755160087250659018e+01
2.859936667656441500e+01
2.675069041649423340e+01
7.023649959858884984e+01
3.539698299450167696e+01
1.928299635471642404e+01
2.032434771827189124e+01
1.263016340316255715e+01
5.318512113087937365e+00
1.442018455396095611e+01
-1.753212795020817438e+01
-8.324889579088282643e-01
5.219807411911514095e+00
3.124699264427059120e+01
-3.960443042420216386e+01
3.350518384490563761e+01
-2.573295238395643025e+01
4.315729535504062397e+01
6.387014874483257110e+00
4.786707532676437893e+01
-2.788961655586222577e+01
3.663600396656128311e+01
-1.969373339711293980e+01
-1.358273423979147942e+01
-6.599083276055695890e+00
1.862747074821655602e+01
3.092993202943064546e+01
4.506889612454754257e+01
-3.668053199288446109e+01
7.637513002315412081e+00
-6.811373362404516740e+00
-7.950913945278804462e+00
1.866639882652953375e+01
-5.340513408891590430e+00
-2.980242872145395339e+01
3.594458519951786002e+01
-1.238336233718893453e+01
2.257292520458050333e+01
5.233074340824876458e+01
-1.343101709631027063e+01
-3.894300283201053503e+01
-9.385891052690290337e+00
-3.997087187300886058e+01
1.140464482884276975e+01
-2.000847220215467104e+01
1.215652077278664045e+01
2.739533326147564907e+01
-3.109730188202755929e+00
-7.394808665827566685e+00
1.847983874646159563e+01
1.282250192347799178e+01
-2.313375322134917056e+01
1.510150110114174637e+01
-2.038224291977318359e+01
4.935592811627837051e+01
1.041556469890765868e+01
2.914237075649724673e+00
3.062515467875061148e+01
-3.842650744438085297e+00
5.172474052823525881e+01
1.830264177218794974e-01
-1.179160363439651693e+00
-7.630981099558095337e+00
3.350890360344619179e+00
1.917621716451566627e+01
1.429205822871492515e+01
-3.268994686654331616e+01
1.259444416076581597e+01
1.751812152294492364e+01
-4.410055949857627411e+01
-7.002177890709624819e+00
-1.498920733754249390e+01
3.472808639510207485e+01
2.297303915801009921e+01
-5.892781919237281585e+01
-6.381807242763083821e+01
-1.351014509299113087e+01
-6.255642574472014417e+01
-3.143733331977309220e+01
-1.893617154595626317e+01
4.368953702749875134e+01
-2.456099807078171793e+01
-5.721883080044591452e+01
-2.052501344478215728e+01
-1.307304993335564447e+01
-1.249389121771317690e+01
1.686280007589343555e+01
-1.234867561210663922e+01
2.911923493405977226e+01
-2.037196079041767405e+01
-2.226936461096074993e+01
6.270163596187655841e+00
-2.336697316973164362e+01
-7.234339575667404709e+00
7.269642594977059957e+01
-5.221817134598730981e+00
2.118512446979578101e+01
-6.216273420256814397e+00
-3.831492124609247707e+00
1.847794873827751161e+01
2.370956693586841979e+01
7.226806000457784762e+00
-7.638881471691811864e-01
-5.701512653845291823e+00
5.767282089899823205e+01
-2.864630877793178243e+01
-6.285121242740390635e+00
7.508872719388767791e+01
4.465572908541046360e+01
-6.871135194959586912e+00
-4.353108632939084899e+00
-3.216316536926585457e+01
1.145956291563418290e+02
3.865758882194566581e+01
2.126324589750273475e+01
-1.453589006101870318e+01
1.154927230259600890e+01
-6.501217926360065746e+01
6.374336774250963344e+00
1.444089599045396000e+01
-2.562255751760171307e+01
4.118849119030226547e+01
-9.093942469980991206e+00
4.313955218985273632e+01
-4.684856333164528053e+01
1.456080373587466958e+01
-1.349469382270958029e+01
-2.688928395234990631e+01
5.794256017801650671e+00
-8.204417328403508236e+00
-2.828692826578570685e+00
1.045656490129644745e+01
-1.260176703310405699e+01
4.808471025077879091e+01
2.039889159121237228e+01
8.063554745283087755e+01
1.537424373820047130e+01
-3.463387703450192845e+01
-4.298373103064153611e+01
-5.485294364577905313e+00
1.331620568681327477e+01
2.660802493718635731e+01
2.180797361282655089e+01
-2.309897152055258474e+01
6.344571169060253624e+01
2.751657542155666603e-01
2.130187517302612221e+01
-7.454939435600355324e+00
1.511710486209451787e+01
3.472487259935244097e+00
-2.954420838226631219e+01
-1.254679167440348486e+01
-2.115502942698481093e+01
-1.050294969365175746e+01
2.078001172324468460e+00
-4.818616451064761996e+00
6.186697174248050146e+01
-1.306767340260848442e+01
-6.690249644744332258e+00
-5.235916614330992047e+01
4.646785090081574765e+01
4.757394387640323430e+01
1.728207496707915425e+01
1.542920655718165834e+00
-2.890728532423420916e+01
5.055869604827191921e+01
-3.251880026955311820e+01
-2.839460210878225510e+01
3.496101475391254709e+00
6.422929580157396856e+01
-7.792906214218999139e+01
-4.277690905348039507e+01
-2.055440331934602938e+01
-3.206446329976521525e+01
-2.374068137898786901e+00
-3.677084350920381439e+01
1.009663159120928277e+01
-6.281102695709159800e-01
2.255143288619514408e+01
-1.077127375311590640e+01
2.654187035749012580e+01
1.908449657963160462e+01
-4.166164922037974350e+01
-5.377955530911817306e+01
4.714077477714172737e+00
-5.947203004032022733e+01
1.833348184242642276e+01
-2.422509323705222073e+01
-1.299241862921963175e+01
-9.278640912823894027e+00
-1.433615543053410590e+01
2.296628372020696318e+01
9.068735645163664927e+00
-1.224354687787761620e+01
-1.647608304354341513e+01
1.108751661093210217e+00
1.407779473276070803e+01
-1.540585776213170277e+01
-3.577753979658021422e+01
4.977062876984970075e+01
2.014205176392411545e+01
-3.174736242763186311e+01
1.782622519589142085e+00
-3.002922566349828060e+01
2.710559240254939795e+01
-1.416574227253543228e+01
-2.864375561382057711e+01
2.326584067778243003e+00
2.999185494275664610e+00
-4.482313464242892564e+01
-2.446195328317985584e+01
-4.678763269334895369e+01
3.871658382231479578e+01
2.662812526165589944e+01
3.763940472622348921e+01
1.022650097018606807e+01
-8.775191387127151188e+00
-4.734686917326071409e+01
-2.408532415158952489e+01
3.142377602820230820e+00
4.806408957684171668e+01
-1.529915399154529609e+01
-8.155212393245216518e+00
-1.238370029192079471e+02
9.921466191189818318e+00
2.520510876255124799e+01
-1.973126400928887136e+01
-4.016664889900658864e+01
4.304275483401288227e+01
2.422783755260914162e+00
2.933555370261756678e+01
-3.165201187906804492e+00
2.833086905679764556e+01
2.437885516643420303e+01
-2.033922410204442599e+01
1.515800096868233915e-01
5.049133042890537126e+01
-3.757218516715499135e+01
-3.108337150344598232e+00
5.342818257761448919e+00
6.356496073755348863e-01
-1.841087458351552186e+01
2.332484890066350403e+01
-4.234424441197324640e+00
3.536358153437434737e+01
8.518745558638894266e+00
-2.997186470174105821e+01
-4.959251832140509464e+01
-2.026751778584349850e+01
1.284259100855807745e+00
-2.942201531139671644e+01
5.477835713551121444e+01
-1.202445699076578656e+01
1.312795132492509964e+01
5.933961106160276699e+01
-4.452846741729984181e+00
-3.529201560170296403e+01
-4.646687426694062761e-01
1.639782674604007084e+01
1.427439395980686854e+01
-2.919057407258036818e+01
-1.195785164235792664e+01
-4.650659307287342870e+01
9.089676692768230737e+01
-2.026531656301683082e+00
-5.470967868640167353e+01
-1.862016129000010167e+01
-2.020398273003992529e+01
-1.477363330657708751e+01
-3.914373838825829210e+01
4.677284767329403792e+00
-2.266838947311759611e+00
4.767259916968779976e+01
2.106329762516668325e+01
5.312776254732825443e+00
-2.664493781818841711e+01
-1.506651722107148395e+01
-1.820975881868551838e+01
-3.403531438930223474e-01
-3.980198628367139690e+01
-2.018966397226042631e+01
-5.691168488473424247e+01
2.808691597484785163e+01
-4.466661083817088240e+01
2.321179705224790624e+01
1.283672794817579188e+01
-3.028801269424853615e+01
-1.029686150190294747e+01
3.903867519882313175e+00
-6.528534840296480013e+00
-5.447778968993731041e+00
-2.607962805644929816e+01
1.600986255986491713e+01
-1.567278156162135794e+01
4.064566765553192340e+01
-5.732627411933346195e+01
-2.507005002913252412e+01
1.865920608870990804e+01
-2.124665966330352429e+00
-4.264245340795124406e+01
4.294669211606847625e+01
-5.977502425387414320e+01
1.565147158066283950e+01
2.123236285802435397e+00
5.537241041369338745e+01
-6.782241801793676927e+01
3.988470090797954981e+01
5.192590469977746892e+01
1.610316655947229947e+01
2.012100807910367095e+01
1.446304799728328661e+01
6.429131011092627546e+01
3.389971811357663256e+01
5.660400968799709176e+01
-2.231046355354779021e+00
1.866264343198633657e+00
1.437295248242425671e+01
-4.341760454889060483e+00
-2.348212018167097170e+01
3.321379842957636441e+01
2.507983101887360533e+01
-5.419116087153185823e+00
-3.187501185626791766e+01
-1.069692615614051867e+01
-3.205351647819237115e+01
2.359278479399257833e+01
-1.304051564255841456e+00
-5.303815001052637257e+01
-3.789754923299933687e+00
7.536717946046968564e+01
6.062402704908295448e+01
-4.302186551558535577e+00
9.968152078762004464e+01
1.407844723769597350e-01
1.596225463830657887e+01
1.223381846727791711e+01
-2.544471800862160293e+01
3.974158599784249191e+01
5.053238768077876308e+00
3.592051139554018846e+01
-3.566463622290410029e+01
6.049900089787446689e+01
4.326367294712576950e+01
-1.652239854429848265e+01
2.572278683280704570e+01
5.262905399274035112e+00
-6.406591843853205148e+01
6.922438872356489981e+01
7.353978998929031619e+00
-3.453558605559698691e+01
-4.387832965172799859e+00
-3.176102323488888501e+01
-1.849232421897831102e+01
-3.299696267134851979e+01
-6.367377729978164780e+01
4.121723151260070495e+01
-4.394918662887001659e+01
-6.448359850373149627e+00
-4.827593567406260888e+01
-3.880434110172361617e-01
-2.651831336429382446e+01
-1.818555599121923905e+01
-5.348213215956568689e+01
-4.545303978797305433e+01
-2.500981178791130333e+01
-1.872799945503878760e+01
-6.314810845622710644e+01
-4.104182022896653237e+00
1.806089393407366828e+01
-2.388111150412490602e+01
2.868868050995694574e+01
2.993464679374585558e+01
-5.705230476639685833e+01
4.289112860038838448e+01
1.135425686095454800e+01
-1.654825207309920554e+00
-2.074574302437550699e+01
-3.884771703441641932e+01
-2.540629699555267518e+00
2.141222632190380182e+01
4.989178486261419465e+00
-1.351024041654009977e+01
1.826419585087587905e+01
5.110562827184286050e+01
3.601986103041502929e+01
-6.456493482914288151e+00
-6.471784695440058854e+00
-1.582013871063320565e+01
-2.582563387736924732e+00
-6.202619568313017595e+01
-1.901409416032213429e+01
-4.856320232559585004e-01
-4.016193847759234359e+01
2.813824524926514314e+01
-4.573292714837256057e+01
-5.200791844353263116e+01
1.581402008810294468e+01
3.857416615661561821e+01
-3.319554511146559861e+01
-3.599017512348278558e+01
-4.664961316160111116e-01
-3.219732498989979064e+01
1.736643793108426337e+01
-3.315358156997612582e+01
2.159002654586870129e+00
5.192240931181355279e+01
5.172620399492635102e+01
2.336325574109335435e+01
2.338541291455902638e+01
-4.775439636787195852e+00
7.925163791983526096e+01
7.266997580664097711e+01
4.812967461010091341e+01
3.171942321837918044e+01
5.039745828514864456e+01
-4.962319876613290859e+01
1.393232392735521241e+00
2.014321431446067834e+01
3.626328658400483107e+01
2.623203569228652299e+01
7.285462254215178746e+01
-3.689203975076750908e+01
-1.693252145141067189e+01
4.074024107317501375e+01
2.666581227649372821e+01
3.934246926193097238e+00
1.842397143156211214e+01
-2.074667907174373127e+01
-8.698509286670988772e+00
6.793420837540148227e+01
-2.277873038806278672e+01
-2.291628044554256505e+01
-1.467685681195188607e+01
1.472002287135499188e+01
-7.232768621550346211e+01
4.966057556905146697e+01
1.192434461690832848e+01
2.676776116160685248e+01
-1.734418814090311045e+01
-2.810824184404487625e+01
2.035374388499247544e+01
-2.460771354722268356e+01
-3.839120604152421379e+01
2.510063712087444543e+01
1.212574890881991330e+01
5.875091345424912959e+00
2.166275665766002945e+01
1.833163413712831868e+00
-5.962809863473600203e+00
1.249787161879292796e+01
4.203597893925967810e+01
1.652497380914602587e+01
-2.198618154785130230e+01
-3.187099381787279384e+01
-4.698058142663120407e+01
1.754293019110513896e+01
2.070129999840831658e+01
-6.761803675954590176e+01
-1.949414877536170110e+01
-4.237757586224286399e+01
3.685307826120782693e+01
-2.543273998973145922e+01
-2.091480345039497024e+01
5.144398622458028481e-01
9.889247650648862020e+00
1.142401418023271376e+01
1.514787110177774920e+01
6.954561190739031673e+00
-7.747450186024900987e+00
-4.634614737063353473e+00
1.733675484256726662e+01
-7.010313203367444146e+01
5.403658261594647172e+01
3.108446364184034039e+01
-2.940249464562027271e+01
5.028735369586330251e+01
-3.680690502934777442e+01
-7.860450539138932413e+01
4.087052955256532272e+01
4.301983602341547197e+01
4.726555924296528133e+01
4.132533713407256215e+01
5.432981810331136252e+00
-6.867008441867446322e+01
2.161572819914820798e+01
1.552408327168747704e+01
4.365618724239043047e+01
-8.739287028700275073e+00
2.762980487123692797e+01
-1.127691172286991517e+01
-4.588637586386296618e+01
-6.532771839213262766e+00
1.227999739963103742e+01
6.804295338041420393e+01
4.345704301816454951e+00
-4.020172713063339387e+01
3.665256376425917750e+01
4.165702501595662000e+01
3.013257349225311188e+00
-9.829324356555249054e+00
-2.154185242054859728e+01
-2.859013184586294898e+01
1.607587482258416145e+01
-2.691777365882813911e+01
4.945813517741290077e+00
-8.258307688629247423e+01
-1.976240965243141545e+01
3.955348265112630912e+01
-3.139699196937255188e+00
1.577426784141795935e+00
-9.757122411192908018e+00
-2.240426393027166085e+01
-9.520284366417335775e+00
1.531863156698014805e+01
-6.190260029342999815e+01
1.280716080276069135e+01
7.385972907742202942e+00
-5.375130340476491142e+01
-4.969634781427723169e+01
-5.794449949615977147e+00
-2.595493167129681922e+01
-5.797629306207511490e+00
-9.030541876210438801e+00
9.276737173957206872e-01
-4.052523964653618194e+00
-6.826218572591149503e+00
-3.058422491478463456e+01
5.223404980607257642e+01
-8.278171817182892411e+00
-7.036649786268975504e+01
-4.390080603127864833e+01
-5.444362254831349901e+01
-2.026822307633675635e+01
-5.311619255956189889e+00
-2.710670415763762975e+01
7.089738307407486673e+00
-2.517218437941996179e+00
-4.632307167256023206e+00
-4.736101952269950033e+01
-6.339518685346217097e+01
-5.691764224435418740e+00
1.716351618867377127e+01
-3.082154477273555848e+00
-1.033710393708425990e+01
-7.386341376679614434e+00
1.163576138693896489e+01
-1.205228443951708428e+01
-1.732314717090183365e+01
-1.667056748429000734e+01
1.329810233675492270e+01
1.709296194944338865e+01
-6.139852701592213080e+00
-5.334058875863625104e+01
-2.513663564792405936e+01
-5.002325861393358331e+00
4.273301343132288110e+01
-2.416411910998926871e+01
-1.640973899359300603e+01
-4.430453550650814520e+01
1.171157898200818437e+01
-4.960139921014868492e+01
-1.892196231047837784e+01
7.724586337041301931e+00
-2.922500381840716699e+00
1.837381236121691686e+00
-1.607651483969967643e+01
3.463526554287192027e+01
-1.663336121300576309e+01
2.104823774406692660e+00
-4.234877583932755840e+01
-5.441514544300862610e+01
-6.769414139776242401e+00
6.595489484133571523e+01
-6.233805200873460706e+01
9.568140138689013696e+00
1.898611063498745111e+01
1.846975963369243345e+01
2.547413746858780748e+00
-5.620611519092574326e+01
-1.388946587486906381e+01
3.430997358893601046e+01
1.121219135021431512e+01
-8.919646510357971181e+00
-1.917263320624528689e+01
1.037218906730271684e+01
-2.979266149310089595e+00
-9.017573598423242132e+00
3.715586230449485328e+00
8.262969146512553209e+00
-5.250384712320676073e+01
-2.422009819916594608e+01
-1.837843543757508868e+01
-4.004139310516857364e+01
3.214739311910907560e+00
1.542983914192598727e+00
-6.611701931487674244e+01
-3.928690894198408046e+01
-2.767255568289346002e+01
-4.965047719521660952e+01
-4.105971295156794554e+01
-9.352187477201875154e+00
2.646174891645225102e+01
-4.044640052916500395e+01
-9.447266436763792186e+00
6.409249114874802444e+01
1.290084558210194920e+01
-3.174779086838501296e+00
-1.074697294193909514e+01
2.381184578158426213e+00
6.678830714923295275e+00
-2.464414561834298922e+01
-3.450664966190480243e+01
7.792947398571218542e+00
6.678459679598292453e+00
8.441548209486234100e+01
-2.319382939145069322e+00
4.479857981600790851e+00
4.592817726062619066e-01
-2.264358955358008529e+01
2.204235549167189134e+01
-3.521318996135087787e+01
-4.242862328305791664e+01
2.769333598644188754e+01
3.060044735649877978e+01
-1.059958740707032554e+01
-1.683645706222802829e+01
4.327291214274359987e+01
-2.644972379361639980e+01
-8.016104750455977523e+01
8.611464937543159692e+01
-2.627986752804965320e+01
-1.699166370843142460e+01
-1.798193803260820900e+01
1.046951773861675861e+01
-5.904793575739029166e+01
-3.095632460272121023e+00
2.979355292206955141e+01
5.719736958117560022e+01
-1.018708825848855426e+01
-4.669249119511399471e+01
-5.659336392168226837e+01
-2.388875810645879838e+01
5.029297584517551378e+00
7.962920853506656726e+01
1.941341016683969301e+01
-4.018953678825187836e+01
-6.108306764243287290e+01
-4.207004361195131992e+01
3.309411603883282282e+01
-3.282940077714172844e+01
4.125447803030149885e+01
-2.580946954499502954e+00
-3.340029712880295598e+00
-4.278702519972897989e+01
9.142335783192029552e+00
-5.056762780266947033e+01
6.164783773096534958e+01
2.318350696070686823e+01
-2.183061793698355402e+01
2.060107634672951704e+01
5.126384646749006180e+00
1.406949983038988528e+01
-2.426164178923175996e+01
6.329651604143922583e+01
1.423252983877122624e+01
-8.014796133533426570e+00
-6.426078162707582919e+01
-5.623005552944565011e+01
-3.159401667904010580e+01
-4.642863682745117160e+01
-1.208775547311172005e+01
-3.899346195807486737e+01
-1.150356585812210675e+01
-1.906979525469002823e+01
-2.395832893967981825e-01
1.811949482733185235e+01
4.178925995600111065e+01
-7.410421627592906191e+01
2.833673443797178138e+01
1.636311465067469939e+00
-7.519837534246947008e+00
6.820209009561025937e+01
6.114219795360141774e+01
9.987401542101093099e+00
-3.146408244359898276e+01
2.655156919170636343e+01
1.026709513230012583e+01
-9.142725187912976281e+00
5.750416737988980564e+00
2.918002563448632714e+01
-5.235570982764781611e+00
-6.860683768920399217e+00
4.740773644739729953e+00
-5.936250514361935871e+01
-4.188262700863317889e+01
6.050589913627000271e+01
-3.119031622656807556e+01
4.503855490544047768e+01
-6.187439786404882014e+00
-2.780521286400177061e+01
4.288946740332458774e+01
2.387418142171836166e+01
-1.369846123342537147e+01
5.668694409702442982e+00
-1.239237069854953077e+00
1.948510592724757728e+01
-9.746906935555768925e+00
-3.203091266189282038e+01
-2.208891426509154954e+01
1.205857428129956332e+01
5.088352338743010961e+01
5.831572120364550926e+01
-3.604999180257483715e+01
-5.228469824952254541e+00
3.401093897240849628e+01
-1.880188835080302567e+01
2.190419397960723202e+01
-2.028036113413766017e+01
-1.147418799891104442e+02
2.129193042262876290e+01
-1.940708989652053162e+01
-2.378271425752452117e+01
7.687009962314378164e+00
-1.664497214836926986e+01
-2.475372553502836581e+00
-8.441900297378762019e+00
1.644815791066346122e+01
-3.059686187990980244e+01
2.003592722283951133e+00
2.417177658276317587e+01
-3.688270350697911226e+01
-2.676116003451879877e+01
-4.333970343121853830e+01
6.568058529330951956e+01
-2.630689247053119573e+00
-3.822813445821107337e+01
7.535800479226983484e+00
3.512127647621055004e+00
3.231340183843988001e+01
-1.676834633041734435e+01
-2.039977808677618398e+01
1.424744467052781793e+01
2.689327744483292193e+01
4.400345868108770020e+01
9.989134707627428611e+01
-1.531926934711757227e+01
1.460226140531899297e+01
5.961683817781002759e+00
3.059090514106537029e+01
-2.257705839800585323e+01
4.982608459850732885e+01
-7.814792588296908704e+00
4.143687614570983158e+01
5.998658283572427763e+01
4.416797445532203881e+01
6.897285932070562353e+01
-1.164641942675510933e+01
-5.068309049628396679e+00
8.894175234490013793e+01
1.150424377876171356e+01
2.300401621629306348e+01
-4.547833151798436546e+01
-3.850692155737940681e+01
6.321923907395965614e+01
-7.607557709687887382e+01
2.545947008938657063e+01
-7.356561115701961739e+01
4.786529895748269325e+01
3.343811749677777101e+01
-5.593159908367772459e+01
2.784746062068728278e+01
2.864063583948436786e+01
-1.578000005442588716e+01
6.219603955935008344e+01
3.361653995116371618e+01
-1.158628430210308302e+01
-2.516291936688348585e+01
3.240204109442659330e+01
-3.229450287562477229e+01
1.350890213432855269e+01
-3.148875143664595910e+01
3.012852881448385745e+01
-6.361066864076254213e+00
2.149720707605668935e+01
-1.688786496703136919e+01
-2.402514284936644628e+01
7.532735566096988578e+01
-1.845124567408698724e+01
4.219389335616838110e+01
2.985944877928067953e+01
4.918161516032196978e+00
-1.552560086972987641e+01
-3.402562847551961767e+01
3.310337776229304296e+01
7.906922119126183190e+01
-3.376079813728949119e+01
3.036163817843204171e+01
-5.002086864503479546e+01
3.047742737671341828e+01
5.632031948625133566e+00
-2.766878260383782973e+01
4.312183994388677277e+00
-2.398512604986319019e+01
3.723926435382806943e+01
-2.539233941398612693e+00
3.872820970479401836e+01
2.407012064153239539e+00
-2.856712413522149419e+01
-2.459064119611543475e+01
1.313878505122685603e+01
-3.239850778369046225e+01
-2.311978005182490392e+01
-1.907457300836363956e+01
8.261093190380339735e+00
-2.098901086381263781e+01
4.995946320473006352e+01
-1.273814226388727100e+01
-2.819262365856519637e+01
-2.053062044797019681e+01
-2.410649910463607881e+01
8.180664959827968374e+00
-5.240829048547426794e+01
3.194160052487250212e+00
5.453903894531821805e+01
2.460260596787736631e+01
-2.455356794741697435e+00
-2.447868958740688683e+01
-3.523472146993375986e+01
-3.643681219866208210e+01
2.911916769645753078e+01
-5.648451919731149218e+01
-4.632113745501208513e+01
2.204051674678332873e+01
-1.412787369990620334e+01
-6.837663583461144867e+01
8.581561757679748936e+00
1.544684882514193003e+00
-4.391246248727787460e+00
-3.953338380116230866e+01
-1.753382779640019251e+01
-1.043935706113342121e+01
1.201951262584038993e+01
1.565251617333055023e+01
-6.540044236731460181e+00
-1.877572662394267056e+01
-1.727414839428004001e+01
2.083852099545272551e+01
-5.609825956243753353e+01
2.782711877146636326e+01
2.475239350046595632e+01
-1.625835200653581580e+01
-1.989968197459621280e+01
-3.781725433007109416e+01
-3.558349589099540111e+01
6.382321329932775456e+00
9.986516497116137980e-01
-5.056482115374620889e+01
-1.529742908611753549e+01
-3.165551457443762828e+01
-1.272895835244634810e+01
-8.357455579808961588e+00
4.088135924795172116e+01
-3.646614155095313947e+01
-1.609142647765102296e+00
5.660945161434361239e+01
-2.006112447392424158e+01
8.135616609885447659e+00
-6.250924120967359698e+01
2.410175870147824639e+01
-3.830607992191185218e+01
1.621621602187103051e+01
-1.917082477676041563e+01
-6.779753577624447303e+01
-1.179631262195039021e+01
7.068047900170645903e+01
9.722117734863907623e-01
4.963969665779472962e+01
-2.894869371651170198e+01
6.557930005873110701e+01
3.142746423461593608e+01
1.720931269244287520e+01
-1.994146275148495207e+01
-8.337049384226233428e+00
-1.092325485584718692e+01
3.110296193755301175e+01
-5.396636761009929728e+01
-7.099822397836485166e+00
2.692774279023925743e+01
-1.154883572986936358e+01
-2.076049565589920043e+00
1.781669551714856325e+01
-6.571600199367440887e+00
-2.966546431281489760e+01
-2.611362682210483399e+01
3.575509165566926129e+01
-9.814615016667358915e+00
-8.143470163209956425e+00
-4.661608610687725474e+01
-3.312778248777159007e+01
-6.712593475601032367e+01
-3.531275981939219832e+01
-1.716835028302496013e+01
2.244189527246651750e+01
-3.950997048230158981e+01
2.729242168868820073e+01
1.310958608648045320e+01
9.527599217452763725e+00
1.223369164891386518e+01
-1.577080815786527168e+01
-6.425759699429842442e+01
-3.590002142595898249e+01
3.327513339616660915e+01
-2.350799401875919870e+01
-4.309439550368839633e+01
-1.093518052446998823e+01
7.320838208130076907e+01
-6.371946167799212191e+01
-5.196399081965792988e+01
2.423581318313378219e+01
-7.524100838000456370e+00
-5.938131385184801658e+00
5.386724228352216670e+01
-1.242579546128368229e+01
1.826356757378853501e+01
3.994040744021307177e+01
-5.783972157181116813e+01
-1.358485563019501363e+01
2.331334280693326377e+00
5.614516294531621554e+01
3.202887107927314503e+01
3.339133076656074905e+01
-3.242332972652010170e+01
3.347739318233434602e+01
6.983779940271540809e+00
1.989872547709178008e+01
2.926174097103544813e+00
-3.488774556362351831e+01
-4.952962796490184871e+01
-3.099973576106631601e+00
2.533055128401004552e+01
1.750080326677951703e+01
-6.728115836408976591e-01
9.628763597978778677e+00
1.993862736071077890e+01
-8.266577175907053743e+01
3.993564729497472143e+01
3.081869794036626686e+01
4.180176611770392725e+01
4.989233179762377013e+00
3.616043761015613001e+01
-3.174871464241866192e+01
9.435281929194465178e+00
-8.423289190211443156e+01
-8.500796400043893186e+01
-1.682778297652888355e+01
-4.646535727317815834e+00
-2.826254057562058009e+01
1.183690717197244169e+01
-1.227035094051582931e+01
-2.053395400853060693e+01
-9.996516006921217112e+00
5.484507084544762989e+01
-1.599223361916962993e+01
2.868342191896848448e+01
-4.727532793366890473e+01
1.738096066260889216e+01
7.144234657497703722e+01
6.410918538684877888e+01
-2.471609134779853889e+01
3.238162194962298912e+01
-2.093508357614028270e+01
-2.068194639571531468e+01
-8.718156000072158918e+01
9.315677373819012175e+00
1.003871054564168475e+01
-7.008128634886698194e+01
1.292566159183078156e+01
5.225134354411989079e+01
-2.248289852652664678e+01
9.123223071099944903e+00
-1.088112156221524707e+01
2.067205983403850666e+01
-8.775314386934985222e+00
-1.508325522916722328e+01
-4.991952427784480051e+01
-1.122182456504491199e+01
-1.254620989015223920e+01
-6.165384731892914472e-01
2.079117543721079997e+01
-5.190006800577767088e+00
-5.686193875846458923e+01
1.954323140936101311e+01
-3.960141272680030577e-01
1.248073310095525734e+01
-4.763850269347173594e+01
4.890618322594494316e+01
1.067551104500950032e+01
4.856916735154356068e+00
-3.358681831773591853e+01
1.421426956088015636e+01
-8.473493922760229680e+01
-4.823153313562357880e+01
-1.664718839680200446e+01
-1.255956418321326984e+00
2.018172258676406017e+01
4.229282504154789279e+01
1.485608060337662373e+01
-4.564971485001729334e+00
-4.313261213657159487e+01
3.598322361095528166e+00
-9.666802135555753850e+00
-3.744792264810624971e+01
3.143286117607958374e+01
4.451206030859800222e+01
-1.384255425619899071e+01
4.288300201455806615e+01
-6.615298560684239604e+00
-1.598746395027518696e+00
3.440883932875296836e+01
-3.239144010315460953e+00
-6.294719899256227080e+01
9.457903875562205798e+00
-5.563309545434802494e-01
8.012520758449783287e+00
4.780407100735541803e+01
-7.171602847377515744e+00
-4.017036418303750622e+01
1.089897764131011826e+01
5.488832765964401261e+01
1.751141627629071706e+01
2.550866625626489537e+01
