-1.794609900733834973e+00
-8.029705782596668229e+00
1.952538503244212187e+00
-1.541101996015057818e+00
5.361551688774010671e+00
3.416020396613350663e-01
-3.847250051481161393e-01
2.710383611419778238e-01
5.184751100492730913e+00
4.089531537290492125e+00
3.581394603432070944e+00
-2.696307693129408101e+00
-1.616575135335322599e+00
-7.173869885757197196e+00
2.378549542715254095e+00
5.976822445530529215e+00
2.577793433026593917e-01
-6.453381979176030292e+00
2.265638155685632871e+00
1.598868775580699397e+00
-7.600164058835794378e+00
-6.233910773898890589e+00
-4.852126562192955461e+00
5.132006092078393422e+00
5.980944366301442550e+00
3.863318916225600752e+00
4.832898367392433059e-01
3.128163384015802961e-02
-1.309578335832806140e-02
-3.516257217354953557e+00
-3.327882576602527287e+00
-2.188536620442530278e+00
-1.124238655825686273e+00
1.231324192580059013e-01
8.048681581045066480e+00
6.138129698880988583e-01
1.719943085718713904e+00
6.417571521295232451e+00
3.979509938998413432e+00
5.614691277929795277e+00
2.449800355490987958e+00
2.562288180828287132e+00
5.109866635859741990e+00
3.738381748799928239e-01
-1.988701747890092353e+00
-4.424723346338504726e+00
4.422413975691664056e+00
-1.566929788305726046e+00
1.539952281932856160e+00
-2.910050729175726048e+00
4.599204613362672944e+00
-2.926626519066243048e+00
2.518978863945585900e+00
-5.648887687419622550e-01
1.592687584026586833e+00
7.510720124124807384e+00
6.333853893878154118e-01
-4.075202689729815475e-01
-4.150181664721958263e+00
1.882868986847999970e+00
1.161632690015974578e+00
-1.004986698251598920e+00
9.766466823669216479e-01
3.096392952963515022e+00
3.087352460748825855e+00
-1.965113923583409417e+00
1.415506030577691199e+00
-2.521496442679119987e+00
1.853478731179979189e+00
1.171417883680563987e+00
2.631339161307396424e+00
-4.024160666881107851e+00
-1.697057855399780824e+00
2.724007732272639259e+00
7.333721299910502811e-01
-4.790474549488481948e+00
2.823202290761759325e+00
-3.266740470884806680e+00
4.985123583125066205e+00
-7.308442618511362676e-01
-3.395035915806145166e+00
-4.294821070690781895e+00
6.772550898363035365e+00
-4.696760499600156180e+00
-2.079675931407783285e+00
-5.194854931758401406e+00
7.566519820053347889e-01
-1.750862301875564908e+00
-4.497218292733052181e+00
-9.459974307483389744e-01
-1.098043843761307148e+00
8.033207328759895960e-01
2.291375251324763163e-01
1.050782487818137767e+00
-4.410169021891677588e+00
-3.857287833986232650e-01
2.062194656643132618e+00
5.354895262103465114e-01
-3.244813658418777447e+00
-2.901295226078728362e+00
-9.441870687786081406e-01
2.958382345644451350e-01
4.050936954151917568e+00
3.188153984212827030e+00
4.917071608100298974e+00
4.190660197668259812e+00
-3.154361890968653270e+00
5.292263615079361827e+00
2.376079844293641052e+00
2.424396410611315833e+00
-2.907617128787589600e-01
4.483106203410097912e+00
-2.270390547188698260e+00
3.380128127688838968e-01
3.892575609334707032e+00
5.353997381039002690e+00
4.837415661828778468e+00
3.811844464577369695e+00
-3.545293975525211305e+00
2.430296624682710682e+00
-2.093289514406416085e+00
1.754181585316988423e-01
-2.857001310742055100e+00
3.728500189542167220e+00
6.242785172216341216e+00
-1.484883980172794660e+00
7.172498812859877226e+00
-3.875959623748954641e+00
-2.551777016040944090e+00
3.534537591098458442e+00
-1.451922000784250155e+00
3.096335047220247105e+00
1.145133101667314524e+00
6.086505293192868926e+00
-9.152542818891218346e-01
-6.734615561212182744e-01
-9.921291038687565789e-02
-5.932968235032809901e+00
1.522816486791372270e+00
-7.156130456774082660e+00
-6.156606922753034894e+00
2.509186069449846457e+00
-8.578519378919503557e-01
3.260655992268727488e+00
2.553675238202859354e+00
4.033689454114378847e+00
-3.668530053073428832e+00
-1.571392472879362678e-01
5.646588999456316760e-01
2.661369602537392964e+00
1.647560116145060372e+00
2.735906087348174420e+00
-3.308501391637623357e+00
-4.162747714190697113e-01
2.317429031786458205e-01
-9.707333669621354133e-02
-3.138652232157647770e+00
1.417126109781752907e+00
-7.060263913544734926e+00
8.579240893308063276e-01
-7.755638827250912470e-01
-2.648271775164741548e+00
1.149655711208898978e+00
-2.587727422282345646e+00
2.621899838804686134e+00
2.244338964215369714e+00
-2.954994125867685284e+00
-6.867692056430886538e+00
-2.908642408683483005e+00
1.330788294282544193e+00
-1.425832037505946059e-01
-8.093264239881112765e-01
-1.955694481821251829e+00
-2.385232504668106213e+00
7.835697735516873319e-01
3.382657894581893476e+00
2.762179278633415613e+00
-2.511767142907583850e+00
2.997170183674839450e+00
6.228229327092449363e-01
5.064929495478547317e+00
2.150332175890116437e-01
2.149996427450716396e+00
-3.756785254976439337e+00
-2.960246636719976898e+00
1.952184507204299257e-01
1.058270765093262344e+00
8.318683679175338241e-01
-2.163994155700314170e+00
-5.882728348862338308e-01
2.393011289132514818e+00
-4.140163049923464733e+00
8.353965416915076769e-01
2.187692424573475680e+00
-1.158011989588246582e+00
-3.241330685165412895e+00
-2.090330237178726236e+00
-1.771506917155427629e+00
3.987368711907861574e-01
-5.642130377527788454e+00
-3.570299543138137910e-01
6.567935593202487432e+00
-2.899258841777795137e+00
3.175179454257898826e+00
-2.903576635247280824e-01
-9.520404818700485272e-01
8.266679900604287923e+00
4.855859232711339679e+00
2.492498163660957555e+00
-4.425593622423970253e+00
2.871146702471037759e+00
-1.501637896743269085e+00
2.748067809850648135e+00
-1.657336073606012095e+00
4.810660640142561562e+00
7.077314328628403928e+00
3.524628273952206570e+00
1.527138399889105047e+00
-7.769236646565591542e-01
-2.377444135849232865e+00
-9.234880971807176708e-01
1.612581912108040472e+00
-5.363037311072271773e-01
1.754470525250139357e+00
4.086783206412006875e-01
6.097129468658011753e+00
1.144458021538811376e+00
6.394340117500507681e+00
-7.165688304619323434e-02
1.598669219172044187e-01
-1.970638721865141108e+00
1.385333692315431353e-01
-2.197354439332697140e+00
2.966973196132755675e+00
-2.446565494162713517e-01
-6.568328506687881152e+00
1.977813823770528945e+00
-6.563673630429801842e-02
-3.986919568279687631e+00
-1.282787722747651404e+00
-1.461643818317476473e+00
1.987411040377213833e-01
-9.525927985433124690e-01
-5.248417430220574387e-01
-2.936616412729136094e+00
1.595967663309331153e+00
5.855885693819620208e-01
-4.072679381976802127e+00
-2.170683589657139034e+00
-1.323967005278694264e+00
9.144040237311716890e-01
-5.624467284423936064e+00
-2.662675395496197250e+00
-4.853185035655598334e+00
1.532513182967017551e+00
-2.921127062871988311e+00
2.952893481841295742e+00
-1.347850864242572611e+00
2.037127640462501610e+00
3.819816153243337231e-01
7.891448287907999459e-01
-1.441585533698394039e+00
-8.108755575683157524e-01
1.216049316605902764e+00
-3.569054083743415262e+00
-1.896309876112283632e+00
-2.295301642948778920e+00
-4.074097936392084840e+00
3.183000459004534655e+00
-7.359202411966014878e-01
-2.016479348745478184e+00
-1.902368905064967253e+00
3.422949740623784987e+00
-3.294769710022692699e+00
-1.016850107960650895e+00
-2.024168578911167415e+00
-3.165544645901797072e+00
3.607673965544196282e+00
3.814905847184601573e+00
2.221651955737923290e-01
2.598949308942620995e+00
4.181529692429755585e+00
1.297836809814239434e+00
-8.648113810897167797e-03
-1.630943380171337331e+00
5.798754535311978486e+00
1.108216127318356392e+00
-3.599898143105560777e+00
1.773782878794814000e+00
-5.733904743143905414e+00
-2.746250802088704646e+00
-1.830857831183868356e+00
7.898940969400127798e-01
3.113068035096114849e-01
2.181196323524146496e+00
-6.992055351814776554e-01
5.227227072798264373e+00
-5.413051913460481535e-01
2.606950176197989411e+00
2.335549325184457015e+00
-5.967725496706067778e-01
5.879188218800726062e+00
1.796382022199218387e+00
2.336988357133841454e+00
1.937275912113474441e-01
4.627920085907536674e+00
2.452961545579603886e+00
1.281519245022518128e+00
-2.227686331760951433e+00
4.864089370489220743e-01
2.880821960229268619e+00
5.824165316262068792e+00
1.464033845073444695e+00
-1.003707447570100220e+00
9.945701811423278471e+00
-2.548472273112731390e+00
-2.526014286498783346e-01
2.269191274003880210e+00
1.618249089249472306e+00
1.480687035027533405e+00
1.939118548420068144e+00
3.491438900646465004e+00
-2.599470869395191563e+00
5.289605507769846504e+00
-2.677679821480665190e+00
2.923464689301211172e-02
3.072674004885055932e-01
2.940950203993086376e+00
-1.866730096755156776e+00
-1.560792010185313217e+00
-1.437274922119896381e+00
-3.516048438197767467e+00
2.404618438959549742e+00
-6.074456329635446572e+00
-6.713047536023760031e+00
-4.238335271605020438e+00
2.946044219692541155e+00
3.855361273843840753e+00
-5.652932335124241092e-01
1.924096305344178637e+00
2.324140183252713765e+00
-3.595346273957081618e+00
2.338746805405594209e+00
-1.876228027917344887e-01
-8.305341926929210583e-02
-3.443730697626877557e+00
-1.409128914181030368e+00
2.543431861263890426e+00
-8.236774319179361592e-02
-6.445877083539454100e-01
1.209727784541261952e+00
-5.109049822271812147e+00
-4.217310356101260815e+00
-1.676490044346659491e+00
4.275750960101911691e-01
-3.379765855623331205e-01
6.532544742895002088e+00
1.197615244131180035e+00
3.312178311795642927e+00
1.060898404250300686e+00
-1.930106484613477891e+00
-1.040861381312330192e+00
2.778923910330047153e+00
9.887955726660312417e-01
3.578236354006132824e+00
1.720226174404499986e+00
-9.630643964725309480e-01
-5.335517162449674444e+00
-3.665551552488643061e+00
-2.380662656910393693e+00
6.597780316602367412e-01
7.226282456536154086e+00
-1.759703170175400677e+00
4.464539778021788585e+00
-1.806953339897551025e+00
1.716265310497427254e+00
1.820829509708089544e+00
2.113078062583366723e+00
-5.710906087695528655e+00
1.644620250178112641e+00
-1.226342374070104491e+00
-4.511097085094153414e+00
6.829868337671946676e+00
-1.058119764526947337e+00
2.514601539970651167e+00
3.134625624059203641e+00
-1.826327352990199770e+00
2.757825054008594901e+00
-3.718756677526756649e-01
1.584799405729368837e+00
3.163944455473778117e+00
-2.437940737558356830e+00
-3.045007961830630272e-01
2.236360873029701324e+00
1.125913258289837016e+00
-4.575165335468618366e+00
-1.561407992341162565e+00
3.557402896452992014e+00
-1.656801016365259116e+00
-9.877999482629967742e-01
-1.749508784650496862e+00
3.511101730376245289e+00
7.914526426629836520e-01
-4.104064403702960995e+00
-9.871987514713596035e-01
-5.140375859191350649e-01
-3.177223882420483925e+00
-3.926486690686444181e+00
-2.517436511197556070e-01
1.910480887043790155e+00
-4.887666389859390392e+00
1.444802170258013607e+00
3.947942026254876779e+00
1.067529563137221693e+00
-2.361793757736402544e+00
1.459483459644038916e+00
2.885832749446434198e-01
-9.165469435045776603e-01
1.097561087068285923e+00
3.849179082310123068e+00
-2.508750045194822587e+00
-3.691314446481358313e+00
2.694650265255108534e-01
-4.609896346449806614e+00
-2.447176431250683404e+00
1.681412430639318112e+00
1.795159425811752474e+00
7.332957477477552999e-02
2.714394067561211266e+00
-9.487433439625947429e-02
-2.582004560399323356e+00
3.388709540726647429e+00
-5.986672012708774915e+00
3.045373124893124839e-01
-4.317107210032292031e+00
3.910445475611682209e+00
4.056530312281635631e+00
-4.579852818256906488e+00
-5.156003379913403073e+00
-9.904788152280904479e-01
-1.229641602925691357e+00
-8.096992313344625103e+00
3.089546696742011100e+00
1.118988075280502814e+00
-2.420872130401539923e+00
-4.814125209241709724e-02
2.046052287876803266e+00
-2.888489677411940626e+00
2.349719501088843199e+00
-4.869754997031838784e+00
-3.662014761357806236e+00
-2.143002270317762026e-01
-4.814147772040855422e+00
-5.205305341605348524e+00
-4.518704293032766578e-02
-1.456011535629814002e+00
5.693185075783802951e+00
4.726638489360158069e+00
2.377930077201400483e+00
1.725524025070600320e+00
3.391443843839673011e+00
9.420219397945654993e-01
7.762338414808183096e+00
-2.121829469457265471e+00
-6.228887068481940403e+00
1.989944261444063445e+00
-4.643093264374223983e-01
2.065597818460069401e+00
-4.576550937386691054e+00
1.833716875733703233e+00
1.116844680008225454e+00
8.901737270435932103e-01
-1.938590365401831939e+00
-2.136268827274337756e+00
6.191598238356125883e+00
-9.003572745720973547e-01
-4.990330855377917985e-01
3.282180959238867324e+00
1.625717301616443455e+00
5.262137147953970251e-01
3.270152936728941473e+00
-5.033315423585526638e+00
-5.252333007937711074e+00
2.380313574788729181e+00
3.639231996645684308e-01
2.040513033863059489e-01
1.583574968768401536e+00
1.793899829682114921e+00
7.951146277725253952e+00
-1.824801119340375699e+00
4.888456442974390193e+00
2.805500271931228085e+00
-8.152638922906592089e-01
1.563937566893619957e+00
-9.072322990398988818e-01
7.966739105827073786e+00
-2.823027907955377724e+00
1.081978484618649983e+00
-2.035527578157561024e-01
-3.822349136092070054e+00
-1.555766295859852377e+00
1.709599040904873801e+00
-1.156155313252374528e+00
-9.031124491865335502e-01
-1.245293306010354373e+00
-2.055355833555915224e-01
6.860393346634234835e-01
-4.283182589444761490e+00
4.360487581756909425e-01
7.252275601890779022e+00
-8.176714235201536507e-01
-6.579677147440656793e-01
4.043076332344355706e+00
5.908968466200430480e-01
4.722114665035491043e+00
-1.360223613046697810e+00
-1.190302554663666079e+00
1.356652974397759337e+00
-1.965771740930611022e+00
1.509556542748856645e-01
3.421540059142240686e+00
1.638587152525248669e+00
3.368423010101366799e+00
-2.108011488764547803e+00
-1.501048689609391640e-01
2.519512290434754220e+00
-4.092824660070053078e+00
8.915395106979880913e-01
4.553645552941270047e+00
-2.377362532840585629e+00
7.700171962877651044e-01
9.257193265488650180e-01
4.759321317134708629e+00
5.328409768152784221e-01
2.561451414024292994e+00
2.568195329823580231e+00
-4.907667808764718531e-01
3.906306457162939338e+00
-4.497858477453966941e+00
2.624932348338468113e+00
3.047974777909473687e+00
-2.274973875613525820e+00
-1.794107644469532969e+00
7.219821888400460352e+00
-5.537378112531563090e+00
3.574784313773415434e+00
2.951168581655393641e+00
-4.179887349533517593e+00
1.936246321083127775e+00
-5.207803056989149582e+00
5.992754644960236909e+00
1.231953781936952819e+00
1.066273702321986150e+00
3.585810249261448757e+00
2.981354346043021408e-01
6.879028281996837357e-01
1.236465904764171952e+01
2.577013537801570831e+00
-2.399246528939257939e+00
-2.292005432471891702e+00
1.598859371604337110e+00
2.481296355986265745e+00
-4.689002565444694071e+00
7.781100543915477896e-01
2.288348179199348298e+00
-1.528209941370133551e+00
-1.630119282421625959e+00
1.847645697597572134e+00
-2.630138174511377436e+00
1.652026093577418031e+00
1.150959985785422468e+00
-5.631045599185348749e+00
-8.370685790198493237e-01
2.362121292222731928e+00
2.921892504972907645e+00
-7.200780273070779280e-01
-2.558697324529076500e+00
2.318342551507247773e+00
2.530265075415005782e-01
-1.959101883645230746e+00
3.099897005926567140e+00
-9.584510883655152913e-01
6.941468241609127787e-03
-2.876266087865039234e-01
4.704115278835518055e+00
3.529229931223307748e+00
-4.268851470744860599e+00
-8.422355111760706503e-01
-5.738765255357856088e-01
2.507754897737503263e+00
4.268869817521080412e-01
5.194211710823945616e+00
-3.422390207482287394e+00
-1.179006271714582166e-01
-1.405882065352525689e+00
3.792511533801635748e-01
4.166247197315350315e-01
-3.892274044047608905e-01
-3.970908166681450968e+00
6.549264418357777728e+00
-3.883458802779485186e+00
-1.109852728578737846e+00
5.007217938315302597e-01
-1.161068731148857669e+00
-3.998776655682608983e+00
-6.598010627032457442e+00
5.304061640228924901e+00
6.526608712588534367e+00
-1.005454258752386476e+00
-2.481088718680271310e-01
-3.387369164842841118e-01
2.518307023972099490e+00
1.912208035695218911e+00
-2.327812051777831126e+00
-1.689518114416315608e+00
2.055999988507080545e+00
1.588958642834015000e+00
-1.998596685106226234e+00
2.773258202090965518e+00
-2.668512335418638415e+00
7.006536551009330260e-01
-4.761766736652874421e+00
1.095690972248577255e+00
3.192392709492185787e+00
-1.723122943160370735e+00
3.669768762635334358e+00
-1.150786785065245565e+00
2.876170591136147259e+00
-7.303005857465132422e+00
-2.595313306430826472e+00
2.521017391679176711e+00
-1.749012939773175956e+00
-1.900132042124235587e+00
1.823654644159720117e-01
5.039452737001188787e-01
-2.543687986000326529e+00
-3.367165675148543480e-01
4.063399860227319138e+00
2.221532292611987813e+00
1.258740951885753523e+00
1.054581609389419583e+00
2.770590537852203550e+00
5.505344931281625165e+00
-4.411947211969611815e-01
2.989194732907537233e+00
-1.692049016748892853e+00
3.977627821985251777e-01
4.419983318733866184e+00
-4.036543189499615991e+00
9.687880621939162773e-02
-1.417525973597445477e+00
2.331932823582245629e+00
-7.102688546827736760e-01
-2.595885456580645734e+00
2.168432856180604329e+00
1.265279619837097025e+00
1.223874877773858671e-01
8.023712607883635162e-01
-1.963906546213193938e+00
2.870157761819891462e-01
1.765912398316479948e+00
-1.598621835589574491e+00
1.673797709448178406e+00
-3.518880231793112046e+00
5.025550118565003110e+00
-6.068551219118898388e-01
-1.421896189167919378e+00
-4.498640246136044851e+00
-8.892480136450182648e-01
1.292221983620177594e+00
1.866918167753799374e+00
3.583917067287671454e+00
-1.229940446164746515e+00
-5.320038529219306866e+00
3.409451134865599808e-01
-8.745387035928897657e-01
2.064885283906189972e+00
-2.498796897360225255e+00
-1.407258076839390970e+00
-4.111190148627289709e+00
-2.271494905784011475e+00
-1.443898883713565340e+00
2.340118935986812421e-01
2.124996326992255824e+00
2.341347363090339417e+00
9.534576344407130755e-02
3.018922170144286987e+00
3.781432899395576808e+00
5.079035764452570767e+00
-9.522040134433372716e-01
2.387424667675355217e+00
-1.355403311594833404e+00
-2.063723018029831824e+00
-7.446722536220464761e-01
-6.390040366930049842e-01
-6.654554045865936907e+00
1.767022673663575461e+00
-2.847528423535622188e+00
1.246130860379390359e+00
7.186324370032705078e-01
2.382016193787993785e+00
-3.717488755282611024e+00
8.336992600363849482e-01
3.809303851638157212e-01
1.845014858702840321e+00
3.994927637969851730e-01
2.649885372439750864e-01
4.099716476012801314e-01
1.606058524909603769e-01
1.428188373399733813e+00
-1.203589098457882089e+00
-3.229535069115795132e+00
-2.371000065739973017e+00
-1.290289863829267025e+00
-8.780954447828577258e+00
-8.712494502448294043e+00
-8.443661467878391669e-01
-2.183227639324519798e-01
1.795753888640150286e-02
-1.547173032245708901e+00
2.259626848367796370e+00
5.201997690673916264e-01
-3.357741259689948632e-01
1.848307672622321540e+00
3.850308672257565235e+00
4.137544366354029002e+00
7.909185483402143557e-01
-1.550192997352906055e-02
1.719008604867594325e+00
4.529518078273492065e+00
-2.072930823308552384e+00
-3.063637350567899986e+00
-1.673050958460836846e+00
1.612540635386145116e+00
-2.272272345611405342e+00
-5.397955454062184355e-01
-2.623657626774589247e+00
-3.398516021203871418e+00
7.471732303996478919e+00
-4.789307502874261324e+00
1.431376229859783411e+00
-4.348340322047500095e+00
1.432552399556736633e+00
2.106403966515918214e+00
-7.583674135090395785e-01
-3.576997992193119202e+00
-1.924174724584604812e+00
2.886281302881508193e+00
3.071512639070526962e+00
-2.155080660858152086e+00
-2.117055823251113189e+00
-6.990522012659881046e-01
-3.648202416409519699e+00
1.203956921918599932e+00
-3.624992246286818265e+00
4.493073001980844694e+00
-2.999489732489316829e+00
-2.014834677785905637e+00
3.382977958662110485e+00
3.986902803523555971e-01
-3.322013534869701079e+00
-7.468334928021427288e+00
3.100644541328968273e+00
4.555694464162322710e+00
-1.925452303317336078e+00
-4.288253203103593592e+00
-6.522336063463962219e+00
-2.688580456987847978e+00
3.260442325112685502e+00
1.146119099826408583e+00
-2.155107215157966660e+00
-1.362652733189997356e+00
-1.386073625372964191e+00
-2.411568576887640702e+00
-3.877183039213271343e+00
4.943468205249455849e+00
1.857810445803129262e+00
4.857281151818856557e+00
1.369119445456001172e+00
-1.894889391573069792e+00
-3.179601813132239219e+00
-1.325035993801847223e+00
-2.112584964902656459e+00
1.730864483568931744e+00
-4.066510351584825322e+00
3.074867761739453087e+00
3.087080072807117492e+00
3.418391653493036308e+00
4.546573779965527251e+00
-2.318953823689256843e+00
1.942641037468312737e+00
-4.731849615924337282e-01
3.354838976136080286e-01
8.870128199125504320e-02
6.132247978006226674e+00
-4.578034966340478046e-03
-1.504771575356282476e+00
-2.245668773981268185e+00
2.912861572294985990e+00
-6.132932086243247483e+00
1.123524208755175779e+00
1.551979994824044473e+00
-4.358103622167659452e+00
9.276834632809316528e-01
8.354931813884720615e-01
-2.515091416178098616e+00
2.266841176023555171e+00
-1.643812553226415396e+00
-2.879238039423474227e+00
6.323100391009988996e+00
1.241554793215979391e+00
3.266864922757768408e+00
-1.634678079885639956e+00
2.443480204095382469e+00
1.931741683047936364e+00
5.840070350136077337e-01
-1.321915193777569497e+00
2.442819340968478414e+00
1.999342050438087104e-01
1.576185635193518841e+00
1.286255975724048373e+00
-2.638187851833826869e+00
3.746000353235164226e+00
-2.537813375696944096e+00
-2.987925817764957692e+00
-2.963214101933822064e+00
3.534548534566797073e+00
3.751929266413953634e+00
-4.187085710927953563e+00
3.496783500545444845e+00
-3.689854419062864599e-01
-4.466673731844486017e-01
3.775871018511030464e+00
3.000267658031266382e+00
-6.101981054404043370e+00
1.068309049397118349e+00
-5.761883918825131401e-01
2.747388372093025666e+00
3.117782620685732198e+00
-8.276736835115759972e-01
-1.077831672510705108e+00
-5.542395211332260541e-01
-1.669872667245884568e+00
-3.657029268091308793e+00
6.308238831550204928e+00
7.917224871540849307e+00
5.188765480329875501e+00
5.346011672503832912e+00
-7.211009896707404332e-01
-3.691259535790636814e+00
-1.480486688101623205e+00
2.025305132001748110e+00
-5.958210971477929663e-01
-5.396958404857044478e+00
3.334123471189192056e-01
-8.237495583287668399e-02
3.858240909567393739e+00
-3.297127040004715237e+00
1.829621840232984464e+00
2.208437038410722586e+00
7.201319429045986986e-01
-1.743876080041187882e+00
-7.103321855314243649e+00
3.139717969186143431e+00
-7.001336215260112184e+00
-1.707852973794294682e+00
2.826108830367324298e-01
1.705849962654685248e+00
-5.046812410644597513e+00
-3.370587910055919956e-01
-4.785346646654116576e+00
-4.611328801097960284e-01
2.371552886479590061e+00
-5.268572639087124365e+00
4.501824719368737071e+00
-3.650213151362935449e+00
6.418036685162765487e+00
9.040175531148063826e+00
-1.083693222036123283e+00
3.755896175505292423e+00
4.153658330769792073e+00
-2.369250043059369482e+00
5.194603484319731734e+00
-4.299313247287030570e+00
9.060199564648118153e-01
1.259144428427847240e+00
1.519673305037550826e+00
-2.874848135703859775e+00
2.284868499892978466e+00
3.039885300429603365e+00
-1.989827191653966931e+00
3.140819697077444683e+00
4.305041527949156510e+00
-3.312336141712538762e+00
1.411593904387497656e+00
-2.033049233955524393e+00
2.163049136215275503e+00
3.452506772006919356e+00
-5.993595757027414983e+00
1.413778855199776530e+00
-7.831616631063633704e-01
2.612497401788051565e+00
6.135023511772054405e+00
7.054464364956527511e-01
-1.098096831963733422e+00
-1.016971304324176151e+00
5.235094183546357804e+00
-1.530038870206481327e+00
2.258143235839215279e+00
9.957289438461023323e-01
1.235661017729404954e+00
-7.208829976109597304e+00
5.677508640205451762e+00
-2.038106164142523546e+00
2.658873523221244373e+00
-1.885602044515720666e+00
3.222383358866705905e+00
-1.430370869361420105e+00
2.481966494199571382e+00
2.277867462055479297e+00
1.535448813438905269e+00
4.802954725526136226e-01
-1.589093895340078832e+00
6.986298421994875385e-01
6.921546626707782979e-01
1.367438699616587705e-01
-1.841759166127988623e+00
-1.884962592677299487e+00
2.025488649260811069e+00
-5.591987878790836142e+00
3.588800639791085878e+00
2.483451765885385853e+00
-1.329162948820019841e+00
-2.826135978409756166e+00
-1.346308092432022763e+00
-3.868245148384578336e+00
-6.032606393176545012e-01
1.933914827565725414e+00
-3.585644906559168898e+00
4.246748195931757230e+00
2.378946189403785105e+00
-5.575174863044588314e+00
1.560754077980155863e+00
3.957879609486881556e+00
-2.234951620618377266e-01
7.992426785338329065e-01
-9.478034398910275549e-01
4.699354699509656896e+00
-3.575436643438512530e+00
-3.029839450143366086e+00
2.568572961315110370e-01
3.786410909142261083e+00
-1.115788007716769448e+00
7.325276656943545461e+00
4.001881963090045957e+00
-4.304010897054513229e+00
1.528203580531163341e+00
2.351602972627829247e-01
2.692904424944710495e+00
5.126311183468716948e+00
5.386307302450521473e-02
-2.629287855009367902e+00
1.392520553057147392e+00
-6.851808553265197332e-01
1.057354394238048556e+00
-1.525161758322702399e+00
-4.803897152976193574e+00
1.602495045930752759e+00
2.160477086527080814e+00
-8.980811123517588035e-01
-7.576096451994804859e+00
3.124889349697685947e+00
5.261050832868470195e-01
7.462461887085283241e-01
4.889531279467923541e-02
4.193390757101824184e-01
4.791603235320541998e+00
4.150604259326424739e+00
-7.300316441178646976e-01
-8.982851412635970423e-01
-5.997139095781595763e+00
-9.004790240381147726e+00
-3.563943228248621864e+00
-4.559605530106984439e+00
1.383281444749382860e+00
6.732933281300484296e+00
-5.480564362722297744e-01
7.004889811047319004e-01
-4.113902663894128953e-01
1.200363986192369392e+00
-3.786460152666341616e-01
9.255175019657455593e+00
-2.439068487065201296e+00
-2.821877657695651909e+00
4.932332727985112797e+00
1.648877408957784674e+00
3.001854099240802043e+00
-2.442112573765939931e+00
6.528754741268295581e-01
-9.876197219180180564e-01
5.244340951500390702e+00
-3.479886387300720862e+00
1.204953542324191051e+00
-3.097198746096374578e-01
-5.769543565410890196e+00
-5.730972333343503422e+00
2.835376619957886035e+00
-6.786707115114907207e-01
-5.026730810496042423e+00
8.302567535137503896e-01
-1.894604827013450121e+00
-1.540121932611205668e+00
-3.166754465463334167e+00
-3.540589324425061690e+00
3.151550620229476962e+00
3.053744112100714059e+00
-3.852943994494361313e+00
1.780954639537387862e+00
-2.323854785505472087e+00
-3.735758399975573352e-01
3.024809484069685972e+00
-3.795298520050499613e-01
-1.989479979894323680e+00
5.715648867065601380e+00
1.824176868172233235e+00
5.462325338941549369e-01
-3.013994906872566215e+00
2.758723982792862905e+00
4.281531324314878262e+00
-4.494817772730947958e+00
-7.235737671182380648e-01
5.764031487165789613e+00
3.279370668544013601e+00
-1.422985517654930199e+00
-4.693481285735174424e+00
5.819424395437507336e+00
-3.650905557440495386e+00
-1.863325558729578724e+00
-3.550515001528235626e+00
4.349877938860778670e+00
1.812874727641064387e+00
-2.413949262909833138e+00
-1.118190386210420995e+00
-3.726550569457471873e+00
2.338137435467778413e+00
1.542690147343392049e+00
3.445820059452440187e+00
1.745472563164827129e+00
3.059607756452677130e+00
