4.073646283154264580e+00
6.450588890853258484e+00
-1.448867403027077394e+01
6.179872749026241507e+01
-1.910433561361247357e+01
1.090709608396116792e+01
-1.874389521569918671e+01
9.046703270753727821e+00
1.286327349381464558e+01
-4.354537455655795419e+00
2.714522838408243288e+01
-5.354208310199748411e+00
-2.033899196327192271e+01
-7.747925307645824322e-01
6.787025404697414332e-01
1.612617148904535824e+01
-2.809919118429819207e+01
7.067626101983042197e+00
-3.036560267928680190e+01
1.021036661011489954e+01
6.497904563457225890e+00
-3.625490736185251706e+01
1.122356095232332862e+01
-3.199297594611993389e+01
-2.595495168861977575e+01
-8.336171298748231706e+00
2.305006588491472286e+01
3.265986193151729822e+01
-4.082512551856375183e+01
4.719166666127478038e+01
6.667202107084438722e+00
1.178116678247777926e+01
1.829122512097276854e+01
2.539842797758759474e+01
1.863437823998127030e+01
6.230104196876698808e+01
-1.245367315336026870e+01
-1.524074995261498344e+01
-1.346600704778357738e+01
-4.355899102642521825e+01
-1.636267270864991730e+01
-2.887518429078760107e+01
-9.609127799999185982e+00
1.370949764842916885e+01
1.943910719072252746e+01
1.408241053789843278e+01
1.714320552392631214e+01
-2.278881910739989891e+01
7.441381224009780304e+00
2.907107757471368359e+01
-4.950046170585758354e+00
3.955964595618182500e+01
1.962613121264698890e+01
1.353281814897841606e+01
-1.805644574548956882e+01
3.766876594173267279e+01
-8.552245925888616540e+00
7.631023671962481991e+00
-2.376793236294334122e+01
2.541919544445599044e+01
2.008878785508565556e+01
-8.167795175761565218e+00
-4.004735221989163563e+01
-1.651400236346780304e+01
1.838308256054254741e+01
6.596416262196286517e+00
-1.199286040503064577e+01
4.352482444939133899e+01
5.745568292533090471e+01
1.654721524118373921e+01
-4.397686607857737329e+01
-3.698363018829081739e+01
5.049747455263179319e+01
-7.000838451175182442e+00
-2.463886385436859428e+01
3.806400412049739224e+00
-7.745356242964501980e+00
3.358086938355867090e+01
-5.905493722978851778e+00
-1.273595029966456949e+01
-4.074222562565601891e+00
-2.185771152344067758e+01
-3.507033631456176437e+01
1.362554166987268012e+01
5.510772480504092385e+01
-2.955194840437525983e+01
1.441936672919929130e+01
2.974392892755079743e+01
-7.228548053275391183e+00
3.421932099501758273e+01
-2.689339695901928096e+01
9.088205727016671176e+00
2.159883625629145598e+01
2.229489264519015990e+01
-1.495825303928434735e+01
4.596340739463702363e+01
-8.156974903800573884e+00
-2.334441837636944683e+01
-2.256132057435982574e+01
-3.610498276627399150e+01
1.357423383552025342e+01
-1.614179781516378043e+01
1.428918767549353852e+01
1.091206150982198508e+01
3.989290338606325648e+00
2.771825047570441569e+01
5.335590140513895463e+00
-5.759513834331825421e+01
1.424800739104289171e+00
1.735023863811013589e+00
2.771646201316073999e+01
-6.141218601905618968e+00
4.065640461700776420e+00
2.193906988496033961e+01
-8.045188962959105794e+00
-6.437879134720980723e-01
3.128397077888962485e+00
2.913069481772019742e+01
-7.852795757423882250e+00
-1.845580264842828200e+01
2.299186601044399936e+01
-4.407858601563047429e+00
1.287250145886953590e+01
-1.629778668156287935e+01
2.432897280364080572e+01
2.530867336227539788e+00
-1.012144572132012144e+01
-3.289061516845804078e+01
5.494671994119739722e+00
-2.972458178760865621e+01
6.444316350509100566e+00
1.320689913191176323e+01
-2.018652186483445377e+01
8.769033023411875405e+00
1.384701161943877423e+01
3.791125173245226243e+00
-7.564937057103735540e+00
1.469408969537997578e+01
1.801324758968731743e+01
-1.860881329974621323e+01
-3.453306593203026154e+01
-4.980490609877625374e+00
-4.254954448950351775e+01
2.541313772526186909e+01
3.555026987131078897e+01
-5.788624324774480634e+00
-1.211422832657583104e+00
-6.244869164635759518e+01
-2.536513850295870753e+01
3.842238701129666367e+01
-3.601004207265799550e+01
2.098534415552207122e+01
2.250105611669296479e+01
-3.528055238495706192e+01
-2.622675945456945357e+01
3.660762730873051929e+00
1.635004826614513718e+01
2.366830810379506289e+01
-1.439214718307146157e+01
3.104284699604748710e+01
-9.110295499025129473e+00
3.141049897069756724e+01
2.920705017425757433e+01
-3.379265533148276823e+00
-2.595168982483455977e+01
-1.158305950926160222e+01
2.214710090048189173e+01
5.940562945994806832e+00
2.209931973158526120e+01
2.589903800836159320e+01
-1.359289025852028310e+01
2.813852650760514162e+00
2.115641656930596071e+01
-4.143008658812419753e+01
3.683182366696586385e+00
-7.463814097917564894e-02
-5.102847124570491388e+00
-1.523556813346972305e+01
2.790520695926228356e+01
1.324113966299717582e+01
-5.556485740395946493e+01
-4.048526007757411804e+01
1.602552513356615549e+01
1.701174106532497632e+01
-1.016433068014895902e+01
-2.181765110024629450e+01
4.426437620331025613e+00
-6.196737862740784308e+00
7.344686116426947464e+00
-1.100181222308269469e+01
-1.508587393002605204e+01
-1.671344564784813613e+01
3.707175443385108959e+00
-2.775423768667241831e+01
1.504596817613811055e+01
3.357176107812083199e+00
-6.803575132487564403e+00
-2.956559647727326379e+00
1.802393867578789610e+01
3.724944056691659000e+01
-4.351779936465027809e-01
-2.760506136190777582e+01
-2.869286988112504133e+01
2.655151860835889011e+01
-2.164005234123616006e+01
-3.577650223486558900e+01
-1.550078649119306817e+01
2.723194881552259261e+01
-1.416451241168226716e+01
3.438371387372999521e+01
1.040387220533402157e+01
5.421131040331191286e+01
7.942078868590656260e-01
2.630433944178871997e+01
-1.919968666119366674e+01
-1.061289184602074442e+01
-4.577827583554483937e+00
4.287235899101495562e+01
-3.802472858437919001e+01
1.774920467341541297e+01
-3.823112921667036801e+01
-1.460934313411323515e+01
-1.837752163916134940e+00
3.415333858763021535e+00
-9.093127055170407758e+00
5.649908558469585174e-02
-2.178702947229549736e+01
-2.429452915536869639e+01
1.516898484553686188e+01
1.445291139636256617e+01
-4.272548329995245098e+01
6.093749179457204690e+01
5.424262806006449722e+01
-6.350147067000593282e+00
-1.783069918001597642e+01
3.104506438820158465e+01
2.275736027303149811e+01
-1.586816208678670037e+01
2.323717265274753530e+01
-5.593261393010532601e+01
5.102543997793404174e+01
-3.377325732593779151e+01
-1.835664721923349418e+01
-1.849498068196727019e+01
-7.392757803651428539e+00
2.433950042403337122e+00
3.220836298818996113e+01
1.837813878155290226e+01
1.325415734653428856e+01
-1.687256200642454473e+01
-2.026970885906862030e+00
7.878451981628534107e+00
1.566150331736318080e+01
6.709261027223011808e+01
-1.985799826872279894e+01
1.082997569863488607e+00
-1.569720411686477668e+01
-2.731253950693914589e+01
-3.324284192483949596e+01
3.476258140779212624e+01
-1.556586463932136155e+01
-1.345032280660933033e+01
-7.285237558762940324e+00
1.193359018753806922e+01
3.436003882107846152e+01
3.385002469464382102e+01
1.519470405534924318e+01
1.131610075774304747e+01
3.984204004525735598e+01
3.555884248218898591e+01
9.163102441824648725e-01
-2.605456598004100677e+00
-3.185985949375088921e+01
-6.672604221114637468e+00
3.049802106075671304e+01
2.562658085509770256e-01
7.085584058800485252e+00
-6.063128546430819199e+01
-2.217234054039196778e+01
-2.554100753843707494e+00
2.689665916668433354e+01
-4.221613822603207211e+01
-2.227246907460595793e+01
-2.420360386812533449e+01
1.478732298074553064e+01
-8.892918315881638947e+00
-1.646724427253208489e+01
-5.251846884749421918e+01
7.413760532424485916e+01
-1.284244226433921110e+00
-1.373789286365013318e+01
2.385953936512974494e+01
3.337946740904635590e+01
4.827488868682515033e+01
4.301752531001105773e+00
-1.647726890363783880e+01
1.665646834314711100e+01
-2.851020685580086678e+01
-2.540311168962340815e+01
1.170821143365890471e+01
-9.623072669640303500e-01
-3.753575321763200634e+01
8.309280508240952656e+00
-4.282480989649091185e+01
3.588495926982878359e+01
3.480950712772842337e+01
3.957324536457889508e+01
2.640542082630236820e+01
-1.938241215911653725e+01
-1.225380718199041929e+01
2.163260973269689202e+01
7.731973636023285579e+00
-1.921663279818456260e+01
2.185035018618431835e+01
-2.237986355980194730e+01
-3.136122967893229685e+01
-1.648159973944953904e+01
-1.975078977181637185e+01
3.430475420226269279e+01
3.542715075704674632e+01
3.427688056423173180e+01
1.698346808411474385e+01
-4.746035548350045019e+01
-2.488953772989097146e+01
1.403692584739395421e+01
-1.432770288247476209e+00
-9.067621398825359336e+00
3.263732701906916844e+01
2.852079392768202837e+01
4.812176848613627378e+00
1.144966252390131700e+01
-1.977733024065480905e+01
-9.186099857897453091e+00
4.462582510565873406e+00
4.556931252015206724e+01
-1.400230221415830378e+01
-3.579913527109613369e+01
3.355195967840109006e+01
2.631972247633362372e+01
-3.677403564207303788e+01
4.502116723664560993e+01
8.204161221712159602e+01
4.499934594637861096e+01
-5.330777960338105004e+01
3.424080419344986836e+01
4.804220451815526616e+01
-6.622251079365277349e+01
2.469655711732616510e+01
-2.025554601634382124e+01
1.662632739740792287e+00
3.602999346512809353e+01
6.343374265811239532e+00
2.781080668188508298e+01
-1.462930046663308836e+01
-3.810513526882712654e+01
-4.263315182233588629e+00
-1.165036055107348645e+01
3.732852636651278999e+01
-5.197480474691285046e+00
2.715567986797414957e+00
-3.991643460972532420e+00
3.796317259158293922e+01
-4.577665273460327811e+00
-1.078898612307763116e+01
4.727703385731793162e+01
2.011365297959800813e+01
-4.733183712019874534e+00
-1.603748400734618329e+01
-2.420856713560106499e+01
-1.811941788989288593e+00
4.179053006260465963e+01
-5.025022653630846037e+01
-8.213690549867389556e-01
-2.682217592923795024e+01
-3.417773502505321659e+01
2.252869795966060806e+01
3.326408350070302333e+01
6.785178465188529628e+00
-2.541831841694930461e+01
2.800736455407458969e+00
1.812769470733348243e+01
2.386737141356855574e+01
-6.527840959837820378e+01
2.886729752022615614e+01
-3.810863459097035832e-01
3.550683430194337831e+01
-2.457933550534632161e+01
2.953689054131447556e+00
2.056862202280392893e+01
-3.813387267954211346e+00
-1.254842776407513938e+01
1.092380790258667034e+01
1.077540714372113939e+01
1.338324270242465985e+01
1.785768800164549219e+01
3.853235550116248742e+00
-8.553898548853776873e+00
-2.747779840545492647e+01
1.310488508933298313e+01
-2.912966281307305749e+01
-1.322796656545114402e+01
1.055008494964004662e+01
-1.245111084426233194e+00
1.941574838736205777e+01
-3.627448769831573827e+01
-2.010662067328340186e+00
1.368867878802322302e+01
-2.749627808983289512e+00
-3.659143425464541366e+01
3.592033460030576997e-01
2.902719643108485670e+01
-5.756645838869008713e+01
5.062019365810432703e+01
2.791779133531369528e+00
8.624056736668142875e+00
1.405532184648113692e+01
3.782280219091129769e-01
2.235319407748381337e+01
-4.327272872372602386e+00
7.992020193205746637e+00
-3.182788815145053185e+00
-3.141168950050706954e+01
2.357585871773240171e+01
1.649546383872405997e+01
2.078726289687504902e+01
4.933576076438767188e+01
2.220906225320837279e+01
-2.438790477243404808e+01
1.664894819186591768e+00
3.658005231559100512e+00
-2.468254174033588910e+01
-2.351284478706580927e+01
8.045704409380084243e+00
-2.087466263944001810e+00
3.744177759099867586e+01
-1.343994949042224007e+01
-2.321773665133137499e+01
2.468993476111615593e+01
2.959418030080409068e+01
-5.001085067097701398e+00
-3.552258527832044877e+01
7.896086578780871434e+01
-1.177853292852216782e+01
1.273210922955242097e+01
3.785072303637274160e+01
-2.924623467289462297e+01
-1.146226668414207417e+01
-1.161981764719249810e+01
2.233779215013725894e-01
-4.837185093302702654e+01
-7.159675187345389702e+01
-1.942254841025945922e+01
-1.221322539599513846e+01
-2.374123378511713156e+01
1.470946141845580257e+00
4.830154052709591639e+00
3.332986802656568770e+00
-2.845100413111275728e+01
-9.190358171556761491e+00
5.414573083346314597e+00
-4.445503568630851987e+01
-7.093174902722849140e+01
-1.692501271479034486e+01
-8.106495358659881134e+00
-1.184047559408573491e+01
-7.312239107868223620e+00
4.267381770879470082e+01
5.491477069516932374e+00
-3.152652351292085342e+01
3.685020660852313057e+00
-2.276704974222005973e+01
2.618367066591871506e+01
2.088418102869890447e+01
3.397352640528357171e+01
-1.778171662520808827e-01
2.297364954305266238e+01
1.029538107062085928e+00
1.012004368905206420e+01
1.597778827503630517e+01
-1.518062728397794459e+01
-1.824025198180260077e+01
-2.786538687317695207e+01
-1.688334324378639550e+01
2.467948630833672397e+01
-2.310200837863078860e+01
-1.771672820759866696e+01
-5.962761533933667035e-01
1.634694882833067453e+01
-2.407521991066024469e+01
-1.745369729473480547e+01
4.362337946781586595e+01
-7.103343367013396303e+00
-2.416153204986459002e+01
-1.023431034875209100e+01
3.222825892048786045e+01
8.574789256492314493e+00
-3.684220942812918764e+01
-6.196203062737924938e+01
-5.085711371881783904e+00
-3.025329945567100864e+01
1.582337690908662253e+01
1.237585891763581714e+01
-1.943620347790466596e+01
6.044543950892878215e+00
-1.417198041819294119e+01
1.850745063840381377e+01
-3.083849563573112817e+01
-2.002190928728198571e+01
1.468276325123800774e+01
5.972153318403570665e+00
2.760537227971663299e+01
1.136311817731172624e+01
-4.395949302377880485e+01
-2.731858011701241651e+01
-7.542817251001581624e+00
-5.509970339499391656e+01
-2.024170607739204542e+01
7.907383316242148297e+00
-3.175043059621121699e+01
-1.773618699082864580e+01
-1.066895534342071983e+01
-2.885979433953056628e+01
7.971660826430559510e+00
1.428001743105289556e+01
2.183802640822503349e+01
2.333614837833286515e+01
-1.623938841599424876e+01
-7.222557430280014401e+00
-4.843747754105425685e+01
-2.802304697760490626e+01
-2.939688340574414127e+01
-3.487072593916456498e+01
-3.517684757189587685e+01
-1.085714298754730134e+00
-5.667471674166937134e+01
-1.320050521396224141e+01
1.524210014974437533e+00
4.815227479971557045e+01
7.995997265463888226e+00
-1.136431797810568867e+01
8.421759631361929621e+00
-3.638780414712473998e+01
1.411700024983452906e+01
-4.675134593667951322e+01
3.580220138459599077e+00
-2.809459209253569512e+00
4.168275879983070098e+01
1.613378986492129297e+00
1.178916167801385484e+01
3.735050108707693717e-01
-2.374454780787638697e+01
-7.712022339765082224e-01
-1.150996291226527113e+01
1.248732465400197000e+00
8.790035939244200236e+00
-3.765615405978807928e+01
-2.102177086854515409e+01
1.321579233189142855e+01
-3.202559181613471395e+01
3.614541205150134573e+01
3.560260275001961361e+01
-2.888916466392819871e+01
-3.385536313410906661e+00
1.451822813688641745e+01
-3.388011419061582874e-01
-2.125038726920640997e+01
1.831810804785805402e+01
-2.740638695615413312e+01
3.441147002691344881e+01
4.743494938105312642e-01
5.271324664469673849e+00
-2.620898849729862423e+00
-5.314068915402734739e+00
2.503665040229660477e+01
4.526997040229763059e+01
8.451088894146679964e-01
2.257322935342804016e+01
-3.775149688238790446e+01
-3.001837443722850196e+01
2.627411393930081474e+01
-1.307312682951981131e+01
3.372906199986778653e+00
-9.695672161427889790e+00
-3.253610451567751483e+01
-2.271261804698524855e+01
4.537689717907574050e+01
1.846088042418236697e+01
-4.015311774825653401e+01
1.107461604922708842e+00
-2.120705688776344289e+01
-5.632872720703682390e+00
-7.386466710524262957e+00
3.287674246330749384e+01
3.019774735525163933e+01
-1.401916107310152526e+01
4.036699383742374181e+01
4.062754018958345625e+01
3.319194766607152758e+01
1.685011518121078922e+01
4.546236937806424905e+00
-5.783470430649860816e+01
-5.990936698927738391e+00
1.947610108124797179e+01
2.958973292289384460e+01
9.443867950299168257e+00
-1.291786060185599361e+01
3.585779324477397267e+01
2.293932928794947657e+01
4.271822834270523117e+01
-4.901491511769171083e+00
-1.321749955553993061e+01
-2.339735343706603188e-02
3.305938193216348964e+01
-1.219331876087738564e+01
2.686086773251280135e+01
-5.047241296827027490e-01
-4.650339133183616802e+00
-2.170629749399326869e+01
5.226299571414260825e+00
-1.116696888361255269e+01
1.937216844715254283e+01
-2.588348020495055479e+01
-7.931625819018444545e+00
6.927297479326408158e+00
5.787113494326733587e+01
-1.377658164338730007e+00
-5.361341694448875650e+00
-2.673221454789429075e+00
1.912616014380777330e+00
1.588569919179185774e+01
3.200689671394144398e+01
2.840269922286801574e+01
4.424373182802642646e+01
3.795589577317903718e+01
-4.385330012631922614e+01
-1.852242777334573987e+01
-7.370530645073212206e+00
3.884932420112282792e+00
1.622220842287843112e+01
-7.243562870541128973e+01
1.504836001639559129e+01
2.072854837928134231e+01
-1.843695944715086554e+01
9.456473429694709054e+00
1.541691718355649598e+01
-8.222264570163415609e-01
2.216049302336788429e+01
-3.610730017117699919e+00
1.001637215430205430e+01
-1.987694766645572031e+01
-4.559707583224698269e+00
1.544027616891696653e+01
-1.006082925335056721e+00
4.438387838073513336e+00
-4.878563016614410230e+01
3.400436094393827346e+01
-4.131685939161083354e+01
2.366106556389598126e+01
-1.958214215043128092e+01
1.477677939043058686e+01
1.131602436875881423e+01
6.843568589121238332e+00
1.574053590861332097e+01
-5.857801982068350810e+01
-1.011171378798550968e+01
-4.322912641190394112e+01
-1.525614667863100848e+01
6.261981328129680335e+00
-3.530515506419529714e+00
-1.838253539435553918e+01
2.139546701658666095e+01
8.715920025088134793e+00
2.489139084156601456e+01
5.504235812196331068e+00
-9.821169517788336245e-01
2.184525092504776467e+01
-1.859856883196076893e+01
1.776130808240520054e+01
3.032399328122130200e+00
-3.729688873312078101e+01
1.721172428648270980e+01
5.505389279545671144e+00
8.417013807173228113e-01
-3.766448847102596176e+01
4.497659760920635463e+00
-4.802860982405218948e+01
-3.985624718720024617e+01
-5.532097628142978785e+00
-4.205130617423365891e+01
2.917373355114887445e+01
-1.425457962204650997e+01
-1.639058610048432385e+01
5.946147442189539056e+00
2.603607090183122352e+01
1.722370287092259744e+01
1.752565761383096543e+01
-4.361691602882548757e+00
5.500858506100504997e+01
2.655608757569375644e+00
-2.942905815036712447e+00
1.660042184968903811e+01
-1.926158803367590489e+00
-3.356569927096008854e+01
3.378098130437357582e+01
3.291548753658130266e+01
2.388645121897860157e+00
5.884399008748295046e+01
-1.758076463263089551e+01
-5.211388647521077644e+01
-2.055994674432189129e+01
-1.168214611612137510e+01
1.080415888173816175e+00
-2.618772705169692472e+01
-4.110202350603321975e+01
-2.075624877527761925e+01
3.902751270733695321e+01
-4.303447236859652136e+00
3.584346372811189951e+01
-3.082257388910182172e+01
-1.394079434913121673e+01
5.866583062797769799e+01
4.931507425612580597e+00
-1.706699489396698510e+01
-4.675945619392033459e-01
1.948407069598747654e+01
2.296997402625689588e+01
-3.008771532810996874e+01
-8.698150585313489946e-01
-4.724033009023669294e+00
-1.922344491889193918e+01
2.536466129935119085e+01
-4.483432636405209948e+00
-3.328904520096570252e+01
1.591035509202156462e+01
4.295850458249051940e+01
5.843030862086266097e+01
-1.485518438218333870e+01
-8.523720451590806491e+00
-3.823550374183407285e+01
-1.884142188970541909e+01
-4.468616377056406463e+00
-5.422110928393725260e+01
3.731139251508447074e+01
2.836551871535043290e+01
5.968039784525827685e+01
3.246057228713058151e+01
-5.715506642761192246e+00
-1.882181702241721055e+01
2.844298842437900277e+01
1.268581025788425976e+01
2.392561969595184834e+01
6.873352667383693770e+00
-4.540612344373602127e+01
-5.264842620076702673e+00
-2.143276990486887357e+01
-4.463944814831977936e+01
1.593128380898503060e+01
-3.768963173891746621e+00
1.788765738967083152e+01
-1.968328909420033579e+00
3.928204135288191168e+01
2.206742424419358173e+01
2.059781994121583182e+01
1.125236981344372467e+01
-2.967194679765322363e+01
3.316139371724929674e+01
2.681824766983376662e+01
-9.872956405499374810e+00
-1.637890348230705939e+01
-1.282663807311637427e+01
1.881323516550088826e+01
5.521484517399785119e+01
1.082486313567249070e+01
-2.224346380349986330e+00
6.644804947402914053e+00
3.411713307558856911e+01
-7.189977069024291012e+00
-3.832120374885197744e+00
-1.171675330863373787e+01
-2.371144556479296739e+01
-4.868944951175365077e+01
3.775761149025949237e+01
-4.201303609568840969e+00
3.882012092941069081e+00
1.816052066288963118e+01
1.710069324831000870e+01
2.684605320902497283e+01
-2.149757864859452638e+00
5.085121895763007771e+00
2.736768382351109352e+01
-5.593121871691465685e+00
-1.128513301435127403e+01
-1.376042348496400969e+01
-1.173648601201890607e+01
1.104079107970448348e+01
2.023181785473504846e+01
-6.418363854887492614e+00
-2.753414527432079595e+01
-2.786416434002162434e-01
-3.007729166119765551e+01
1.112126603462348129e+01
-9.523940335320403960e+00
-8.259647033940431982e+00
1.244285904453122171e+01
-1.517233937768435226e+01
-2.989991659470296881e+01
2.068221573545721270e+01
-2.869576881439512306e+01
-1.883881641435886767e+00
2.755832436056729762e+01
-1.736747722219766921e-02
4.051243449521797046e+00
9.323376591825846660e+00
-4.347226374395588344e+00
1.633423304424427513e+00
5.849023635618937789e+00
3.035989173746647651e+01
-1.597899428593379634e+00
7.012911594159748851e+00
4.167187514316154306e+01
-3.047725325718876022e+01
2.214513472033954855e+01
-5.656913129742602564e+01
-8.214537012619500089e+00
3.083078615621988305e+01
-2.719371107312840508e+01
-3.190585936815104162e+00
-3.659831971700904063e+01
-1.615827947736521963e+01
2.189372619457224900e+01
-2.641780461312164974e+01
-8.321486384122199098e+00
2.913712392773869908e+01
-5.641517690591074086e+01
-4.422336477024627754e+01
-8.255282839780777238e+01
1.153079012171587259e+00
-6.082919525186069620e+01
8.398868862843926308e+00
-1.231846392423863534e+01
2.303120963511687336e+01
3.624648002817181691e+01
-4.860652941952034212e+01
1.179607152786825353e+01
-1.673596990954310471e+01
-5.068804189279894956e+01
-1.662789029380224548e+01
2.999909674901186918e+01
1.326411835987842025e+01
-1.583530696143622407e+01
1.168013718360613407e+00
6.596218170201672137e+01
-5.934057826966868987e+01
2.903284871121786459e+00
-3.796169853446305353e+01
-5.076375519258683511e+01
-9.979919299593108306e+00
-3.444338941313149860e+01
1.248991312810143839e+01
-1.754169099980896718e+01
-1.708046944027888969e+01
-3.163122906166707082e+01
-2.703069534534133567e+01
-2.756375768075879762e+01
2.529107557795036598e+01
-1.258991253975357871e+01
2.336916454807228405e+01
1.693595695773974397e+00
-1.827397267330031738e+01
2.111281455578394883e+01
4.202032963449421743e+01
2.725103824666283359e+01
2.249403509809002344e+01
1.755027915522274284e+01
5.522765577841188644e+01
2.080540171681326100e+00
-2.502628969933794068e+01
-6.095054406446427819e+00
7.849757138159880299e+01
3.034294336098853240e+00
-3.063206749695587305e+01
1.699609712120803096e+01
3.280434607794104807e+01
1.643627863390054245e+01
2.044966255159399537e+01
5.210699897117692991e+00
8.170415159733485311e+00
1.782052609245062769e+01
3.278073407847649179e+01
2.733090764136446893e+01
-1.583272606716459308e-01
7.477071088151936351e+01
7.785473884340190054e+00
-5.375416899369847457e+00
1.473684067642612661e+01
3.068010073900747159e+01
3.445228671894577843e+01
4.346016774342152189e+01
-1.708302077311227762e+01
2.534391343092072546e+01
3.469645468012904299e+00
-3.228208911191187980e+01
3.881682734756479647e+01
2.055614532190327193e+00
9.455628565167716104e+00
1.654410794552366681e+01
4.777023568384982610e+01
-9.782545844808982594e+00
1.164071404872145443e+01
-1.819130171416598074e+01
2.377633031799313557e+01
1.335312599346048046e+01
-5.649552733741904476e+00
3.178865157726788127e+01
2.487159829700784641e+01
-4.683709059999658564e+01
-4.652258358649481096e+01
3.184615430605437059e+00
5.003713456776623048e+00
2.370871259235075001e+01
-1.260223564545252017e+01
-5.118723103824267184e+01
-9.209397707043740056e+00
-2.691210996795611265e+00
-2.651943613864652161e+00
1.583413768275600475e+01
-1.226954588634416510e+01
1.534562440420488016e+01
3.458842204909076656e+01
-3.669764850893772135e+00
-5.175883309868576987e+01
1.969161407485956516e+01
-4.100321797168304983e+01
7.110836698791830557e+00
-3.337128131384839946e+01
-2.547117150848059453e+01
3.493425089417793572e+01
3.370709632493078800e+01
1.568598247358587727e+01
-4.510310415938803885e+00
6.300560136031624126e+01
3.641755055381528905e+01
-1.755530306206106417e+01
7.758346572707844224e+00
-7.037786495697273992e+00
-1.695969163640398136e+01
-1.450205305720865567e+01
-3.652653286798227583e+01
4.642326853150560595e+01
2.632091017407523381e+00
-1.652886871232210098e+01
-4.904914380576728661e+01
-5.295065172396987707e-01
1.633322460378948193e+01
-1.004382693664672743e+01
7.594675109210633490e-01
-1.710199014807360385e+01
3.225393585741097979e+01
4.665579540403137493e+00
-2.720314904984643434e+01
-3.045470130224473770e+00
1.839989334238831020e+01
1.597306277303265887e+01
7.835065645514897703e+00
5.460614853052661033e+01
-6.170096588960298334e+00
-9.256368052892355536e+00
-7.338122963357305295e+00
-5.242564526750208564e+00
5.286066961311948198e+00
-1.387513733988995313e+01
-1.047026419395307073e+01
-2.973820589762944877e+01
-1.700051255373555392e+01
1.343022993656201436e+01
-1.291320662201557923e+01
6.473199231628841588e+00
1.402534750703539501e+01
3.098585256515946185e+00
-1.041781029006866888e+01
-4.384910368653954116e+00
1.342032256397153489e+01
-6.698641933733031806e+01
-2.528542431322952755e+00
3.058281025746748227e+01
-2.228189884514629782e+01
4.415249005972895446e+01
4.635895858719550233e+01
2.521835653826529366e+01
-2.502141850407964441e+01
2.554430685650756416e+01
1.150085827956929485e+01
1.507262093368505340e+01
-2.358194706423886799e+01
-3.856206757112838091e+01
-1.242990792145051815e+00
-2.335359031383572415e+01
-3.120442375252335410e+01
-2.900330296285019926e+01
3.866438678327622114e+01
1.311436980550365661e+01
-2.330487765084540897e+01
-5.096926804629162699e-01
3.016633583076569636e+01
-6.222535366878231500e+00
3.229925264242444971e+00
-1.367583810026571145e+00
3.954145223870614956e+00
-1.515988152163479086e+01
3.186598233247289969e+01
-1.834573160538022307e+01
-4.725051682775870177e+00
1.277725693071244351e+01
2.320775953554209181e+01
1.587339894646606098e+01
-3.533761575480383499e+01
-2.272076206607476934e+01
-3.132706444952169278e+01
-3.049800769431420733e+01
5.586274402677649853e+00
-4.796317276269749641e+01
-8.661064735822238347e+00
2.789410558257371520e+01
2.320219593379317047e+01
-7.996459993923775755e+01
-1.761491999801923924e+01
2.228079922676421631e+01
-1.146681579858487154e+01
-4.356622004300832884e+01
5.781061804848584984e+01
3.525262344622051103e+01
-1.297710000371579220e+01
1.346218610651057856e+00
-4.085389879952872860e+01
3.387530696973998090e+01
-2.917312108072148646e+01
-2.513242025104347910e+00
5.202609082057281853e+01
2.239605614909948361e+00
2.129404498021175840e+01
-5.969237890503272581e+00
-2.599627513922527555e+01
1.658857565285721591e+01
6.080578192307777741e+00
-2.324809520215778136e+01
7.279810662455686199e+00
-6.092224092463458085e+00
7.801688482904400423e+00
-4.279849609959781276e+01
